tx_id,utr5_sequence,cds_sequence,split,SystematicName,Protein_abundance,pred_TE_5U
RPL8A_WT,CCGACGCAAACAAATTGGAAAAACCAACGCAAAAAAAAAAAGACGCTAAATTGTTTATAAAGGCGAGGAATTTGTATCTATCAATTACTATTCCAGTTGTCAGTTTACATTGCTTACCCTCTATTATCACATCAAAACAACTAATTCGAA,ATGGTGAGCAAGGGCGAGGAGCTGTTCACCGGGGTGGTGCCCATCCTGGTC,test,RPL8A,,0.10310405492782593
RPL8A_0,CCGACGCAAACAAATTGGAAAAACCAACGCAAAAAAAAAAAGACGCTAAATTGTTTATAAAGGCGAGGAATTTGTATCTATCAATTACTATTCCAGTTGTCAGTTTACATTGCTTACCCTCTATTATCACATCAAAACAACCGACCCGTT,ATGGTGAGCAAGGGCGAGGAGCTGTTCACCGGGGTGGTGCCCATCCTGGTC,test,RPL8A,9.728672365901,-0.14194607734680176
RPL8A_1,CCGACGCAAACAAATTGGAAAAACCAACGCAAAAAAAAAAAGACGCTAAATTGTTTATAAAGGCGAGGAATTTGTATCTATCAATTACTATTCCAGTTGTCAGTTTACATTGCTTACCCTCTATTATCACATCAAAACAAAATCTACGTT,ATGGTGAGCAAGGGCGAGGAGCTGTTCACCGGGGTGGTGCCCATCCTGGTC,test,RPL8A,11.6592861919733,-0.1017373725771904
RPL8A_2,CCGACGCAAACAAATTGGAAAAACCAACGCAAAAAAAAAAAGACGCTAAATTGTTTATAAAGGCGAGGAATTTGTATCTATCAATTACTATTCCAGTTGTCAGTTTACATTGCTTACCCTCTATTATCACATCAAAACAAATCGGAAGTT,ATGGTGAGCAAGGGCGAGGAGCTGTTCACCGGGGTGGTGCCCATCCTGGTC,test,RPL8A,11.4748832291549,-0.396323561668396
RPL8A_3,CCGACGCAAACAAATTGGAAAAACCAACGCAAAAAAAAAAAGACGCTAAATTGTTTATAAAGGCGAGGAATTTGTATCTATCAATTACTATTCCAGTTGTCAGTTTACATTGCTTACCCTCTATTATCACATCAAAACAATTCCAGCCTT,ATGGTGAGCAAGGGCGAGGAGCTGTTCACCGGGGTGGTGCCCATCCTGGTC,test,RPL8A,3.85509159238037,-0.12478873878717422
RPL8A_4,CCGACGCAAACAAATTGGAAAAACCAACGCAAAAAAAAAAAGACGCTAAATTGTTTATAAAGGCGAGGAATTTGTATCTATCAATTACTATTCCAGTTGTCAGTTTACATTGCTTACCCTCTATTATCACATCAAAACAACTTACACCTT,ATGGTGAGCAAGGGCGAGGAGCTGTTCACCGGGGTGGTGCCCATCCTGGTC,test,RPL8A,2.52204969348277,0.023436501622200012
RPL8A_5,CCGACGCAAACAAATTGGAAAAACCAACGCAAAAAAAAAAAGACGCTAAATTGTTTATAAAGGCGAGGAATTTGTATCTATCAATTACTATTCCAGTTGTCAGTTTACATTGCTTACCCTCTATTATCACATCAAAACAAAAAAAACCTT,ATGGTGAGCAAGGGCGAGGAGCTGTTCACCGGGGTGGTGCCCATCCTGGTC,test,RPL8A,7.83509078240481,-0.22246110439300537
RPL8A_6,CCGACGCAAACAAATTGGAAAAACCAACGCAAAAAAAAAAAGACGCTAAATTGTTTATAAAGGCGAGGAATTTGTATCTATCAATTACTATTCCAGTTGTCAGTTTACATTGCTTACCCTCTATTATCACATCAAAACAAACGATCACTT,ATGGTGAGCAAGGGCGAGGAGCTGTTCACCGGGGTGGTGCCCATCCTGGTC,test,RPL8A,8.18688973469926,0.03705355525016785
RPL8A_7,CCGACGCAAACAAATTGGAAAAACCAACGCAAAAAAAAAAAGACGCTAAATTGTTTATAAAGGCGAGGAATTTGTATCTATCAATTACTATTCCAGTTGTCAGTTTACATTGCTTACCCTCTATTATCACATCAAAACAAATCATCACTT,ATGGTGAGCAAGGGCGAGGAGCTGTTCACCGGGGTGGTGCCCATCCTGGTC,test,RPL8A,7.34653925279175,0.06505421549081802
RPL8A_8,CCGACGCAAACAAATTGGAAAAACCAACGCAAAAAAAAAAAGACGCTAAATTGTTTATAAAGGCGAGGAATTTGTATCTATCAATTACTATTCCAGTTGTCAGTTTACATTGCTTACCCTCTATTATCACATCAAAACAACGACCATATT,ATGGTGAGCAAGGGCGAGGAGCTGTTCACCGGGGTGGTGCCCATCCTGGTC,test,RPL8A,7.43283327032963,0.01482582837343216
RPL8A_9,CCGACGCAAACAAATTGGAAAAACCAACGCAAAAAAAAAAAGACGCTAAATTGTTTATAAAGGCGAGGAATTTGTATCTATCAATTACTATTCCAGTTGTCAGTTTACATTGCTTACCCTCTATTATCACATCAAAACAAAAAATCCATT,ATGGTGAGCAAGGGCGAGGAGCTGTTCACCGGGGTGGTGCCCATCCTGGTC,test,RPL8A,11.7454317265335,-0.16150856018066406
RPL8A_10,CCGACGCAAACAAATTGGAAAAACCAACGCAAAAAAAAAAAGACGCTAAATTGTTTATAAAGGCGAGGAATTTGTATCTATCAATTACTATTCCAGTTGTCAGTTTACATTGCTTACCCTCTATTATCACATCAAAACAACAAACCCATT,ATGGTGAGCAAGGGCGAGGAGCTGTTCACCGGGGTGGTGCCCATCCTGGTC,test,RPL8A,11.6498733798014,-0.10769806057214737
RPL8A_11,CCGACGCAAACAAATTGGAAAAACCAACGCAAAAAAAAAAAGACGCTAAATTGTTTATAAAGGCGAGGAATTTGTATCTATCAATTACTATTCCAGTTGTCAGTTTACATTGCTTACCCTCTATTATCACATCAAAACAAAAATACCATT,ATGGTGAGCAAGGGCGAGGAGCTGTTCACCGGGGTGGTGCCCATCCTGGTC,test,RPL8A,10.6100473716339,-0.2222065031528473
RPL8A_12,CCGACGCAAACAAATTGGAAAAACCAACGCAAAAAAAAAAAGACGCTAAATTGTTTATAAAGGCGAGGAATTTGTATCTATCAATTACTATTCCAGTTGTCAGTTTACATTGCTTACCCTCTATTATCACATCAAAACAACACAAACATT,ATGGTGAGCAAGGGCGAGGAGCTGTTCACCGGGGTGGTGCCCATCCTGGTC,test,RPL8A,9.67432141340174,0.0005013849586248398
RPL8A_13,CCGACGCAAACAAATTGGAAAAACCAACGCAAAAAAAAAAAGACGCTAAATTGTTTATAAAGGCGAGGAATTTGTATCTATCAATTACTATTCCAGTTGTCAGTTTACATTGCTTACCCTCTATTATCACATCAAAACAACCGCATAATT,ATGGTGAGCAAGGGCGAGGAGCTGTTCACCGGGGTGGTGCCCATCCTGGTC,test,RPL8A,9.1875543695369,-0.06297468394041061
RPL8A_14,CCGACGCAAACAAATTGGAAAAACCAACGCAAAAAAAAAAAGACGCTAAATTGTTTATAAAGGCGAGGAATTTGTATCTATCAATTACTATTCCAGTTGTCAGTTTACATTGCTTACCCTCTATTATCACATCAAAACAACACGCCAATT,ATGGTGAGCAAGGGCGAGGAGCTGTTCACCGGGGTGGTGCCCATCCTGGTC,test,RPL8A,11.3982108159718,-0.13025328516960144
RPL8A_15,CCGACGCAAACAAATTGGAAAAACCAACGCAAAAAAAAAAAGACGCTAAATTGTTTATAAAGGCGAGGAATTTGTATCTATCAATTACTATTCCAGTTGTCAGTTTACATTGCTTACCCTCTATTATCACATCAAAACAAAGGAACAATT,ATGGTGAGCAAGGGCGAGGAGCTGTTCACCGGGGTGGTGCCCATCCTGGTC,test,RPL8A,10.4364499570542,-0.12771755456924438
RPL8A_16,CCGACGCAAACAAATTGGAAAAACCAACGCAAAAAAAAAAAGACGCTAAATTGTTTATAAAGGCGAGGAATTTGTATCTATCAATTACTATTCCAGTTGTCAGTTTACATTGCTTACCCTCTATTATCACATCAAAACAAGCTAGAAATT,ATGGTGAGCAAGGGCGAGGAGCTGTTCACCGGGGTGGTGCCCATCCTGGTC,test,RPL8A,11.8547689534228,-0.0496661439538002
RPL8A_17,CCGACGCAAACAAATTGGAAAAACCAACGCAAAAAAAAAAAGACGCTAAATTGTTTATAAAGGCGAGGAATTTGTATCTATCAATTACTATTCCAGTTGTCAGTTTACATTGCTTACCCTCTATTATCACATCAAAACAAACCAAAAATT,ATGGTGAGCAAGGGCGAGGAGCTGTTCACCGGGGTGGTGCCCATCCTGGTC,test,RPL8A,10.5764963432331,-0.10052994638681412
RPL8A_18,CCGACGCAAACAAATTGGAAAAACCAACGCAAAAAAAAAAAGACGCTAAATTGTTTATAAAGGCGAGGAATTTGTATCTATCAATTACTATTCCAGTTGTCAGTTTACATTGCTTACCCTCTATTATCACATCAAAACAAGAACGCCGGT,ATGGTGAGCAAGGGCGAGGAGCTGTTCACCGGGGTGGTGCCCATCCTGGTC,test,RPL8A,9.41031796547461,-0.3768148124217987
RPL8A_19,CCGACGCAAACAAATTGGAAAAACCAACGCAAAAAAAAAAAGACGCTAAATTGTTTATAAAGGCGAGGAATTTGTATCTATCAATTACTATTCCAGTTGTCAGTTTACATTGCTTACCCTCTATTATCACATCAAAACAAGCGTCCAGGT,ATGGTGAGCAAGGGCGAGGAGCTGTTCACCGGGGTGGTGCCCATCCTGGTC,test,RPL8A,10.7942109603926,-0.30381283164024353
RPL8A_20,CCGACGCAAACAAATTGGAAAAACCAACGCAAAAAAAAAAAGACGCTAAATTGTTTATAAAGGCGAGGAATTTGTATCTATCAATTACTATTCCAGTTGTCAGTTTACATTGCTTACCCTCTATTATCACATCAAAACAAAAACAAAGGT,ATGGTGAGCAAGGGCGAGGAGCTGTTCACCGGGGTGGTGCCCATCCTGGTC,test,RPL8A,9.98296819361312,-0.3808169364929199
RPL8A_21,CCGACGCAAACAAATTGGAAAAACCAACGCAAAAAAAAAAAGACGCTAAATTGTTTATAAAGGCGAGGAATTTGTATCTATCAATTACTATTCCAGTTGTCAGTTTACATTGCTTACCCTCTATTATCACATCAAAACAAAAACGCTCGT,ATGGTGAGCAAGGGCGAGGAGCTGTTCACCGGGGTGGTGCCCATCCTGGTC,test,RPL8A,10.3517003432401,-0.4420695900917053
RPL8A_22,CCGACGCAAACAAATTGGAAAAACCAACGCAAAAAAAAAAAGACGCTAAATTGTTTATAAAGGCGAGGAATTTGTATCTATCAATTACTATTCCAGTTGTCAGTTTACATTGCTTACCCTCTATTATCACATCAAAACAAATAAAAGCGT,ATGGTGAGCAAGGGCGAGGAGCTGTTCACCGGGGTGGTGCCCATCCTGGTC,test,RPL8A,7.0153611438194,-0.40855419635772705
RPL8A_23,CCGACGCAAACAAATTGGAAAAACCAACGCAAAAAAAAAAAGACGCTAAATTGTTTATAAAGGCGAGGAATTTGTATCTATCAATTACTATTCCAGTTGTCAGTTTACATTGCTTACCCTCTATTATCACATCAAAACAAATCTATCCGT,ATGGTGAGCAAGGGCGAGGAGCTGTTCACCGGGGTGGTGCCCATCCTGGTC,test,RPL8A,9.33434073488993,-0.38503652811050415
RPL8A_24,CCGACGCAAACAAATTGGAAAAACCAACGCAAAAAAAAAAAGACGCTAAATTGTTTATAAAGGCGAGGAATTTGTATCTATCAATTACTATTCCAGTTGTCAGTTTACATTGCTTACCCTCTATTATCACATCAAAACAATCCACCCCGT,ATGGTGAGCAAGGGCGAGGAGCTGTTCACCGGGGTGGTGCCCATCCTGGTC,test,RPL8A,7.89180802698903,-0.17721900343894958
RPL8A_25,CCGACGCAAACAAATTGGAAAAACCAACGCAAAAAAAAAAAGACGCTAAATTGTTTATAAAGGCGAGGAATTTGTATCTATCAATTACTATTCCAGTTGTCAGTTTACATTGCTTACCCTCTATTATCACATCAAAACAAAATCACCCGT,ATGGTGAGCAAGGGCGAGGAGCTGTTCACCGGGGTGGTGCCCATCCTGGTC,test,RPL8A,5.415063261336,-0.4596761167049408
RPL8A_26,CCGACGCAAACAAATTGGAAAAACCAACGCAAAAAAAAAAAGACGCTAAATTGTTTATAAAGGCGAGGAATTTGTATCTATCAATTACTATTCCAGTTGTCAGTTTACATTGCTTACCCTCTATTATCACATCAAAACAAACAAACCCGT,ATGGTGAGCAAGGGCGAGGAGCTGTTCACCGGGGTGGTGCCCATCCTGGTC,test,RPL8A,8.85058198417702,-0.4720790386199951
RPL8A_27,CCGACGCAAACAAATTGGAAAAACCAACGCAAAAAAAAAAAGACGCTAAATTGTTTATAAAGGCGAGGAATTTGTATCTATCAATTACTATTCCAGTTGTCAGTTTACATTGCTTACCCTCTATTATCACATCAAAACAATTAAAGACGT,ATGGTGAGCAAGGGCGAGGAGCTGTTCACCGGGGTGGTGCCCATCCTGGTC,test,RPL8A,3.52984141892776,-0.3134526014328003
RPL8A_28,CCGACGCAAACAAATTGGAAAAACCAACGCAAAAAAAAAAAGACGCTAAATTGTTTATAAAGGCGAGGAATTTGTATCTATCAATTACTATTCCAGTTGTCAGTTTACATTGCTTACCCTCTATTATCACATCAAAACAAACCCGCACGT,ATGGTGAGCAAGGGCGAGGAGCTGTTCACCGGGGTGGTGCCCATCCTGGTC,test,RPL8A,9.34928290831126,0.05522071197628975
RPL8A_29,CCGACGCAAACAAATTGGAAAAACCAACGCAAAAAAAAAAAGACGCTAAATTGTTTATAAAGGCGAGGAATTTGTATCTATCAATTACTATTCCAGTTGTCAGTTTACATTGCTTACCCTCTATTATCACATCAAAACAACCCAACACGT,ATGGTGAGCAAGGGCGAGGAGCTGTTCACCGGGGTGGTGCCCATCCTGGTC,test,RPL8A,3.57593733315735,-0.16686350107192993
RPL8A_30,CCGACGCAAACAAATTGGAAAAACCAACGCAAAAAAAAAAAGACGCTAAATTGTTTATAAAGGCGAGGAATTTGTATCTATCAATTACTATTCCAGTTGTCAGTTTACATTGCTTACCCTCTATTATCACATCAAAACAAAACCTTGAGT,ATGGTGAGCAAGGGCGAGGAGCTGTTCACCGGGGTGGTGCCCATCCTGGTC,test,RPL8A,8.66235393727805,-0.48270177841186523
RPL8A_31,CCGACGCAAACAAATTGGAAAAACCAACGCAAAAAAAAAAAGACGCTAAATTGTTTATAAAGGCGAGGAATTTGTATCTATCAATTACTATTCCAGTTGTCAGTTTACATTGCTTACCCTCTATTATCACATCAAAACAAGCGCCGGAGT,ATGGTGAGCAAGGGCGAGGAGCTGTTCACCGGGGTGGTGCCCATCCTGGTC,test,RPL8A,8.2229038513489,-0.34437692165374756
RPL8A_32,CCGACGCAAACAAATTGGAAAAACCAACGCAAAAAAAAAAAGACGCTAAATTGTTTATAAAGGCGAGGAATTTGTATCTATCAATTACTATTCCAGTTGTCAGTTTACATTGCTTACCCTCTATTATCACATCAAAACAAACCCCCGAGT,ATGGTGAGCAAGGGCGAGGAGCTGTTCACCGGGGTGGTGCCCATCCTGGTC,test,RPL8A,11.0893127090483,-0.34407752752304077
RPL8A_33,CCGACGCAAACAAATTGGAAAAACCAACGCAAAAAAAAAAAGACGCTAAATTGTTTATAAAGGCGAGGAATTTGTATCTATCAATTACTATTCCAGTTGTCAGTTTACATTGCTTACCCTCTATTATCACATCAAAACAACTGGCAGAGT,ATGGTGAGCAAGGGCGAGGAGCTGTTCACCGGGGTGGTGCCCATCCTGGTC,test,RPL8A,8.25715083031137,-0.3536672592163086
RPL8A_34,CCGACGCAAACAAATTGGAAAAACCAACGCAAAAAAAAAAAGACGCTAAATTGTTTATAAAGGCGAGGAATTTGTATCTATCAATTACTATTCCAGTTGTCAGTTTACATTGCTTACCCTCTATTATCACATCAAAACAACCAAGGCAGT,ATGGTGAGCAAGGGCGAGGAGCTGTTCACCGGGGTGGTGCCCATCCTGGTC,test,RPL8A,8.29755973250169,-0.19002866744995117
RPL8A_35,CCGACGCAAACAAATTGGAAAAACCAACGCAAAAAAAAAAAGACGCTAAATTGTTTATAAAGGCGAGGAATTTGTATCTATCAATTACTATTCCAGTTGTCAGTTTACATTGCTTACCCTCTATTATCACATCAAAACAACAGCGCCAGT,ATGGTGAGCAAGGGCGAGGAGCTGTTCACCGGGGTGGTGCCCATCCTGGTC,test,RPL8A,7.18089326538729,-0.384706050157547
RPL8A_36,CCGACGCAAACAAATTGGAAAAACCAACGCAAAAAAAAAAAGACGCTAAATTGTTTATAAAGGCGAGGAATTTGTATCTATCAATTACTATTCCAGTTGTCAGTTTACATTGCTTACCCTCTATTATCACATCAAAACAAGCACTACAGT,ATGGTGAGCAAGGGCGAGGAGCTGTTCACCGGGGTGGTGCCCATCCTGGTC,test,RPL8A,11.4094654289618,-0.08254451304674149
RPL8A_37,CCGACGCAAACAAATTGGAAAAACCAACGCAAAAAAAAAAAGACGCTAAATTGTTTATAAAGGCGAGGAATTTGTATCTATCAATTACTATTCCAGTTGTCAGTTTACATTGCTTACCCTCTATTATCACATCAAAACAAGTCCAGAAGT,ATGGTGAGCAAGGGCGAGGAGCTGTTCACCGGGGTGGTGCCCATCCTGGTC,test,RPL8A,11.319279676834,-0.0655895546078682
RPL8A_38,CCGACGCAAACAAATTGGAAAAACCAACGCAAAAAAAAAAAGACGCTAAATTGTTTATAAAGGCGAGGAATTTGTATCTATCAATTACTATTCCAGTTGTCAGTTTACATTGCTTACCCTCTATTATCACATCAAAACAAGCCCAGAAGT,ATGGTGAGCAAGGGCGAGGAGCTGTTCACCGGGGTGGTGCCCATCCTGGTC,test,RPL8A,9.88270025154328,-0.06499405950307846
RPL8A_39,CCGACGCAAACAAATTGGAAAAACCAACGCAAAAAAAAAAAGACGCTAAATTGTTTATAAAGGCGAGGAATTTGTATCTATCAATTACTATTCCAGTTGTCAGTTTACATTGCTTACCCTCTATTATCACATCAAAACAAGACCCAAAGT,ATGGTGAGCAAGGGCGAGGAGCTGTTCACCGGGGTGGTGCCCATCCTGGTC,test,RPL8A,9.38819960435773,-0.30839401483535767
RPL8A_40,CCGACGCAAACAAATTGGAAAAACCAACGCAAAAAAAAAAAGACGCTAAATTGTTTATAAAGGCGAGGAATTTGTATCTATCAATTACTATTCCAGTTGTCAGTTTACATTGCTTACCCTCTATTATCACATCAAAACAAAAACCAAAGT,ATGGTGAGCAAGGGCGAGGAGCTGTTCACCGGGGTGGTGCCCATCCTGGTC,test,RPL8A,9.67592207396216,-0.3216955363750458
RPL8A_41,CCGACGCAAACAAATTGGAAAAACCAACGCAAAAAAAAAAAGACGCTAAATTGTTTATAAAGGCGAGGAATTTGTATCTATCAATTACTATTCCAGTTGTCAGTTTACATTGCTTACCCTCTATTATCACATCAAAACAACCCAATCTCT,ATGGTGAGCAAGGGCGAGGAGCTGTTCACCGGGGTGGTGCCCATCCTGGTC,test,RPL8A,8.07895201777633,-0.16113382577896118
RPL8A_42,CCGACGCAAACAAATTGGAAAAACCAACGCAAAAAAAAAAAGACGCTAAATTGTTTATAAAGGCGAGGAATTTGTATCTATCAATTACTATTCCAGTTGTCAGTTTACATTGCTTACCCTCTATTATCACATCAAAACAAACAACCCTCT,ATGGTGAGCAAGGGCGAGGAGCTGTTCACCGGGGTGGTGCCCATCCTGGTC,test,RPL8A,7.29704866733748,-0.15567198395729065
RPL8A_43,CCGACGCAAACAAATTGGAAAAACCAACGCAAAAAAAAAAAGACGCTAAATTGTTTATAAAGGCGAGGAATTTGTATCTATCAATTACTATTCCAGTTGTCAGTTTACATTGCTTACCCTCTATTATCACATCAAAACAAAACCCACTCT,ATGGTGAGCAAGGGCGAGGAGCTGTTCACCGGGGTGGTGCCCATCCTGGTC,test,RPL8A,6.78478031831205,-0.25814834237098694
RPL8A_44,CCGACGCAAACAAATTGGAAAAACCAACGCAAAAAAAAAAAGACGCTAAATTGTTTATAAAGGCGAGGAATTTGTATCTATCAATTACTATTCCAGTTGTCAGTTTACATTGCTTACCCTCTATTATCACATCAAAACAAAACTAAATCT,ATGGTGAGCAAGGGCGAGGAGCTGTTCACCGGGGTGGTGCCCATCCTGGTC,test,RPL8A,8.81847674123555,-0.19192352890968323
RPL8A_45,CCGACGCAAACAAATTGGAAAAACCAACGCAAAAAAAAAAAGACGCTAAATTGTTTATAAAGGCGAGGAATTTGTATCTATCAATTACTATTCCAGTTGTCAGTTTACATTGCTTACCCTCTATTATCACATCAAAACAAACGCAAATCT,ATGGTGAGCAAGGGCGAGGAGCTGTTCACCGGGGTGGTGCCCATCCTGGTC,test,RPL8A,8.82106693895451,-0.11891306191682816
RPL8A_46,CCGACGCAAACAAATTGGAAAAACCAACGCAAAAAAAAAAAGACGCTAAATTGTTTATAAAGGCGAGGAATTTGTATCTATCAATTACTATTCCAGTTGTCAGTTTACATTGCTTACCCTCTATTATCACATCAAAACAAACCCAAATCT,ATGGTGAGCAAGGGCGAGGAGCTGTTCACCGGGGTGGTGCCCATCCTGGTC,test,RPL8A,7.73435733581253,-0.14883267879486084
RPL8A_47,CCGACGCAAACAAATTGGAAAAACCAACGCAAAAAAAAAAAGACGCTAAATTGTTTATAAAGGCGAGGAATTTGTATCTATCAATTACTATTCCAGTTGTCAGTTTACATTGCTTACCCTCTATTATCACATCAAAACAATTAACCGGCT,ATGGTGAGCAAGGGCGAGGAGCTGTTCACCGGGGTGGTGCCCATCCTGGTC,test,RPL8A,10.6679050938454,-0.43225806951522827
RPL8A_48,CCGACGCAAACAAATTGGAAAAACCAACGCAAAAAAAAAAAGACGCTAAATTGTTTATAAAGGCGAGGAATTTGTATCTATCAATTACTATTCCAGTTGTCAGTTTACATTGCTTACCCTCTATTATCACATCAAAACAACCAAACGGCT,ATGGTGAGCAAGGGCGAGGAGCTGTTCACCGGGGTGGTGCCCATCCTGGTC,test,RPL8A,7.1406206659708,-0.11761363595724106
RPL8A_49,CCGACGCAAACAAATTGGAAAAACCAACGCAAAAAAAAAAAGACGCTAAATTGTTTATAAAGGCGAGGAATTTGTATCTATCAATTACTATTCCAGTTGTCAGTTTACATTGCTTACCCTCTATTATCACATCAAAACAAAAAGCAGGCT,ATGGTGAGCAAGGGCGAGGAGCTGTTCACCGGGGTGGTGCCCATCCTGGTC,test,RPL8A,9.52923149576727,-0.4386028051376343
RPL8A_50,CCGACGCAAACAAATTGGAAAAACCAACGCAAAAAAAAAAAGACGCTAAATTGTTTATAAAGGCGAGGAATTTGTATCTATCAATTACTATTCCAGTTGTCAGTTTACATTGCTTACCCTCTATTATCACATCAAAACAACACAAAGGCT,ATGGTGAGCAAGGGCGAGGAGCTGTTCACCGGGGTGGTGCCCATCCTGGTC,test,RPL8A,6.98107745143762,-0.080191470682621
RPL8A_51,CCGACGCAAACAAATTGGAAAAACCAACGCAAAAAAAAAAAGACGCTAAATTGTTTATAAAGGCGAGGAATTTGTATCTATCAATTACTATTCCAGTTGTCAGTTTACATTGCTTACCCTCTATTATCACATCAAAACAACTCATCCGCT,ATGGTGAGCAAGGGCGAGGAGCTGTTCACCGGGGTGGTGCCCATCCTGGTC,test,RPL8A,11.3564659060038,-0.014521423727273941
RPL8A_52,CCGACGCAAACAAATTGGAAAAACCAACGCAAAAAAAAAAAGACGCTAAATTGTTTATAAAGGCGAGGAATTTGTATCTATCAATTACTATTCCAGTTGTCAGTTTACATTGCTTACCCTCTATTATCACATCAAAACAAAAACACCGCT,ATGGTGAGCAAGGGCGAGGAGCTGTTCACCGGGGTGGTGCCCATCCTGGTC,test,RPL8A,8.44029413539213,-0.14592865109443665
RPL8A_53,CCGACGCAAACAAATTGGAAAAACCAACGCAAAAAAAAAAAGACGCTAAATTGTTTATAAAGGCGAGGAATTTGTATCTATCAATTACTATTCCAGTTGTCAGTTTACATTGCTTACCCTCTATTATCACATCAAAACAATCAAACCGCT,ATGGTGAGCAAGGGCGAGGAGCTGTTCACCGGGGTGGTGCCCATCCTGGTC,test,RPL8A,10.6949358014938,-0.05918019264936447
RPL8A_54,CCGACGCAAACAAATTGGAAAAACCAACGCAAAAAAAAAAAGACGCTAAATTGTTTATAAAGGCGAGGAATTTGTATCTATCAATTACTATTCCAGTTGTCAGTTTACATTGCTTACCCTCTATTATCACATCAAAACAAAAATCACGCT,ATGGTGAGCAAGGGCGAGGAGCTGTTCACCGGGGTGGTGCCCATCCTGGTC,test,RPL8A,11.060182346084,-0.2569960057735443
RPL8A_55,CCGACGCAAACAAATTGGAAAAACCAACGCAAAAAAAAAAAGACGCTAAATTGTTTATAAAGGCGAGGAATTTGTATCTATCAATTACTATTCCAGTTGTCAGTTTACATTGCTTACCCTCTATTATCACATCAAAACAAAACAAACGCT,ATGGTGAGCAAGGGCGAGGAGCTGTTCACCGGGGTGGTGCCCATCCTGGTC,test,RPL8A,11.8130196514561,-0.47910773754119873
RPL8A_56,CCGACGCAAACAAATTGGAAAAACCAACGCAAAAAAAAAAAGACGCTAAATTGTTTATAAAGGCGAGGAATTTGTATCTATCAATTACTATTCCAGTTGTCAGTTTACATTGCTTACCCTCTATTATCACATCAAAACAAGGGAAGAGCT,ATGGTGAGCAAGGGCGAGGAGCTGTTCACCGGGGTGGTGCCCATCCTGGTC,test,RPL8A,8.71096299853986,-0.09406264871358871
RPL8A_57,CCGACGCAAACAAATTGGAAAAACCAACGCAAAAAAAAAAAGACGCTAAATTGTTTATAAAGGCGAGGAATTTGTATCTATCAATTACTATTCCAGTTGTCAGTTTACATTGCTTACCCTCTATTATCACATCAAAACAAACCGGCAGCT,ATGGTGAGCAAGGGCGAGGAGCTGTTCACCGGGGTGGTGCCCATCCTGGTC,test,RPL8A,8.35082930460735,-0.38532787561416626
RPL8A_58,CCGACGCAAACAAATTGGAAAAACCAACGCAAAAAAAAAAAGACGCTAAATTGTTTATAAAGGCGAGGAATTTGTATCTATCAATTACTATTCCAGTTGTCAGTTTACATTGCTTACCCTCTATTATCACATCAAAACAACCACGCAGCT,ATGGTGAGCAAGGGCGAGGAGCTGTTCACCGGGGTGGTGCCCATCCTGGTC,test,RPL8A,11.5700774353664,-0.017449889332056046
RPL8A_59,CCGACGCAAACAAATTGGAAAAACCAACGCAAAAAAAAAAAGACGCTAAATTGTTTATAAAGGCGAGGAATTTGTATCTATCAATTACTATTCCAGTTGTCAGTTTACATTGCTTACCCTCTATTATCACATCAAAACAAATTCTAAGCT,ATGGTGAGCAAGGGCGAGGAGCTGTTCACCGGGGTGGTGCCCATCCTGGTC,test,RPL8A,10.6877586757183,-0.21722257137298584
RPL8A_60,CCGACGCAAACAAATTGGAAAAACCAACGCAAAAAAAAAAAGACGCTAAATTGTTTATAAAGGCGAGGAATTTGTATCTATCAATTACTATTCCAGTTGTCAGTTTACATTGCTTACCCTCTATTATCACATCAAAACAACAAAAAAGCT,ATGGTGAGCAAGGGCGAGGAGCTGTTCACCGGGGTGGTGCCCATCCTGGTC,test,RPL8A,11.307084511117,-0.13705483078956604
RPL8A_61,CCGACGCAAACAAATTGGAAAAACCAACGCAAAAAAAAAAAGACGCTAAATTGTTTATAAAGGCGAGGAATTTGTATCTATCAATTACTATTCCAGTTGTCAGTTTACATTGCTTACCCTCTATTATCACATCAAAACAACGCAAGTCCT,ATGGTGAGCAAGGGCGAGGAGCTGTTCACCGGGGTGGTGCCCATCCTGGTC,test,RPL8A,9.21363483571784,-0.20089250802993774
RPL8A_62,CCGACGCAAACAAATTGGAAAAACCAACGCAAAAAAAAAAAGACGCTAAATTGTTTATAAAGGCGAGGAATTTGTATCTATCAATTACTATTCCAGTTGTCAGTTTACATTGCTTACCCTCTATTATCACATCAAAACAACTAAACTCCT,ATGGTGAGCAAGGGCGAGGAGCTGTTCACCGGGGTGGTGCCCATCCTGGTC,test,RPL8A,9.07865066564025,0.017074625939130783
RPL8A_63,CCGACGCAAACAAATTGGAAAAACCAACGCAAAAAAAAAAAGACGCTAAATTGTTTATAAAGGCGAGGAATTTGTATCTATCAATTACTATTCCAGTTGTCAGTTTACATTGCTTACCCTCTATTATCACATCAAAACAAAAGAAATCCT,ATGGTGAGCAAGGGCGAGGAGCTGTTCACCGGGGTGGTGCCCATCCTGGTC,test,RPL8A,8.14778409499121,-0.18551355600357056
RPL8A_64,CCGACGCAAACAAATTGGAAAAACCAACGCAAAAAAAAAAAGACGCTAAATTGTTTATAAAGGCGAGGAATTTGTATCTATCAATTACTATTCCAGTTGTCAGTTTACATTGCTTACCCTCTATTATCACATCAAAACAAAAAAAATCCT,ATGGTGAGCAAGGGCGAGGAGCTGTTCACCGGGGTGGTGCCCATCCTGGTC,test,RPL8A,9.08665091255384,-0.2557806074619293
RPL8A_65,CCGACGCAAACAAATTGGAAAAACCAACGCAAAAAAAAAAAGACGCTAAATTGTTTATAAAGGCGAGGAATTTGTATCTATCAATTACTATTCCAGTTGTCAGTTTACATTGCTTACCCTCTATTATCACATCAAAACAAACACTCGCCT,ATGGTGAGCAAGGGCGAGGAGCTGTTCACCGGGGTGGTGCCCATCCTGGTC,test,RPL8A,3.63010717094888,-0.004386089742183685
RPL8A_66,CCGACGCAAACAAATTGGAAAAACCAACGCAAAAAAAAAAAGACGCTAAATTGTTTATAAAGGCGAGGAATTTGTATCTATCAATTACTATTCCAGTTGTCAGTTTACATTGCTTACCCTCTATTATCACATCAAAACAACGAGATCCCT,ATGGTGAGCAAGGGCGAGGAGCTGTTCACCGGGGTGGTGCCCATCCTGGTC,test,RPL8A,8.57145996941382,0.031633228063583374
RPL8A_67,CCGACGCAAACAAATTGGAAAAACCAACGCAAAAAAAAAAAGACGCTAAATTGTTTATAAAGGCGAGGAATTTGTATCTATCAATTACTATTCCAGTTGTCAGTTTACATTGCTTACCCTCTATTATCACATCAAAACAACTCCTGCCCT,ATGGTGAGCAAGGGCGAGGAGCTGTTCACCGGGGTGGTGCCCATCCTGGTC,test,RPL8A,8.40236197675545,-0.09421564638614655
RPL8A_68,CCGACGCAAACAAATTGGAAAAACCAACGCAAAAAAAAAAAGACGCTAAATTGTTTATAAAGGCGAGGAATTTGTATCTATCAATTACTATTCCAGTTGTCAGTTTACATTGCTTACCCTCTATTATCACATCAAAACAACCCTAGCCCT,ATGGTGAGCAAGGGCGAGGAGCTGTTCACCGGGGTGGTGCCCATCCTGGTC,test,RPL8A,8.56060768372847,-0.39964917302131653
RPL8A_69,CCGACGCAAACAAATTGGAAAAACCAACGCAAAAAAAAAAAGACGCTAAATTGTTTATAAAGGCGAGGAATTTGTATCTATCAATTACTATTCCAGTTGTCAGTTTACATTGCTTACCCTCTATTATCACATCAAAACAAATCAAGCCCT,ATGGTGAGCAAGGGCGAGGAGCTGTTCACCGGGGTGGTGCCCATCCTGGTC,test,RPL8A,10.2177249457346,-0.16569113731384277
RPL8A_70,CCGACGCAAACAAATTGGAAAAACCAACGCAAAAAAAAAAAGACGCTAAATTGTTTATAAAGGCGAGGAATTTGTATCTATCAATTACTATTCCAGTTGTCAGTTTACATTGCTTACCCTCTATTATCACATCAAAACAAACCAAGCCCT,ATGGTGAGCAAGGGCGAGGAGCTGTTCACCGGGGTGGTGCCCATCCTGGTC,test,RPL8A,8.98611866593591,-0.21217751502990723
RPL8A_71,CCGACGCAAACAAATTGGAAAAACCAACGCAAAAAAAAAAAGACGCTAAATTGTTTATAAAGGCGAGGAATTTGTATCTATCAATTACTATTCCAGTTGTCAGTTTACATTGCTTACCCTCTATTATCACATCAAAACAATCACACCCCT,ATGGTGAGCAAGGGCGAGGAGCTGTTCACCGGGGTGGTGCCCATCCTGGTC,test,RPL8A,6.12909621695064,-0.09396957606077194
RPL8A_72,CCGACGCAAACAAATTGGAAAAACCAACGCAAAAAAAAAAAGACGCTAAATTGTTTATAAAGGCGAGGAATTTGTATCTATCAATTACTATTCCAGTTGTCAGTTTACATTGCTTACCCTCTATTATCACATCAAAACAAATCGAACCCT,ATGGTGAGCAAGGGCGAGGAGCTGTTCACCGGGGTGGTGCCCATCCTGGTC,test,RPL8A,9.61299151443003,-0.3262993097305298
RPL8A_73,CCGACGCAAACAAATTGGAAAAACCAACGCAAAAAAAAAAAGACGCTAAATTGTTTATAAAGGCGAGGAATTTGTATCTATCAATTACTATTCCAGTTGTCAGTTTACATTGCTTACCCTCTATTATCACATCAAAACAAGCAGGTACCT,ATGGTGAGCAAGGGCGAGGAGCTGTTCACCGGGGTGGTGCCCATCCTGGTC,test,RPL8A,9.79085467466197,-0.052934013307094574
RPL8A_74,CCGACGCAAACAAATTGGAAAAACCAACGCAAAAAAAAAAAGACGCTAAATTGTTTATAAAGGCGAGGAATTTGTATCTATCAATTACTATTCCAGTTGTCAGTTTACATTGCTTACCCTCTATTATCACATCAAAACAACCCCGTACCT,ATGGTGAGCAAGGGCGAGGAGCTGTTCACCGGGGTGGTGCCCATCCTGGTC,test,RPL8A,8.95523408470714,-0.17942452430725098
RPL8A_75,CCGACGCAAACAAATTGGAAAAACCAACGCAAAAAAAAAAAGACGCTAAATTGTTTATAAAGGCGAGGAATTTGTATCTATCAATTACTATTCCAGTTGTCAGTTTACATTGCTTACCCTCTATTATCACATCAAAACAACAGGCTACCT,ATGGTGAGCAAGGGCGAGGAGCTGTTCACCGGGGTGGTGCCCATCCTGGTC,test,RPL8A,7.07765919612467,-0.001522911712527275
RPL8A_76,CCGACGCAAACAAATTGGAAAAACCAACGCAAAAAAAAAAAGACGCTAAATTGTTTATAAAGGCGAGGAATTTGTATCTATCAATTACTATTCCAGTTGTCAGTTTACATTGCTTACCCTCTATTATCACATCAAAACAAGAAGAGACCT,ATGGTGAGCAAGGGCGAGGAGCTGTTCACCGGGGTGGTGCCCATCCTGGTC,test,RPL8A,7.50405039661049,-0.06064721941947937
RPL8A_77,CCGACGCAAACAAATTGGAAAAACCAACGCAAAAAAAAAAAGACGCTAAATTGTTTATAAAGGCGAGGAATTTGTATCTATCAATTACTATTCCAGTTGTCAGTTTACATTGCTTACCCTCTATTATCACATCAAAACAAGACCAGACCT,ATGGTGAGCAAGGGCGAGGAGCTGTTCACCGGGGTGGTGCCCATCCTGGTC,test,RPL8A,4.10407806523105,-0.11650731414556503
RPL8A_78,CCGACGCAAACAAATTGGAAAAACCAACGCAAAAAAAAAAAGACGCTAAATTGTTTATAAAGGCGAGGAATTTGTATCTATCAATTACTATTCCAGTTGTCAGTTTACATTGCTTACCCTCTATTATCACATCAAAACAAAGCAGAACCT,ATGGTGAGCAAGGGCGAGGAGCTGTTCACCGGGGTGGTGCCCATCCTGGTC,test,RPL8A,8.59717604888861,-0.17363354563713074
RPL8A_79,CCGACGCAAACAAATTGGAAAAACCAACGCAAAAAAAAAAAGACGCTAAATTGTTTATAAAGGCGAGGAATTTGTATCTATCAATTACTATTCCAGTTGTCAGTTTACATTGCTTACCCTCTATTATCACATCAAAACAAGCAACAACCT,ATGGTGAGCAAGGGCGAGGAGCTGTTCACCGGGGTGGTGCCCATCCTGGTC,test,RPL8A,4.80019563081652,-0.0684814602136612
RPL8A_80,CCGACGCAAACAAATTGGAAAAACCAACGCAAAAAAAAAAAGACGCTAAATTGTTTATAAAGGCGAGGAATTTGTATCTATCAATTACTATTCCAGTTGTCAGTTTACATTGCTTACCCTCTATTATCACATCAAAACAACCAACAACCT,ATGGTGAGCAAGGGCGAGGAGCTGTTCACCGGGGTGGTGCCCATCCTGGTC,test,RPL8A,4.52495855776634,-0.09366181492805481
RPL8A_81,CCGACGCAAACAAATTGGAAAAACCAACGCAAAAAAAAAAAGACGCTAAATTGTTTATAAAGGCGAGGAATTTGTATCTATCAATTACTATTCCAGTTGTCAGTTTACATTGCTTACCCTCTATTATCACATCAAAACAAACCGAAACCT,ATGGTGAGCAAGGGCGAGGAGCTGTTCACCGGGGTGGTGCCCATCCTGGTC,test,RPL8A,7.33162121894972,-0.3824171721935272
RPL8A_82,CCGACGCAAACAAATTGGAAAAACCAACGCAAAAAAAAAAAGACGCTAAATTGTTTATAAAGGCGAGGAATTTGTATCTATCAATTACTATTCCAGTTGTCAGTTTACATTGCTTACCCTCTATTATCACATCAAAACAACCACAAACCT,ATGGTGAGCAAGGGCGAGGAGCTGTTCACCGGGGTGGTGCCCATCCTGGTC,test,RPL8A,5.56302002851669,-0.26361867785453796
RPL8A_83,CCGACGCAAACAAATTGGAAAAACCAACGCAAAAAAAAAAAGACGCTAAATTGTTTATAAAGGCGAGGAATTTGTATCTATCAATTACTATTCCAGTTGTCAGTTTACATTGCTTACCCTCTATTATCACATCAAAACAATCGACGTACT,ATGGTGAGCAAGGGCGAGGAGCTGTTCACCGGGGTGGTGCCCATCCTGGTC,test,RPL8A,10.2335433843652,0.06126636266708374
RPL8A_84,CCGACGCAAACAAATTGGAAAAACCAACGCAAAAAAAAAAAGACGCTAAATTGTTTATAAAGGCGAGGAATTTGTATCTATCAATTACTATTCCAGTTGTCAGTTTACATTGCTTACCCTCTATTATCACATCAAAACAAACACGCTACT,ATGGTGAGCAAGGGCGAGGAGCTGTTCACCGGGGTGGTGCCCATCCTGGTC,test,RPL8A,10.9391124611502,-0.38907188177108765
RPL8A_85,CCGACGCAAACAAATTGGAAAAACCAACGCAAAAAAAAAAAGACGCTAAATTGTTTATAAAGGCGAGGAATTTGTATCTATCAATTACTATTCCAGTTGTCAGTTTACATTGCTTACCCTCTATTATCACATCAAAACAACCATCCTACT,ATGGTGAGCAAGGGCGAGGAGCTGTTCACCGGGGTGGTGCCCATCCTGGTC,test,RPL8A,9.86576993019422,-0.029235970228910446
RPL8A_86,CCGACGCAAACAAATTGGAAAAACCAACGCAAAAAAAAAAAGACGCTAAATTGTTTATAAAGGCGAGGAATTTGTATCTATCAATTACTATTCCAGTTGTCAGTTTACATTGCTTACCCTCTATTATCACATCAAAACAACTCCCATACT,ATGGTGAGCAAGGGCGAGGAGCTGTTCACCGGGGTGGTGCCCATCCTGGTC,test,RPL8A,9.02577860496068,-0.17136543989181519
RPL8A_87,CCGACGCAAACAAATTGGAAAAACCAACGCAAAAAAAAAAAGACGCTAAATTGTTTATAAAGGCGAGGAATTTGTATCTATCAATTACTATTCCAGTTGTCAGTTTACATTGCTTACCCTCTATTATCACATCAAAACAACTAAAATACT,ATGGTGAGCAAGGGCGAGGAGCTGTTCACCGGGGTGGTGCCCATCCTGGTC,test,RPL8A,10.0632954732408,0.1817978322505951
RPL8A_88,CCGACGCAAACAAATTGGAAAAACCAACGCAAAAAAAAAAAGACGCTAAATTGTTTATAAAGGCGAGGAATTTGTATCTATCAATTACTATTCCAGTTGTCAGTTTACATTGCTTACCCTCTATTATCACATCAAAACAACCCCATGACT,ATGGTGAGCAAGGGCGAGGAGCTGTTCACCGGGGTGGTGCCCATCCTGGTC,test,RPL8A,7.91830118271129,-0.2585918605327606
RPL8A_89,CCGACGCAAACAAATTGGAAAAACCAACGCAAAAAAAAAAAGACGCTAAATTGTTTATAAAGGCGAGGAATTTGTATCTATCAATTACTATTCCAGTTGTCAGTTTACATTGCTTACCCTCTATTATCACATCAAAACAAAGCAATGACT,ATGGTGAGCAAGGGCGAGGAGCTGTTCACCGGGGTGGTGCCCATCCTGGTC,test,RPL8A,12.5089658911341,-0.15602871775627136
RPL8A_90,CCGACGCAAACAAATTGGAAAAACCAACGCAAAAAAAAAAAGACGCTAAATTGTTTATAAAGGCGAGGAATTTGTATCTATCAATTACTATTCCAGTTGTCAGTTTACATTGCTTACCCTCTATTATCACATCAAAACAACCCGCCGACT,ATGGTGAGCAAGGGCGAGGAGCTGTTCACCGGGGTGGTGCCCATCCTGGTC,test,RPL8A,3.77593303749447,-0.3917429745197296
RPL8A_91,CCGACGCAAACAAATTGGAAAAACCAACGCAAAAAAAAAAAGACGCTAAATTGTTTATAAAGGCGAGGAATTTGTATCTATCAATTACTATTCCAGTTGTCAGTTTACATTGCTTACCCTCTATTATCACATCAAAACAACCGCCCGACT,ATGGTGAGCAAGGGCGAGGAGCTGTTCACCGGGGTGGTGCCCATCCTGGTC,test,RPL8A,8.28309740119331,-0.39699262380599976
RPL8A_92,CCGACGCAAACAAATTGGAAAAACCAACGCAAAAAAAAAAAGACGCTAAATTGTTTATAAAGGCGAGGAATTTGTATCTATCAATTACTATTCCAGTTGTCAGTTTACATTGCTTACCCTCTATTATCACATCAAAACAAGCTTACGACT,ATGGTGAGCAAGGGCGAGGAGCTGTTCACCGGGGTGGTGCCCATCCTGGTC,test,RPL8A,11.0810228344821,-0.07800006121397018
RPL8A_93,CCGACGCAAACAAATTGGAAAAACCAACGCAAAAAAAAAAAGACGCTAAATTGTTTATAAAGGCGAGGAATTTGTATCTATCAATTACTATTCCAGTTGTCAGTTTACATTGCTTACCCTCTATTATCACATCAAAACAAAGCAACGACT,ATGGTGAGCAAGGGCGAGGAGCTGTTCACCGGGGTGGTGCCCATCCTGGTC,test,RPL8A,10.3704103742458,-0.2676733136177063
RPL8A_94,CCGACGCAAACAAATTGGAAAAACCAACGCAAAAAAAAAAAGACGCTAAATTGTTTATAAAGGCGAGGAATTTGTATCTATCAATTACTATTCCAGTTGTCAGTTTACATTGCTTACCCTCTATTATCACATCAAAACAAACTGCAGACT,ATGGTGAGCAAGGGCGAGGAGCTGTTCACCGGGGTGGTGCCCATCCTGGTC,test,RPL8A,10.4890612477247,-0.26433199644088745
RPL8A_95,CCGACGCAAACAAATTGGAAAAACCAACGCAAAAAAAAAAAGACGCTAAATTGTTTATAAAGGCGAGGAATTTGTATCTATCAATTACTATTCCAGTTGTCAGTTTACATTGCTTACCCTCTATTATCACATCAAAACAACCGTGTCACT,ATGGTGAGCAAGGGCGAGGAGCTGTTCACCGGGGTGGTGCCCATCCTGGTC,test,RPL8A,9.31023240511444,-0.39733222126960754
RPL8A_96,CCGACGCAAACAAATTGGAAAAACCAACGCAAAAAAAAAAAGACGCTAAATTGTTTATAAAGGCGAGGAATTTGTATCTATCAATTACTATTCCAGTTGTCAGTTTACATTGCTTACCCTCTATTATCACATCAAAACAAACTCATCACT,ATGGTGAGCAAGGGCGAGGAGCTGTTCACCGGGGTGGTGCCCATCCTGGTC,test,RPL8A,10.2967006991541,-0.007504560053348541
RPL8A_97,CCGACGCAAACAAATTGGAAAAACCAACGCAAAAAAAAAAAGACGCTAAATTGTTTATAAAGGCGAGGAATTTGTATCTATCAATTACTATTCCAGTTGTCAGTTTACATTGCTTACCCTCTATTATCACATCAAAACAAAAACCGCACT,ATGGTGAGCAAGGGCGAGGAGCTGTTCACCGGGGTGGTGCCCATCCTGGTC,test,RPL8A,10.7431122641578,-0.1949910819530487
RPL8A_98,CCGACGCAAACAAATTGGAAAAACCAACGCAAAAAAAAAAAGACGCTAAATTGTTTATAAAGGCGAGGAATTTGTATCTATCAATTACTATTCCAGTTGTCAGTTTACATTGCTTACCCTCTATTATCACATCAAAACAACCTACGCACT,ATGGTGAGCAAGGGCGAGGAGCTGTTCACCGGGGTGGTGCCCATCCTGGTC,test,RPL8A,9.15718800874374,-0.04157865792512894
RPL8A_99,CCGACGCAAACAAATTGGAAAAACCAACGCAAAAAAAAAAAGACGCTAAATTGTTTATAAAGGCGAGGAATTTGTATCTATCAATTACTATTCCAGTTGTCAGTTTACATTGCTTACCCTCTATTATCACATCAAAACAAACAAGCCACT,ATGGTGAGCAAGGGCGAGGAGCTGTTCACCGGGGTGGTGCCCATCCTGGTC,test,RPL8A,11.1049097982057,-0.26483282446861267
RPL8A_100,CCGACGCAAACAAATTGGAAAAACCAACGCAAAAAAAAAAAGACGCTAAATTGTTTATAAAGGCGAGGAATTTGTATCTATCAATTACTATTCCAGTTGTCAGTTTACATTGCTTACCCTCTATTATCACATCAAAACAACCAGCCCACT,ATGGTGAGCAAGGGCGAGGAGCTGTTCACCGGGGTGGTGCCCATCCTGGTC,test,RPL8A,11.0506510248446,-0.043456822633743286
RPL8A_101,CCGACGCAAACAAATTGGAAAAACCAACGCAAAAAAAAAAAGACGCTAAATTGTTTATAAAGGCGAGGAATTTGTATCTATCAATTACTATTCCAGTTGTCAGTTTACATTGCTTACCCTCTATTATCACATCAAAACAAAATCCCCACT,ATGGTGAGCAAGGGCGAGGAGCTGTTCACCGGGGTGGTGCCCATCCTGGTC,test,RPL8A,11.1402160118456,-0.23000642657279968
RPL8A_102,CCGACGCAAACAAATTGGAAAAACCAACGCAAAAAAAAAAAGACGCTAAATTGTTTATAAAGGCGAGGAATTTGTATCTATCAATTACTATTCCAGTTGTCAGTTTACATTGCTTACCCTCTATTATCACATCAAAACAAAGCTAACACT,ATGGTGAGCAAGGGCGAGGAGCTGTTCACCGGGGTGGTGCCCATCCTGGTC,test,RPL8A,10.174785481079,-0.28036150336265564
RPL8A_103,CCGACGCAAACAAATTGGAAAAACCAACGCAAAAAAAAAAAGACGCTAAATTGTTTATAAAGGCGAGGAATTTGTATCTATCAATTACTATTCCAGTTGTCAGTTTACATTGCTTACCCTCTATTATCACATCAAAACAACTCGAACACT,ATGGTGAGCAAGGGCGAGGAGCTGTTCACCGGGGTGGTGCCCATCCTGGTC,test,RPL8A,10.584245132535,-0.20663276314735413
RPL8A_104,CCGACGCAAACAAATTGGAAAAACCAACGCAAAAAAAAAAAGACGCTAAATTGTTTATAAAGGCGAGGAATTTGTATCTATCAATTACTATTCCAGTTGTCAGTTTACATTGCTTACCCTCTATTATCACATCAAAACAAAAATCTAACT,ATGGTGAGCAAGGGCGAGGAGCTGTTCACCGGGGTGGTGCCCATCCTGGTC,test,RPL8A,10.9300416236385,-0.17434147000312805
RPL8A_105,CCGACGCAAACAAATTGGAAAAACCAACGCAAAAAAAAAAAGACGCTAAATTGTTTATAAAGGCGAGGAATTTGTATCTATCAATTACTATTCCAGTTGTCAGTTTACATTGCTTACCCTCTATTATCACATCAAAACAAGTTGGGAACT,ATGGTGAGCAAGGGCGAGGAGCTGTTCACCGGGGTGGTGCCCATCCTGGTC,test,RPL8A,7.57672728056033,-0.18783268332481384
RPL8A_106,CCGACGCAAACAAATTGGAAAAACCAACGCAAAAAAAAAAAGACGCTAAATTGTTTATAAAGGCGAGGAATTTGTATCTATCAATTACTATTCCAGTTGTCAGTTTACATTGCTTACCCTCTATTATCACATCAAAACAAGCAGGGAACT,ATGGTGAGCAAGGGCGAGGAGCTGTTCACCGGGGTGGTGCCCATCCTGGTC,test,RPL8A,10.0661580906245,-0.21590706706047058
RPL8A_107,CCGACGCAAACAAATTGGAAAAACCAACGCAAAAAAAAAAAGACGCTAAATTGTTTATAAAGGCGAGGAATTTGTATCTATCAATTACTATTCCAGTTGTCAGTTTACATTGCTTACCCTCTATTATCACATCAAAACAACAACGGAACT,ATGGTGAGCAAGGGCGAGGAGCTGTTCACCGGGGTGGTGCCCATCCTGGTC,test,RPL8A,11.6616905409354,0.0035285651683807373
RPL8A_108,CCGACGCAAACAAATTGGAAAAACCAACGCAAAAAAAAAAAGACGCTAAATTGTTTATAAAGGCGAGGAATTTGTATCTATCAATTACTATTCCAGTTGTCAGTTTACATTGCTTACCCTCTATTATCACATCAAAACAAAAACGGAACT,ATGGTGAGCAAGGGCGAGGAGCTGTTCACCGGGGTGGTGCCCATCCTGGTC,test,RPL8A,9.85580643516872,-0.3066721558570862
RPL8A_109,CCGACGCAAACAAATTGGAAAAACCAACGCAAAAAAAAAAAGACGCTAAATTGTTTATAAAGGCGAGGAATTTGTATCTATCAATTACTATTCCAGTTGTCAGTTTACATTGCTTACCCTCTATTATCACATCAAAACAACCCATCAACT,ATGGTGAGCAAGGGCGAGGAGCTGTTCACCGGGGTGGTGCCCATCCTGGTC,test,RPL8A,9.55892589700682,0.136922225356102
RPL8A_110,CCGACGCAAACAAATTGGAAAAACCAACGCAAAAAAAAAAAGACGCTAAATTGTTTATAAAGGCGAGGAATTTGTATCTATCAATTACTATTCCAGTTGTCAGTTTACATTGCTTACCCTCTATTATCACATCAAAACAACCACGCAACT,ATGGTGAGCAAGGGCGAGGAGCTGTTCACCGGGGTGGTGCCCATCCTGGTC,test,RPL8A,10.5522896015169,-0.09416409581899643
RPL8A_111,CCGACGCAAACAAATTGGAAAAACCAACGCAAAAAAAAAAAGACGCTAAATTGTTTATAAAGGCGAGGAATTTGTATCTATCAATTACTATTCCAGTTGTCAGTTTACATTGCTTACCCTCTATTATCACATCAAAACAAATCACCAACT,ATGGTGAGCAAGGGCGAGGAGCTGTTCACCGGGGTGGTGCCCATCCTGGTC,test,RPL8A,9.37410271571263,-0.016177594661712646
RPL8A_112,CCGACGCAAACAAATTGGAAAAACCAACGCAAAAAAAAAAAGACGCTAAATTGTTTATAAAGGCGAGGAATTTGTATCTATCAATTACTATTCCAGTTGTCAGTTTACATTGCTTACCCTCTATTATCACATCAAAACAAGCCTCAAACT,ATGGTGAGCAAGGGCGAGGAGCTGTTCACCGGGGTGGTGCCCATCCTGGTC,test,RPL8A,11.4174653261758,-0.06392920762300491
RPL8A_113,CCGACGCAAACAAATTGGAAAAACCAACGCAAAAAAAAAAAGACGCTAAATTGTTTATAAAGGCGAGGAATTTGTATCTATCAATTACTATTCCAGTTGTCAGTTTACATTGCTTACCCTCTATTATCACATCAAAACAACAAACAAACT,ATGGTGAGCAAGGGCGAGGAGCTGTTCACCGGGGTGGTGCCCATCCTGGTC,test,RPL8A,12.6947685550434,-0.05610055476427078
RPL8A_114,CCGACGCAAACAAATTGGAAAAACCAACGCAAAAAAAAAAAGACGCTAAATTGTTTATAAAGGCGAGGAATTTGTATCTATCAATTACTATTCCAGTTGTCAGTTTACATTGCTTACCCTCTATTATCACATCAAAACAAGTACAAGTAT,ATGGTGAGCAAGGGCGAGGAGCTGTTCACCGGGGTGGTGCCCATCCTGGTC,test,RPL8A,3.59894424174303,-0.011910956352949142
RPL8A_115,CCGACGCAAACAAATTGGAAAAACCAACGCAAAAAAAAAAAGACGCTAAATTGTTTATAAAGGCGAGGAATTTGTATCTATCAATTACTATTCCAGTTGTCAGTTTACATTGCTTACCCTCTATTATCACATCAAAACAAGAAAGTCTAT,ATGGTGAGCAAGGGCGAGGAGCTGTTCACCGGGGTGGTGCCCATCCTGGTC,test,RPL8A,9.53216724267531,-0.039722420275211334
RPL8A_116,CCGACGCAAACAAATTGGAAAAACCAACGCAAAAAAAAAAAGACGCTAAATTGTTTATAAAGGCGAGGAATTTGTATCTATCAATTACTATTCCAGTTGTCAGTTTACATTGCTTACCCTCTATTATCACATCAAAACAACACCCTCTAT,ATGGTGAGCAAGGGCGAGGAGCTGTTCACCGGGGTGGTGCCCATCCTGGTC,test,RPL8A,2.04010517795439,-0.18228715658187866
RPL8A_117,CCGACGCAAACAAATTGGAAAAACCAACGCAAAAAAAAAAAGACGCTAAATTGTTTATAAAGGCGAGGAATTTGTATCTATCAATTACTATTCCAGTTGTCAGTTTACATTGCTTACCCTCTATTATCACATCAAAACAACACCCCCTAT,ATGGTGAGCAAGGGCGAGGAGCTGTTCACCGGGGTGGTGCCCATCCTGGTC,test,RPL8A,2.40710161076977,-0.22083649039268494
RPL8A_118,CCGACGCAAACAAATTGGAAAAACCAACGCAAAAAAAAAAAGACGCTAAATTGTTTATAAAGGCGAGGAATTTGTATCTATCAATTACTATTCCAGTTGTCAGTTTACATTGCTTACCCTCTATTATCACATCAAAACAAAAAACCCTAT,ATGGTGAGCAAGGGCGAGGAGCTGTTCACCGGGGTGGTGCCCATCCTGGTC,test,RPL8A,8.4261359134268,-0.22677335143089294
RPL8A_119,CCGACGCAAACAAATTGGAAAAACCAACGCAAAAAAAAAAAGACGCTAAATTGTTTATAAAGGCGAGGAATTTGTATCTATCAATTACTATTCCAGTTGTCAGTTTACATTGCTTACCCTCTATTATCACATCAAAACAAAAGAGGATAT,ATGGTGAGCAAGGGCGAGGAGCTGTTCACCGGGGTGGTGCCCATCCTGGTC,test,RPL8A,3.35485355491984,-0.15660998225212097
RPL8A_120,CCGACGCAAACAAATTGGAAAAACCAACGCAAAAAAAAAAAGACGCTAAATTGTTTATAAAGGCGAGGAATTTGTATCTATCAATTACTATTCCAGTTGTCAGTTTACATTGCTTACCCTCTATTATCACATCAAAACAAAAATCGATAT,ATGGTGAGCAAGGGCGAGGAGCTGTTCACCGGGGTGGTGCCCATCCTGGTC,test,RPL8A,7.26214656303369,-0.13949981331825256
RPL8A_121,CCGACGCAAACAAATTGGAAAAACCAACGCAAAAAAAAAAAGACGCTAAATTGTTTATAAAGGCGAGGAATTTGTATCTATCAATTACTATTCCAGTTGTCAGTTTACATTGCTTACCCTCTATTATCACATCAAAACAAGTACAGATAT,ATGGTGAGCAAGGGCGAGGAGCTGTTCACCGGGGTGGTGCCCATCCTGGTC,test,RPL8A,5.00074753532296,0.11944830417633057
RPL8A_122,CCGACGCAAACAAATTGGAAAAACCAACGCAAAAAAAAAAAGACGCTAAATTGTTTATAAAGGCGAGGAATTTGTATCTATCAATTACTATTCCAGTTGTCAGTTTACATTGCTTACCCTCTATTATCACATCAAAACAAAACGCAATAT,ATGGTGAGCAAGGGCGAGGAGCTGTTCACCGGGGTGGTGCCCATCCTGGTC,test,RPL8A,7.66553650670928,-0.14848533272743225
RPL8A_123,CCGACGCAAACAAATTGGAAAAACCAACGCAAAAAAAAAAAGACGCTAAATTGTTTATAAAGGCGAGGAATTTGTATCTATCAATTACTATTCCAGTTGTCAGTTTACATTGCTTACCCTCTATTATCACATCAAAACAAGCTCCCTGAT,ATGGTGAGCAAGGGCGAGGAGCTGTTCACCGGGGTGGTGCCCATCCTGGTC,test,RPL8A,10.4000381519855,-0.04092726856470108
RPL8A_124,CCGACGCAAACAAATTGGAAAAACCAACGCAAAAAAAAAAAGACGCTAAATTGTTTATAAAGGCGAGGAATTTGTATCTATCAATTACTATTCCAGTTGTCAGTTTACATTGCTTACCCTCTATTATCACATCAAAACAAACAATTGGAT,ATGGTGAGCAAGGGCGAGGAGCTGTTCACCGGGGTGGTGCCCATCCTGGTC,test,RPL8A,9.82015901337731,-0.21333155035972595
RPL8A_125,CCGACGCAAACAAATTGGAAAAACCAACGCAAAAAAAAAAAGACGCTAAATTGTTTATAAAGGCGAGGAATTTGTATCTATCAATTACTATTCCAGTTGTCAGTTTACATTGCTTACCCTCTATTATCACATCAAAACAAAAACTAGGAT,ATGGTGAGCAAGGGCGAGGAGCTGTTCACCGGGGTGGTGCCCATCCTGGTC,test,RPL8A,8.54833797655637,-0.4082924425601959
RPL8A_126,CCGACGCAAACAAATTGGAAAAACCAACGCAAAAAAAAAAAGACGCTAAATTGTTTATAAAGGCGAGGAATTTGTATCTATCAATTACTATTCCAGTTGTCAGTTTACATTGCTTACCCTCTATTATCACATCAAAACAACTACGCCGAT,ATGGTGAGCAAGGGCGAGGAGCTGTTCACCGGGGTGGTGCCCATCCTGGTC,test,RPL8A,10.4229906417144,-0.1761249303817749
RPL8A_127,CCGACGCAAACAAATTGGAAAAACCAACGCAAAAAAAAAAAGACGCTAAATTGTTTATAAAGGCGAGGAATTTGTATCTATCAATTACTATTCCAGTTGTCAGTTTACATTGCTTACCCTCTATTATCACATCAAAACAAATGCACCGAT,ATGGTGAGCAAGGGCGAGGAGCTGTTCACCGGGGTGGTGCCCATCCTGGTC,test,RPL8A,3.90759530085036,-0.33752551674842834
RPL8A_128,CCGACGCAAACAAATTGGAAAAACCAACGCAAAAAAAAAAAGACGCTAAATTGTTTATAAAGGCGAGGAATTTGTATCTATCAATTACTATTCCAGTTGTCAGTTTACATTGCTTACCCTCTATTATCACATCAAAACAAAACCAACGAT,ATGGTGAGCAAGGGCGAGGAGCTGTTCACCGGGGTGGTGCCCATCCTGGTC,test,RPL8A,11.4904608449064,-0.19693583250045776
RPL8A_129,CCGACGCAAACAAATTGGAAAAACCAACGCAAAAAAAAAAAGACGCTAAATTGTTTATAAAGGCGAGGAATTTGTATCTATCAATTACTATTCCAGTTGTCAGTTTACATTGCTTACCCTCTATTATCACATCAAAACAAATCCCTAGAT,ATGGTGAGCAAGGGCGAGGAGCTGTTCACCGGGGTGGTGCCCATCCTGGTC,test,RPL8A,12.1522291342251,-0.20651781558990479
RPL8A_130,CCGACGCAAACAAATTGGAAAAACCAACGCAAAAAAAAAAAGACGCTAAATTGTTTATAAAGGCGAGGAATTTGTATCTATCAATTACTATTCCAGTTGTCAGTTTACATTGCTTACCCTCTATTATCACATCAAAACAAGAAGATAGAT,ATGGTGAGCAAGGGCGAGGAGCTGTTCACCGGGGTGGTGCCCATCCTGGTC,test,RPL8A,11.9016335745721,-0.03843379765748978
RPL8A_131,CCGACGCAAACAAATTGGAAAAACCAACGCAAAAAAAAAAAGACGCTAAATTGTTTATAAAGGCGAGGAATTTGTATCTATCAATTACTATTCCAGTTGTCAGTTTACATTGCTTACCCTCTATTATCACATCAAAACAAAAGGTCAGAT,ATGGTGAGCAAGGGCGAGGAGCTGTTCACCGGGGTGGTGCCCATCCTGGTC,test,RPL8A,10.5041529033173,-0.3825603723526001
RPL8A_132,CCGACGCAAACAAATTGGAAAAACCAACGCAAAAAAAAAAAGACGCTAAATTGTTTATAAAGGCGAGGAATTTGTATCTATCAATTACTATTCCAGTTGTCAGTTTACATTGCTTACCCTCTATTATCACATCAAAACAAAAAGTCAGAT,ATGGTGAGCAAGGGCGAGGAGCTGTTCACCGGGGTGGTGCCCATCCTGGTC,test,RPL8A,11.2856902641939,-0.39859938621520996
RPL8A_133,CCGACGCAAACAAATTGGAAAAACCAACGCAAAAAAAAAAAGACGCTAAATTGTTTATAAAGGCGAGGAATTTGTATCTATCAATTACTATTCCAGTTGTCAGTTTACATTGCTTACCCTCTATTATCACATCAAAACAATAGGCCAGAT,ATGGTGAGCAAGGGCGAGGAGCTGTTCACCGGGGTGGTGCCCATCCTGGTC,test,RPL8A,10.123358039655,-0.19272831082344055
RPL8A_134,CCGACGCAAACAAATTGGAAAAACCAACGCAAAAAAAAAAAGACGCTAAATTGTTTATAAAGGCGAGGAATTTGTATCTATCAATTACTATTCCAGTTGTCAGTTTACATTGCTTACCCTCTATTATCACATCAAAACAAACAGCCAGAT,ATGGTGAGCAAGGGCGAGGAGCTGTTCACCGGGGTGGTGCCCATCCTGGTC,test,RPL8A,11.0636023788725,-0.32512331008911133
RPL8A_135,CCGACGCAAACAAATTGGAAAAACCAACGCAAAAAAAAAAAGACGCTAAATTGTTTATAAAGGCGAGGAATTTGTATCTATCAATTACTATTCCAGTTGTCAGTTTACATTGCTTACCCTCTATTATCACATCAAAACAATACCGAAGAT,ATGGTGAGCAAGGGCGAGGAGCTGTTCACCGGGGTGGTGCCCATCCTGGTC,test,RPL8A,4.3957415926941,-0.3808353543281555
RPL8A_136,CCGACGCAAACAAATTGGAAAAACCAACGCAAAAAAAAAAAGACGCTAAATTGTTTATAAAGGCGAGGAATTTGTATCTATCAATTACTATTCCAGTTGTCAGTTTACATTGCTTACCCTCTATTATCACATCAAAACAAAAACGAAGAT,ATGGTGAGCAAGGGCGAGGAGCTGTTCACCGGGGTGGTGCCCATCCTGGTC,test,RPL8A,12.4366842770205,-0.31016772985458374
RPL8A_137,CCGACGCAAACAAATTGGAAAAACCAACGCAAAAAAAAAAAGACGCTAAATTGTTTATAAAGGCGAGGAATTTGTATCTATCAATTACTATTCCAGTTGTCAGTTTACATTGCTTACCCTCTATTATCACATCAAAACAACGTTCAAGAT,ATGGTGAGCAAGGGCGAGGAGCTGTTCACCGGGGTGGTGCCCATCCTGGTC,test,RPL8A,11.4559493797683,-0.04973068833351135
RPL8A_138,CCGACGCAAACAAATTGGAAAAACCAACGCAAAAAAAAAAAGACGCTAAATTGTTTATAAAGGCGAGGAATTTGTATCTATCAATTACTATTCCAGTTGTCAGTTTACATTGCTTACCCTCTATTATCACATCAAAACAACGCGCAAGAT,ATGGTGAGCAAGGGCGAGGAGCTGTTCACCGGGGTGGTGCCCATCCTGGTC,test,RPL8A,11.3315822059702,-0.19734591245651245
RPL8A_139,CCGACGCAAACAAATTGGAAAAACCAACGCAAAAAAAAAAAGACGCTAAATTGTTTATAAAGGCGAGGAATTTGTATCTATCAATTACTATTCCAGTTGTCAGTTTACATTGCTTACCCTCTATTATCACATCAAAACAAGTGACAAGAT,ATGGTGAGCAAGGGCGAGGAGCTGTTCACCGGGGTGGTGCCCATCCTGGTC,test,RPL8A,9.01682736217678,-0.12960317730903625
RPL8A_140,CCGACGCAAACAAATTGGAAAAACCAACGCAAAAAAAAAAAGACGCTAAATTGTTTATAAAGGCGAGGAATTTGTATCTATCAATTACTATTCCAGTTGTCAGTTTACATTGCTTACCCTCTATTATCACATCAAAACAAACCGAAAGAT,ATGGTGAGCAAGGGCGAGGAGCTGTTCACCGGGGTGGTGCCCATCCTGGTC,test,RPL8A,8.22354012499356,-0.4397650361061096
RPL8A_141,CCGACGCAAACAAATTGGAAAAACCAACGCAAAAAAAAAAAGACGCTAAATTGTTTATAAAGGCGAGGAATTTGTATCTATCAATTACTATTCCAGTTGTCAGTTTACATTGCTTACCCTCTATTATCACATCAAAACAAAGAAAAAGAT,ATGGTGAGCAAGGGCGAGGAGCTGTTCACCGGGGTGGTGCCCATCCTGGTC,test,RPL8A,12.0867196740348,-0.38517630100250244
RPL8A_142,CCGACGCAAACAAATTGGAAAAACCAACGCAAAAAAAAAAAGACGCTAAATTGTTTATAAAGGCGAGGAATTTGTATCTATCAATTACTATTCCAGTTGTCAGTTTACATTGCTTACCCTCTATTATCACATCAAAACAACAGAAGTCAT,ATGGTGAGCAAGGGCGAGGAGCTGTTCACCGGGGTGGTGCCCATCCTGGTC,test,RPL8A,7.24763119067219,0.2760912775993347
RPL8A_143,CCGACGCAAACAAATTGGAAAAACCAACGCAAAAAAAAAAAGACGCTAAATTGTTTATAAAGGCGAGGAATTTGTATCTATCAATTACTATTCCAGTTGTCAGTTTACATTGCTTACCCTCTATTATCACATCAAAACAAGCAACCTCAT,ATGGTGAGCAAGGGCGAGGAGCTGTTCACCGGGGTGGTGCCCATCCTGGTC,test,RPL8A,6.01677323892845,0.04414203390479088
RPL8A_144,CCGACGCAAACAAATTGGAAAAACCAACGCAAAAAAAAAAAGACGCTAAATTGTTTATAAAGGCGAGGAATTTGTATCTATCAATTACTATTCCAGTTGTCAGTTTACATTGCTTACCCTCTATTATCACATCAAAACAACCATACTCAT,ATGGTGAGCAAGGGCGAGGAGCTGTTCACCGGGGTGGTGCCCATCCTGGTC,test,RPL8A,5.62897744622474,-0.11391764134168625
RPL8A_145,CCGACGCAAACAAATTGGAAAAACCAACGCAAAAAAAAAAAGACGCTAAATTGTTTATAAAGGCGAGGAATTTGTATCTATCAATTACTATTCCAGTTGTCAGTTTACATTGCTTACCCTCTATTATCACATCAAAACAACTGAGATCAT,ATGGTGAGCAAGGGCGAGGAGCTGTTCACCGGGGTGGTGCCCATCCTGGTC,test,RPL8A,3.6890189848585,-0.02369348332285881
RPL8A_146,CCGACGCAAACAAATTGGAAAAACCAACGCAAAAAAAAAAAGACGCTAAATTGTTTATAAAGGCGAGGAATTTGTATCTATCAATTACTATTCCAGTTGTCAGTTTACATTGCTTACCCTCTATTATCACATCAAAACAACGGTCATCAT,ATGGTGAGCAAGGGCGAGGAGCTGTTCACCGGGGTGGTGCCCATCCTGGTC,test,RPL8A,4.45910056096108,-0.036818988621234894
RPL8A_147,CCGACGCAAACAAATTGGAAAAACCAACGCAAAAAAAAAAAGACGCTAAATTGTTTATAAAGGCGAGGAATTTGTATCTATCAATTACTATTCCAGTTGTCAGTTTACATTGCTTACCCTCTATTATCACATCAAAACAAGAACCATCAT,ATGGTGAGCAAGGGCGAGGAGCTGTTCACCGGGGTGGTGCCCATCCTGGTC,test,RPL8A,2.88818414127117,0.05893159285187721
RPL8A_148,CCGACGCAAACAAATTGGAAAAACCAACGCAAAAAAAAAAAGACGCTAAATTGTTTATAAAGGCGAGGAATTTGTATCTATCAATTACTATTCCAGTTGTCAGTTTACATTGCTTACCCTCTATTATCACATCAAAACAACTACAGGCAT,ATGGTGAGCAAGGGCGAGGAGCTGTTCACCGGGGTGGTGCCCATCCTGGTC,test,RPL8A,3.96519188250593,-0.07459218800067902
RPL8A_149,CCGACGCAAACAAATTGGAAAAACCAACGCAAAAAAAAAAAGACGCTAAATTGTTTATAAAGGCGAGGAATTTGTATCTATCAATTACTATTCCAGTTGTCAGTTTACATTGCTTACCCTCTATTATCACATCAAAACAACAAGGTCCAT,ATGGTGAGCAAGGGCGAGGAGCTGTTCACCGGGGTGGTGCCCATCCTGGTC,test,RPL8A,10.4465104756786,0.021837176755070686
RPL8A_150,CCGACGCAAACAAATTGGAAAAACCAACGCAAAAAAAAAAAGACGCTAAATTGTTTATAAAGGCGAGGAATTTGTATCTATCAATTACTATTCCAGTTGTCAGTTTACATTGCTTACCCTCTATTATCACATCAAAACAACCGAATCCAT,ATGGTGAGCAAGGGCGAGGAGCTGTTCACCGGGGTGGTGCCCATCCTGGTC,test,RPL8A,7.97327516261368,-0.14739292860031128
RPL8A_151,CCGACGCAAACAAATTGGAAAAACCAACGCAAAAAAAAAAAGACGCTAAATTGTTTATAAAGGCGAGGAATTTGTATCTATCAATTACTATTCCAGTTGTCAGTTTACATTGCTTACCCTCTATTATCACATCAAAACAACAAAGGCCAT,ATGGTGAGCAAGGGCGAGGAGCTGTTCACCGGGGTGGTGCCCATCCTGGTC,test,RPL8A,8.66801234807162,-0.09394871443510056
RPL8A_152,CCGACGCAAACAAATTGGAAAAACCAACGCAAAAAAAAAAAGACGCTAAATTGTTTATAAAGGCGAGGAATTTGTATCTATCAATTACTATTCCAGTTGTCAGTTTACATTGCTTACCCTCTATTATCACATCAAAACAACAAACGCCAT,ATGGTGAGCAAGGGCGAGGAGCTGTTCACCGGGGTGGTGCCCATCCTGGTC,test,RPL8A,5.93564662562621,-0.1981680989265442
RPL8A_153,CCGACGCAAACAAATTGGAAAAACCAACGCAAAAAAAAAAAGACGCTAAATTGTTTATAAAGGCGAGGAATTTGTATCTATCAATTACTATTCCAGTTGTCAGTTTACATTGCTTACCCTCTATTATCACATCAAAACAAGCCGAGCCAT,ATGGTGAGCAAGGGCGAGGAGCTGTTCACCGGGGTGGTGCCCATCCTGGTC,test,RPL8A,7.79731672425432,-0.10404440015554428
RPL8A_154,CCGACGCAAACAAATTGGAAAAACCAACGCAAAAAAAAAAAGACGCTAAATTGTTTATAAAGGCGAGGAATTTGTATCTATCAATTACTATTCCAGTTGTCAGTTTACATTGCTTACCCTCTATTATCACATCAAAACAAGAACGCCCAT,ATGGTGAGCAAGGGCGAGGAGCTGTTCACCGGGGTGGTGCCCATCCTGGTC,test,RPL8A,9.18241156553839,-0.13937029242515564
RPL8A_155,CCGACGCAAACAAATTGGAAAAACCAACGCAAAAAAAAAAAGACGCTAAATTGTTTATAAAGGCGAGGAATTTGTATCTATCAATTACTATTCCAGTTGTCAGTTTACATTGCTTACCCTCTATTATCACATCAAAACAACGCAGCCCAT,ATGGTGAGCAAGGGCGAGGAGCTGTTCACCGGGGTGGTGCCCATCCTGGTC,test,RPL8A,8.76206037957152,-0.13663578033447266
RPL8A_156,CCGACGCAAACAAATTGGAAAAACCAACGCAAAAAAAAAAAGACGCTAAATTGTTTATAAAGGCGAGGAATTTGTATCTATCAATTACTATTCCAGTTGTCAGTTTACATTGCTTACCCTCTATTATCACATCAAAACAACAGAACCCAT,ATGGTGAGCAAGGGCGAGGAGCTGTTCACCGGGGTGGTGCCCATCCTGGTC,test,RPL8A,8.44452911254096,-0.10305029898881912
RPL8A_157,CCGACGCAAACAAATTGGAAAAACCAACGCAAAAAAAAAAAGACGCTAAATTGTTTATAAAGGCGAGGAATTTGTATCTATCAATTACTATTCCAGTTGTCAGTTTACATTGCTTACCCTCTATTATCACATCAAAACAAAGCCTACCAT,ATGGTGAGCAAGGGCGAGGAGCTGTTCACCGGGGTGGTGCCCATCCTGGTC,test,RPL8A,7.6474373868751,-0.01263611763715744
RPL8A_158,CCGACGCAAACAAATTGGAAAAACCAACGCAAAAAAAAAAAGACGCTAAATTGTTTATAAAGGCGAGGAATTTGTATCTATCAATTACTATTCCAGTTGTCAGTTTACATTGCTTACCCTCTATTATCACATCAAAACAAACCCCTACAT,ATGGTGAGCAAGGGCGAGGAGCTGTTCACCGGGGTGGTGCCCATCCTGGTC,test,RPL8A,9.45079538369524,-0.1386699676513672
RPL8A_159,CCGACGCAAACAAATTGGAAAAACCAACGCAAAAAAAAAAAGACGCTAAATTGTTTATAAAGGCGAGGAATTTGTATCTATCAATTACTATTCCAGTTGTCAGTTTACATTGCTTACCCTCTATTATCACATCAAAACAATTAACTACAT,ATGGTGAGCAAGGGCGAGGAGCTGTTCACCGGGGTGGTGCCCATCCTGGTC,test,RPL8A,8.84717169239868,-0.03945644199848175
RPL8A_160,CCGACGCAAACAAATTGGAAAAACCAACGCAAAAAAAAAAAGACGCTAAATTGTTTATAAAGGCGAGGAATTTGTATCTATCAATTACTATTCCAGTTGTCAGTTTACATTGCTTACCCTCTATTATCACATCAAAACAACCCCATACAT,ATGGTGAGCAAGGGCGAGGAGCTGTTCACCGGGGTGGTGCCCATCCTGGTC,test,RPL8A,7.73629263442817,-0.10579133778810501
RPL8A_161,CCGACGCAAACAAATTGGAAAAACCAACGCAAAAAAAAAAAGACGCTAAATTGTTTATAAAGGCGAGGAATTTGTATCTATCAATTACTATTCCAGTTGTCAGTTTACATTGCTTACCCTCTATTATCACATCAAAACAAAGAGCCACAT,ATGGTGAGCAAGGGCGAGGAGCTGTTCACCGGGGTGGTGCCCATCCTGGTC,test,RPL8A,10.002727135363,0.006147928535938263
RPL8A_162,CCGACGCAAACAAATTGGAAAAACCAACGCAAAAAAAAAAAGACGCTAAATTGTTTATAAAGGCGAGGAATTTGTATCTATCAATTACTATTCCAGTTGTCAGTTTACATTGCTTACCCTCTATTATCACATCAAAACAAAAACACACAT,ATGGTGAGCAAGGGCGAGGAGCTGTTCACCGGGGTGGTGCCCATCCTGGTC,test,RPL8A,7.61923416922889,-0.32929879426956177
RPL8A_163,CCGACGCAAACAAATTGGAAAAACCAACGCAAAAAAAAAAAGACGCTAAATTGTTTATAAAGGCGAGGAATTTGTATCTATCAATTACTATTCCAGTTGTCAGTTTACATTGCTTACCCTCTATTATCACATCAAAACAAATAAACACAT,ATGGTGAGCAAGGGCGAGGAGCTGTTCACCGGGGTGGTGCCCATCCTGGTC,test,RPL8A,9.11031643262863,-0.10061920434236526
RPL8A_164,CCGACGCAAACAAATTGGAAAAACCAACGCAAAAAAAAAAAGACGCTAAATTGTTTATAAAGGCGAGGAATTTGTATCTATCAATTACTATTCCAGTTGTCAGTTTACATTGCTTACCCTCTATTATCACATCAAAACAAACAAACACAT,ATGGTGAGCAAGGGCGAGGAGCTGTTCACCGGGGTGGTGCCCATCCTGGTC,test,RPL8A,9.30255409310569,-0.09482420235872269
RPL8A_165,CCGACGCAAACAAATTGGAAAAACCAACGCAAAAAAAAAAAGACGCTAAATTGTTTATAAAGGCGAGGAATTTGTATCTATCAATTACTATTCCAGTTGTCAGTTTACATTGCTTACCCTCTATTATCACATCAAAACAACTTGTAACAT,ATGGTGAGCAAGGGCGAGGAGCTGTTCACCGGGGTGGTGCCCATCCTGGTC,test,RPL8A,9.0746406507939,0.01128624938428402
RPL8A_166,CCGACGCAAACAAATTGGAAAAACCAACGCAAAAAAAAAAAGACGCTAAATTGTTTATAAAGGCGAGGAATTTGTATCTATCAATTACTATTCCAGTTGTCAGTTTACATTGCTTACCCTCTATTATCACATCAAAACAAAGGCGAACAT,ATGGTGAGCAAGGGCGAGGAGCTGTTCACCGGGGTGGTGCCCATCCTGGTC,test,RPL8A,6.83703716111183,-0.07649730145931244
RPL8A_167,CCGACGCAAACAAATTGGAAAAACCAACGCAAAAAAAAAAAGACGCTAAATTGTTTATAAAGGCGAGGAATTTGTATCTATCAATTACTATTCCAGTTGTCAGTTTACATTGCTTACCCTCTATTATCACATCAAAACAAGCCACAACAT,ATGGTGAGCAAGGGCGAGGAGCTGTTCACCGGGGTGGTGCCCATCCTGGTC,test,RPL8A,4.81493879246059,-0.007856637239456177
RPL8A_168,CCGACGCAAACAAATTGGAAAAACCAACGCAAAAAAAAAAAGACGCTAAATTGTTTATAAAGGCGAGGAATTTGTATCTATCAATTACTATTCCAGTTGTCAGTTTACATTGCTTACCCTCTATTATCACATCAAAACAAAAAGAAACAT,ATGGTGAGCAAGGGCGAGGAGCTGTTCACCGGGGTGGTGCCCATCCTGGTC,test,RPL8A,9.11907100713051,-0.3939087986946106
RPL8A_169,CCGACGCAAACAAATTGGAAAAACCAACGCAAAAAAAAAAAGACGCTAAATTGTTTATAAAGGCGAGGAATTTGTATCTATCAATTACTATTCCAGTTGTCAGTTTACATTGCTTACCCTCTATTATCACATCAAAACAAAACCCCTAAT,ATGGTGAGCAAGGGCGAGGAGCTGTTCACCGGGGTGGTGCCCATCCTGGTC,test,RPL8A,9.85688228400539,-0.17902138829231262
RPL8A_170,CCGACGCAAACAAATTGGAAAAACCAACGCAAAAAAAAAAAGACGCTAAATTGTTTATAAAGGCGAGGAATTTGTATCTATCAATTACTATTCCAGTTGTCAGTTTACATTGCTTACCCTCTATTATCACATCAAAACAAACAACATAAT,ATGGTGAGCAAGGGCGAGGAGCTGTTCACCGGGGTGGTGCCCATCCTGGTC,test,RPL8A,10.8131836786776,0.07612521201372147
RPL8A_171,CCGACGCAAACAAATTGGAAAAACCAACGCAAAAAAAAAAAGACGCTAAATTGTTTATAAAGGCGAGGAATTTGTATCTATCAATTACTATTCCAGTTGTCAGTTTACATTGCTTACCCTCTATTATCACATCAAAACAACTAAAATAAT,ATGGTGAGCAAGGGCGAGGAGCTGTTCACCGGGGTGGTGCCCATCCTGGTC,test,RPL8A,10.6419771721718,0.17823830246925354
RPL8A_172,CCGACGCAAACAAATTGGAAAAACCAACGCAAAAAAAAAAAGACGCTAAATTGTTTATAAAGGCGAGGAATTTGTATCTATCAATTACTATTCCAGTTGTCAGTTTACATTGCTTACCCTCTATTATCACATCAAAACAAACGTCGGAAT,ATGGTGAGCAAGGGCGAGGAGCTGTTCACCGGGGTGGTGCCCATCCTGGTC,test,RPL8A,11.9295243872253,-0.323769748210907
RPL8A_173,CCGACGCAAACAAATTGGAAAAACCAACGCAAAAAAAAAAAGACGCTAAATTGTTTATAAAGGCGAGGAATTTGTATCTATCAATTACTATTCCAGTTGTCAGTTTACATTGCTTACCCTCTATTATCACATCAAAACAACGATAGGAAT,ATGGTGAGCAAGGGCGAGGAGCTGTTCACCGGGGTGGTGCCCATCCTGGTC,test,RPL8A,11.7993356993974,-0.06825090944766998
RPL8A_174,CCGACGCAAACAAATTGGAAAAACCAACGCAAAAAAAAAAAGACGCTAAATTGTTTATAAAGGCGAGGAATTTGTATCTATCAATTACTATTCCAGTTGTCAGTTTACATTGCTTACCCTCTATTATCACATCAAAACAACTATACGAAT,ATGGTGAGCAAGGGCGAGGAGCTGTTCACCGGGGTGGTGCCCATCCTGGTC,test,RPL8A,12.6297874602786,-0.3167263865470886
RPL8A_175,CCGACGCAAACAAATTGGAAAAACCAACGCAAAAAAAAAAAGACGCTAAATTGTTTATAAAGGCGAGGAATTTGTATCTATCAATTACTATTCCAGTTGTCAGTTTACATTGCTTACCCTCTATTATCACATCAAAACAACCGCACGAAT,ATGGTGAGCAAGGGCGAGGAGCTGTTCACCGGGGTGGTGCCCATCCTGGTC,test,RPL8A,12.7724080059546,-0.11691946536302567
RPL8A_176,CCGACGCAAACAAATTGGAAAAACCAACGCAAAAAAAAAAAGACGCTAAATTGTTTATAAAGGCGAGGAATTTGTATCTATCAATTACTATTCCAGTTGTCAGTTTACATTGCTTACCCTCTATTATCACATCAAAACAACTAGTAGAAT,ATGGTGAGCAAGGGCGAGGAGCTGTTCACCGGGGTGGTGCCCATCCTGGTC,test,RPL8A,11.2095376741387,0.06948346644639969
RPL8A_177,CCGACGCAAACAAATTGGAAAAACCAACGCAAAAAAAAAAAGACGCTAAATTGTTTATAAAGGCGAGGAATTTGTATCTATCAATTACTATTCCAGTTGTCAGTTTACATTGCTTACCCTCTATTATCACATCAAAACAACCACCAGAAT,ATGGTGAGCAAGGGCGAGGAGCTGTTCACCGGGGTGGTGCCCATCCTGGTC,test,RPL8A,4.02328904278279,-0.25006330013275146
RPL8A_178,CCGACGCAAACAAATTGGAAAAACCAACGCAAAAAAAAAAAGACGCTAAATTGTTTATAAAGGCGAGGAATTTGTATCTATCAATTACTATTCCAGTTGTCAGTTTACATTGCTTACCCTCTATTATCACATCAAAACAAACGCAAGAAT,ATGGTGAGCAAGGGCGAGGAGCTGTTCACCGGGGTGGTGCCCATCCTGGTC,test,RPL8A,12.7371015031089,-0.32011696696281433
RPL8A_179,CCGACGCAAACAAATTGGAAAAACCAACGCAAAAAAAAAAAGACGCTAAATTGTTTATAAAGGCGAGGAATTTGTATCTATCAATTACTATTCCAGTTGTCAGTTTACATTGCTTACCCTCTATTATCACATCAAAACAAAACCGTCAAT,ATGGTGAGCAAGGGCGAGGAGCTGTTCACCGGGGTGGTGCCCATCCTGGTC,test,RPL8A,10.1935674124805,-0.09723138064146042
RPL8A_180,CCGACGCAAACAAATTGGAAAAACCAACGCAAAAAAAAAAAGACGCTAAATTGTTTATAAAGGCGAGGAATTTGTATCTATCAATTACTATTCCAGTTGTCAGTTTACATTGCTTACCCTCTATTATCACATCAAAACAACAACGTCAAT,ATGGTGAGCAAGGGCGAGGAGCTGTTCACCGGGGTGGTGCCCATCCTGGTC,test,RPL8A,11.2209860892697,0.03952295705676079
RPL8A_181,CCGACGCAAACAAATTGGAAAAACCAACGCAAAAAAAAAAAGACGCTAAATTGTTTATAAAGGCGAGGAATTTGTATCTATCAATTACTATTCCAGTTGTCAGTTTACATTGCTTACCCTCTATTATCACATCAAAACAAAAACGTCAAT,ATGGTGAGCAAGGGCGAGGAGCTGTTCACCGGGGTGGTGCCCATCCTGGTC,test,RPL8A,12.0822957045443,0.02104657143354416
RPL8A_182,CCGACGCAAACAAATTGGAAAAACCAACGCAAAAAAAAAAAGACGCTAAATTGTTTATAAAGGCGAGGAATTTGTATCTATCAATTACTATTCCAGTTGTCAGTTTACATTGCTTACCCTCTATTATCACATCAAAACAACAAGGGCAAT,ATGGTGAGCAAGGGCGAGGAGCTGTTCACCGGGGTGGTGCCCATCCTGGTC,test,RPL8A,7.88558244857839,-0.09376849979162216
RPL8A_183,CCGACGCAAACAAATTGGAAAAACCAACGCAAAAAAAAAAAGACGCTAAATTGTTTATAAAGGCGAGGAATTTGTATCTATCAATTACTATTCCAGTTGTCAGTTTACATTGCTTACCCTCTATTATCACATCAAAACAACAACCGCAAT,ATGGTGAGCAAGGGCGAGGAGCTGTTCACCGGGGTGGTGCCCATCCTGGTC,test,RPL8A,11.3914686868805,-0.139121413230896
RPL8A_184,CCGACGCAAACAAATTGGAAAAACCAACGCAAAAAAAAAAAGACGCTAAATTGTTTATAAAGGCGAGGAATTTGTATCTATCAATTACTATTCCAGTTGTCAGTTTACATTGCTTACCCTCTATTATCACATCAAAACAACCCGAGCAAT,ATGGTGAGCAAGGGCGAGGAGCTGTTCACCGGGGTGGTGCCCATCCTGGTC,test,RPL8A,10.9496087898927,-0.399760901927948
RPL8A_185,CCGACGCAAACAAATTGGAAAAACCAACGCAAAAAAAAAAAGACGCTAAATTGTTTATAAAGGCGAGGAATTTGTATCTATCAATTACTATTCCAGTTGTCAGTTTACATTGCTTACCCTCTATTATCACATCAAAACAAAACAAGCAAT,ATGGTGAGCAAGGGCGAGGAGCTGTTCACCGGGGTGGTGCCCATCCTGGTC,test,RPL8A,12.2202674619203,0.0373588427901268
RPL8A_186,CCGACGCAAACAAATTGGAAAAACCAACGCAAAAAAAAAAAGACGCTAAATTGTTTATAAAGGCGAGGAATTTGTATCTATCAATTACTATTCCAGTTGTCAGTTTACATTGCTTACCCTCTATTATCACATCAAAACAACCCCTCCAAT,ATGGTGAGCAAGGGCGAGGAGCTGTTCACCGGGGTGGTGCCCATCCTGGTC,test,RPL8A,10.8951977937259,-0.0988437607884407
RPL8A_187,CCGACGCAAACAAATTGGAAAAACCAACGCAAAAAAAAAAAGACGCTAAATTGTTTATAAAGGCGAGGAATTTGTATCTATCAATTACTATTCCAGTTGTCAGTTTACATTGCTTACCCTCTATTATCACATCAAAACAAACAATCCAAT,ATGGTGAGCAAGGGCGAGGAGCTGTTCACCGGGGTGGTGCCCATCCTGGTC,test,RPL8A,12.9197479902925,0.2561000883579254
RPL8A_188,CCGACGCAAACAAATTGGAAAAACCAACGCAAAAAAAAAAAGACGCTAAATTGTTTATAAAGGCGAGGAATTTGTATCTATCAATTACTATTCCAGTTGTCAGTTTACATTGCTTACCCTCTATTATCACATCAAAACAACAATCCCAAT,ATGGTGAGCAAGGGCGAGGAGCTGTTCACCGGGGTGGTGCCCATCCTGGTC,test,RPL8A,12.8227337455853,-0.18603843450546265
RPL8A_189,CCGACGCAAACAAATTGGAAAAACCAACGCAAAAAAAAAAAGACGCTAAATTGTTTATAAAGGCGAGGAATTTGTATCTATCAATTACTATTCCAGTTGTCAGTTTACATTGCTTACCCTCTATTATCACATCAAAACAACGGGCCCAAT,ATGGTGAGCAAGGGCGAGGAGCTGTTCACCGGGGTGGTGCCCATCCTGGTC,test,RPL8A,9.94659785635331,-0.2507830262184143
RPL8A_190,CCGACGCAAACAAATTGGAAAAACCAACGCAAAAAAAAAAAGACGCTAAATTGTTTATAAAGGCGAGGAATTTGTATCTATCAATTACTATTCCAGTTGTCAGTTTACATTGCTTACCCTCTATTATCACATCAAAACAAGGAGCCCAAT,ATGGTGAGCAAGGGCGAGGAGCTGTTCACCGGGGTGGTGCCCATCCTGGTC,test,RPL8A,10.7974825383674,-0.1851157248020172
RPL8A_191,CCGACGCAAACAAATTGGAAAAACCAACGCAAAAAAAAAAAGACGCTAAATTGTTTATAAAGGCGAGGAATTTGTATCTATCAATTACTATTCCAGTTGTCAGTTTACATTGCTTACCCTCTATTATCACATCAAAACAACCCCCCCAAT,ATGGTGAGCAAGGGCGAGGAGCTGTTCACCGGGGTGGTGCCCATCCTGGTC,test,RPL8A,11.1185827124509,-0.12458889931440353
RPL8A_192,CCGACGCAAACAAATTGGAAAAACCAACGCAAAAAAAAAAAGACGCTAAATTGTTTATAAAGGCGAGGAATTTGTATCTATCAATTACTATTCCAGTTGTCAGTTTACATTGCTTACCCTCTATTATCACATCAAAACAATCACCCCAAT,ATGGTGAGCAAGGGCGAGGAGCTGTTCACCGGGGTGGTGCCCATCCTGGTC,test,RPL8A,9.93980963149432,-0.08925464004278183
RPL8A_193,CCGACGCAAACAAATTGGAAAAACCAACGCAAAAAAAAAAAGACGCTAAATTGTTTATAAAGGCGAGGAATTTGTATCTATCAATTACTATTCCAGTTGTCAGTTTACATTGCTTACCCTCTATTATCACATCAAAACAACCCACCCAAT,ATGGTGAGCAAGGGCGAGGAGCTGTTCACCGGGGTGGTGCCCATCCTGGTC,test,RPL8A,9.37391855328293,-0.06304005533456802
RPL8A_194,CCGACGCAAACAAATTGGAAAAACCAACGCAAAAAAAAAAAGACGCTAAATTGTTTATAAAGGCGAGGAATTTGTATCTATCAATTACTATTCCAGTTGTCAGTTTACATTGCTTACCCTCTATTATCACATCAAAACAAGGCGTACAAT,ATGGTGAGCAAGGGCGAGGAGCTGTTCACCGGGGTGGTGCCCATCCTGGTC,test,RPL8A,9.26160609196282,-0.05578447878360748
RPL8A_195,CCGACGCAAACAAATTGGAAAAACCAACGCAAAAAAAAAAAGACGCTAAATTGTTTATAAAGGCGAGGAATTTGTATCTATCAATTACTATTCCAGTTGTCAGTTTACATTGCTTACCCTCTATTATCACATCAAAACAAACCAGACAAT,ATGGTGAGCAAGGGCGAGGAGCTGTTCACCGGGGTGGTGCCCATCCTGGTC,test,RPL8A,8.97685657809038,-0.4457519054412842
RPL8A_196,CCGACGCAAACAAATTGGAAAAACCAACGCAAAAAAAAAAAGACGCTAAATTGTTTATAAAGGCGAGGAATTTGTATCTATCAATTACTATTCCAGTTGTCAGTTTACATTGCTTACCCTCTATTATCACATCAAAACAACCGCCACAAT,ATGGTGAGCAAGGGCGAGGAGCTGTTCACCGGGGTGGTGCCCATCCTGGTC,test,RPL8A,10.6314116378655,-0.0804256871342659
RPL8A_197,CCGACGCAAACAAATTGGAAAAACCAACGCAAAAAAAAAAAGACGCTAAATTGTTTATAAAGGCGAGGAATTTGTATCTATCAATTACTATTCCAGTTGTCAGTTTACATTGCTTACCCTCTATTATCACATCAAAACAAATAACACAAT,ATGGTGAGCAAGGGCGAGGAGCTGTTCACCGGGGTGGTGCCCATCCTGGTC,test,RPL8A,11.8807596466175,-0.04240264743566513
RPL8A_198,CCGACGCAAACAAATTGGAAAAACCAACGCAAAAAAAAAAAGACGCTAAATTGTTTATAAAGGCGAGGAATTTGTATCTATCAATTACTATTCCAGTTGTCAGTTTACATTGCTTACCCTCTATTATCACATCAAAACAAAAAAAACAAT,ATGGTGAGCAAGGGCGAGGAGCTGTTCACCGGGGTGGTGCCCATCCTGGTC,test,RPL8A,11.860879716872,-0.40017619729042053
RPL8A_199,CCGACGCAAACAAATTGGAAAAACCAACGCAAAAAAAAAAAGACGCTAAATTGTTTATAAAGGCGAGGAATTTGTATCTATCAATTACTATTCCAGTTGTCAGTTTACATTGCTTACCCTCTATTATCACATCAAAACAAGCACATAAAT,ATGGTGAGCAAGGGCGAGGAGCTGTTCACCGGGGTGGTGCCCATCCTGGTC,test,RPL8A,12.4354428219372,0.08553336560726166
RPL8A_200,CCGACGCAAACAAATTGGAAAAACCAACGCAAAAAAAAAAAGACGCTAAATTGTTTATAAAGGCGAGGAATTTGTATCTATCAATTACTATTCCAGTTGTCAGTTTACATTGCTTACCCTCTATTATCACATCAAAACAACCATTGAAAT,ATGGTGAGCAAGGGCGAGGAGCTGTTCACCGGGGTGGTGCCCATCCTGGTC,test,RPL8A,10.7645960765822,-0.22941026091575623
RPL8A_201,CCGACGCAAACAAATTGGAAAAACCAACGCAAAAAAAAAAAGACGCTAAATTGTTTATAAAGGCGAGGAATTTGTATCTATCAATTACTATTCCAGTTGTCAGTTTACATTGCTTACCCTCTATTATCACATCAAAACAAAAGAGGAAAT,ATGGTGAGCAAGGGCGAGGAGCTGTTCACCGGGGTGGTGCCCATCCTGGTC,test,RPL8A,10.7914469974259,-0.24117064476013184
RPL8A_202,CCGACGCAAACAAATTGGAAAAACCAACGCAAAAAAAAAAAGACGCTAAATTGTTTATAAAGGCGAGGAATTTGTATCTATCAATTACTATTCCAGTTGTCAGTTTACATTGCTTACCCTCTATTATCACATCAAAACAAAGCACGAAAT,ATGGTGAGCAAGGGCGAGGAGCTGTTCACCGGGGTGGTGCCCATCCTGGTC,test,RPL8A,13.0131808788406,0.01046014204621315
RPL8A_203,CCGACGCAAACAAATTGGAAAAACCAACGCAAAAAAAAAAAGACGCTAAATTGTTTATAAAGGCGAGGAATTTGTATCTATCAATTACTATTCCAGTTGTCAGTTTACATTGCTTACCCTCTATTATCACATCAAAACAACGACAGAAAT,ATGGTGAGCAAGGGCGAGGAGCTGTTCACCGGGGTGGTGCCCATCCTGGTC,test,RPL8A,10.6275391429944,-0.29718396067619324
RPL8A_204,CCGACGCAAACAAATTGGAAAAACCAACGCAAAAAAAAAAAGACGCTAAATTGTTTATAAAGGCGAGGAATTTGTATCTATCAATTACTATTCCAGTTGTCAGTTTACATTGCTTACCCTCTATTATCACATCAAAACAAACCAAGAAAT,ATGGTGAGCAAGGGCGAGGAGCTGTTCACCGGGGTGGTGCCCATCCTGGTC,test,RPL8A,11.6017657006513,0.18649229407310486
RPL8A_205,CCGACGCAAACAAATTGGAAAAACCAACGCAAAAAAAAAAAGACGCTAAATTGTTTATAAAGGCGAGGAATTTGTATCTATCAATTACTATTCCAGTTGTCAGTTTACATTGCTTACCCTCTATTATCACATCAAAACAAAACAAGAAAT,ATGGTGAGCAAGGGCGAGGAGCTGTTCACCGGGGTGGTGCCCATCCTGGTC,test,RPL8A,12.0997117538157,0.21022725105285645
RPL8A_206,CCGACGCAAACAAATTGGAAAAACCAACGCAAAAAAAAAAAGACGCTAAATTGTTTATAAAGGCGAGGAATTTGTATCTATCAATTACTATTCCAGTTGTCAGTTTACATTGCTTACCCTCTATTATCACATCAAAACAAAGGCTCAAAT,ATGGTGAGCAAGGGCGAGGAGCTGTTCACCGGGGTGGTGCCCATCCTGGTC,test,RPL8A,12.0634290964623,-0.15236547589302063
RPL8A_207,CCGACGCAAACAAATTGGAAAAACCAACGCAAAAAAAAAAAGACGCTAAATTGTTTATAAAGGCGAGGAATTTGTATCTATCAATTACTATTCCAGTTGTCAGTTTACATTGCTTACCCTCTATTATCACATCAAAACAACAACTCAAAT,ATGGTGAGCAAGGGCGAGGAGCTGTTCACCGGGGTGGTGCCCATCCTGGTC,test,RPL8A,12.0694232663944,-0.05127087980508804
RPL8A_208,CCGACGCAAACAAATTGGAAAAACCAACGCAAAAAAAAAAAGACGCTAAATTGTTTATAAAGGCGAGGAATTTGTATCTATCAATTACTATTCCAGTTGTCAGTTTACATTGCTTACCCTCTATTATCACATCAAAACAAAAGCCCAAAT,ATGGTGAGCAAGGGCGAGGAGCTGTTCACCGGGGTGGTGCCCATCCTGGTC,test,RPL8A,11.7108645632604,-0.2725018262863159
RPL8A_209,CCGACGCAAACAAATTGGAAAAACCAACGCAAAAAAAAAAAGACGCTAAATTGTTTATAAAGGCGAGGAATTTGTATCTATCAATTACTATTCCAGTTGTCAGTTTACATTGCTTACCCTCTATTATCACATCAAAACAAAAACCCAAAT,ATGGTGAGCAAGGGCGAGGAGCTGTTCACCGGGGTGGTGCCCATCCTGGTC,test,RPL8A,11.9590440565222,-0.23644310235977173
RPL8A_210,CCGACGCAAACAAATTGGAAAAACCAACGCAAAAAAAAAAAGACGCTAAATTGTTTATAAAGGCGAGGAATTTGTATCTATCAATTACTATTCCAGTTGTCAGTTTACATTGCTTACCCTCTATTATCACATCAAAACAAGACACCAAAT,ATGGTGAGCAAGGGCGAGGAGCTGTTCACCGGGGTGGTGCCCATCCTGGTC,test,RPL8A,8.35340051441968,-0.03730962425470352
RPL8A_211,CCGACGCAAACAAATTGGAAAAACCAACGCAAAAAAAAAAAGACGCTAAATTGTTTATAAAGGCGAGGAATTTGTATCTATCAATTACTATTCCAGTTGTCAGTTTACATTGCTTACCCTCTATTATCACATCAAAACAAGAATACAAAT,ATGGTGAGCAAGGGCGAGGAGCTGTTCACCGGGGTGGTGCCCATCCTGGTC,test,RPL8A,13.1823032201445,-0.14553576707839966
RPL8A_212,CCGACGCAAACAAATTGGAAAAACCAACGCAAAAAAAAAAAGACGCTAAATTGTTTATAAAGGCGAGGAATTTGTATCTATCAATTACTATTCCAGTTGTCAGTTTACATTGCTTACCCTCTATTATCACATCAAAACAAAACCACAAAT,ATGGTGAGCAAGGGCGAGGAGCTGTTCACCGGGGTGGTGCCCATCCTGGTC,test,RPL8A,10.734642423391,-0.14674162864685059
RPL8A_213,CCGACGCAAACAAATTGGAAAAACCAACGCAAAAAAAAAAAGACGCTAAATTGTTTATAAAGGCGAGGAATTTGTATCTATCAATTACTATTCCAGTTGTCAGTTTACATTGCTTACCCTCTATTATCACATCAAAACAATAACACAAAT,ATGGTGAGCAAGGGCGAGGAGCTGTTCACCGGGGTGGTGCCCATCCTGGTC,test,RPL8A,11.8453978290004,0.03333486616611481
RPL8A_214,CCGACGCAAACAAATTGGAAAAACCAACGCAAAAAAAAAAAGACGCTAAATTGTTTATAAAGGCGAGGAATTTGTATCTATCAATTACTATTCCAGTTGTCAGTTTACATTGCTTACCCTCTATTATCACATCAAAACAAGCAAACAAAT,ATGGTGAGCAAGGGCGAGGAGCTGTTCACCGGGGTGGTGCCCATCCTGGTC,test,RPL8A,9.25552375394278,-0.15480220317840576
RPL8A_215,CCGACGCAAACAAATTGGAAAAACCAACGCAAAAAAAAAAAGACGCTAAATTGTTTATAAAGGCGAGGAATTTGTATCTATCAATTACTATTCCAGTTGTCAGTTTACATTGCTTACCCTCTATTATCACATCAAAACAACCTTGAAAAT,ATGGTGAGCAAGGGCGAGGAGCTGTTCACCGGGGTGGTGCCCATCCTGGTC,test,RPL8A,10.2806044333417,-0.1507110297679901
RPL8A_216,CCGACGCAAACAAATTGGAAAAACCAACGCAAAAAAAAAAAGACGCTAAATTGTTTATAAAGGCGAGGAATTTGTATCTATCAATTACTATTCCAGTTGTCAGTTTACATTGCTTACCCTCTATTATCACATCAAAACAATCGGCAAAAT,ATGGTGAGCAAGGGCGAGGAGCTGTTCACCGGGGTGGTGCCCATCCTGGTC,test,RPL8A,11.1399749027519,-0.09830031543970108
RPL8A_217,CCGACGCAAACAAATTGGAAAAACCAACGCAAAAAAAAAAAGACGCTAAATTGTTTATAAAGGCGAGGAATTTGTATCTATCAATTACTATTCCAGTTGTCAGTTTACATTGCTTACCCTCTATTATCACATCAAAACAACAGTAAAAAT,ATGGTGAGCAAGGGCGAGGAGCTGTTCACCGGGGTGGTGCCCATCCTGGTC,test,RPL8A,13.5258262256609,-0.17266932129859924
RPL8A_218,CCGACGCAAACAAATTGGAAAAACCAACGCAAAAAAAAAAAGACGCTAAATTGTTTATAAAGGCGAGGAATTTGTATCTATCAATTACTATTCCAGTTGTCAGTTTACATTGCTTACCCTCTATTATCACATCAAAACAACCCAAAAAAT,ATGGTGAGCAAGGGCGAGGAGCTGTTCACCGGGGTGGTGCCCATCCTGGTC,test,RPL8A,10.612402222478,-0.1346035897731781
RPL8A_219,CCGACGCAAACAAATTGGAAAAACCAACGCAAAAAAAAAAAGACGCTAAATTGTTTATAAAGGCGAGGAATTTGTATCTATCAATTACTATTCCAGTTGTCAGTTTACATTGCTTACCCTCTATTATCACATCAAAACAAGTAAGCGTTG,ATGGTGAGCAAGGGCGAGGAGCTGTTCACCGGGGTGGTGCCCATCCTGGTC,test,RPL8A,7.53307428356959,-0.2808477580547333
RPL8A_220,CCGACGCAAACAAATTGGAAAAACCAACGCAAAAAAAAAAAGACGCTAAATTGTTTATAAAGGCGAGGAATTTGTATCTATCAATTACTATTCCAGTTGTCAGTTTACATTGCTTACCCTCTATTATCACATCAAAACAAAGAGTCAGTG,ATGGTGAGCAAGGGCGAGGAGCTGTTCACCGGGGTGGTGCCCATCCTGGTC,test,RPL8A,10.1604289728404,-0.3991960287094116
RPL8A_221,CCGACGCAAACAAATTGGAAAAACCAACGCAAAAAAAAAAAGACGCTAAATTGTTTATAAAGGCGAGGAATTTGTATCTATCAATTACTATTCCAGTTGTCAGTTTACATTGCTTACCCTCTATTATCACATCAAAACAAACCCGAAGTG,ATGGTGAGCAAGGGCGAGGAGCTGTTCACCGGGGTGGTGCCCATCCTGGTC,test,RPL8A,8.35361261039981,-0.4681997299194336
RPL8A_222,CCGACGCAAACAAATTGGAAAAACCAACGCAAAAAAAAAAAGACGCTAAATTGTTTATAAAGGCGAGGAATTTGTATCTATCAATTACTATTCCAGTTGTCAGTTTACATTGCTTACCCTCTATTATCACATCAAAACAATTCACAAGTG,ATGGTGAGCAAGGGCGAGGAGCTGTTCACCGGGGTGGTGCCCATCCTGGTC,test,RPL8A,9.74500881686089,-0.16072651743888855
RPL8A_223,CCGACGCAAACAAATTGGAAAAACCAACGCAAAAAAAAAAAGACGCTAAATTGTTTATAAAGGCGAGGAATTTGTATCTATCAATTACTATTCCAGTTGTCAGTTTACATTGCTTACCCTCTATTATCACATCAAAACAAGAAGAAAGTG,ATGGTGAGCAAGGGCGAGGAGCTGTTCACCGGGGTGGTGCCCATCCTGGTC,test,RPL8A,9.24974239152773,-0.3232845067977905
RPL8A_224,CCGACGCAAACAAATTGGAAAAACCAACGCAAAAAAAAAAAGACGCTAAATTGTTTATAAAGGCGAGGAATTTGTATCTATCAATTACTATTCCAGTTGTCAGTTTACATTGCTTACCCTCTATTATCACATCAAAACAAAATCCCCCTG,ATGGTGAGCAAGGGCGAGGAGCTGTTCACCGGGGTGGTGCCCATCCTGGTC,test,RPL8A,9.73809146220348,-0.21602362394332886
RPL8A_225,CCGACGCAAACAAATTGGAAAAACCAACGCAAAAAAAAAAAGACGCTAAATTGTTTATAAAGGCGAGGAATTTGTATCTATCAATTACTATTCCAGTTGTCAGTTTACATTGCTTACCCTCTATTATCACATCAAAACAACTCCACCCTG,ATGGTGAGCAAGGGCGAGGAGCTGTTCACCGGGGTGGTGCCCATCCTGGTC,test,RPL8A,6.34036310216068,-0.15742096304893494
RPL8A_226,CCGACGCAAACAAATTGGAAAAACCAACGCAAAAAAAAAAAGACGCTAAATTGTTTATAAAGGCGAGGAATTTGTATCTATCAATTACTATTCCAGTTGTCAGTTTACATTGCTTACCCTCTATTATCACATCAAAACAACCCACACCTG,ATGGTGAGCAAGGGCGAGGAGCTGTTCACCGGGGTGGTGCCCATCCTGGTC,test,RPL8A,3.69774268490388,-0.14366865158081055
RPL8A_227,CCGACGCAAACAAATTGGAAAAACCAACGCAAAAAAAAAAAGACGCTAAATTGTTTATAAAGGCGAGGAATTTGTATCTATCAATTACTATTCCAGTTGTCAGTTTACATTGCTTACCCTCTATTATCACATCAAAACAACCACAACCTG,ATGGTGAGCAAGGGCGAGGAGCTGTTCACCGGGGTGGTGCCCATCCTGGTC,test,RPL8A,5.9082560361305,-0.25725656747817993
RPL8A_228,CCGACGCAAACAAATTGGAAAAACCAACGCAAAAAAAAAAAGACGCTAAATTGTTTATAAAGGCGAGGAATTTGTATCTATCAATTACTATTCCAGTTGTCAGTTTACATTGCTTACCCTCTATTATCACATCAAAACAAATACCGACTG,ATGGTGAGCAAGGGCGAGGAGCTGTTCACCGGGGTGGTGCCCATCCTGGTC,test,RPL8A,7.30092304815159,-0.42613959312438965
RPL8A_229,CCGACGCAAACAAATTGGAAAAACCAACGCAAAAAAAAAAAGACGCTAAATTGTTTATAAAGGCGAGGAATTTGTATCTATCAATTACTATTCCAGTTGTCAGTTTACATTGCTTACCCTCTATTATCACATCAAAACAAACCAGCACTG,ATGGTGAGCAAGGGCGAGGAGCTGTTCACCGGGGTGGTGCCCATCCTGGTC,test,RPL8A,8.10988840452845,-0.18608951568603516
RPL8A_230,CCGACGCAAACAAATTGGAAAAACCAACGCAAAAAAAAAAAGACGCTAAATTGTTTATAAAGGCGAGGAATTTGTATCTATCAATTACTATTCCAGTTGTCAGTTTACATTGCTTACCCTCTATTATCACATCAAAACAAACGCCCACTG,ATGGTGAGCAAGGGCGAGGAGCTGTTCACCGGGGTGGTGCCCATCCTGGTC,test,RPL8A,7.29265172137431,-0.41038304567337036
RPL8A_231,CCGACGCAAACAAATTGGAAAAACCAACGCAAAAAAAAAAAGACGCTAAATTGTTTATAAAGGCGAGGAATTTGTATCTATCAATTACTATTCCAGTTGTCAGTTTACATTGCTTACCCTCTATTATCACATCAAAACAACCCAAGTATG,ATGGTGAGCAAGGGCGAGGAGCTGTTCACCGGGGTGGTGCCCATCCTGGTC,test,RPL8A,9.21481776502974,0.02382541447877884
RPL8A_232,CCGACGCAAACAAATTGGAAAAACCAACGCAAAAAAAAAAAGACGCTAAATTGTTTATAAAGGCGAGGAATTTGTATCTATCAATTACTATTCCAGTTGTCAGTTTACATTGCTTACCCTCTATTATCACATCAAAACAAACACCATATG,ATGGTGAGCAAGGGCGAGGAGCTGTTCACCGGGGTGGTGCCCATCCTGGTC,test,RPL8A,8.11302269531394,-0.25401681661605835
RPL8A_233,CCGACGCAAACAAATTGGAAAAACCAACGCAAAAAAAAAAAGACGCTAAATTGTTTATAAAGGCGAGGAATTTGTATCTATCAATTACTATTCCAGTTGTCAGTTTACATTGCTTACCCTCTATTATCACATCAAAACAAAGGCCCGATG,ATGGTGAGCAAGGGCGAGGAGCTGTTCACCGGGGTGGTGCCCATCCTGGTC,test,RPL8A,4.61260126005508,-0.3640379011631012
RPL8A_234,CCGACGCAAACAAATTGGAAAAACCAACGCAAAAAAAAAAAGACGCTAAATTGTTTATAAAGGCGAGGAATTTGTATCTATCAATTACTATTCCAGTTGTCAGTTTACATTGCTTACCCTCTATTATCACATCAAAACAAACCACTCATG,ATGGTGAGCAAGGGCGAGGAGCTGTTCACCGGGGTGGTGCCCATCCTGGTC,test,RPL8A,11.5595185026919,-0.10111156851053238
RPL8A_235,CCGACGCAAACAAATTGGAAAAACCAACGCAAAAAAAAAAAGACGCTAAATTGTTTATAAAGGCGAGGAATTTGTATCTATCAATTACTATTCCAGTTGTCAGTTTACATTGCTTACCCTCTATTATCACATCAAAACAACCGAATCATG,ATGGTGAGCAAGGGCGAGGAGCTGTTCACCGGGGTGGTGCCCATCCTGGTC,test,RPL8A,10.2411359035917,-0.42175716161727905
RPL8A_236,CCGACGCAAACAAATTGGAAAAACCAACGCAAAAAAAAAAAGACGCTAAATTGTTTATAAAGGCGAGGAATTTGTATCTATCAATTACTATTCCAGTTGTCAGTTTACATTGCTTACCCTCTATTATCACATCAAAACAACACGCCCATG,ATGGTGAGCAAGGGCGAGGAGCTGTTCACCGGGGTGGTGCCCATCCTGGTC,test,RPL8A,10.1278658691626,-0.3569732904434204
RPL8A_237,CCGACGCAAACAAATTGGAAAAACCAACGCAAAAAAAAAAAGACGCTAAATTGTTTATAAAGGCGAGGAATTTGTATCTATCAATTACTATTCCAGTTGTCAGTTTACATTGCTTACCCTCTATTATCACATCAAAACAACTTGATAATG,ATGGTGAGCAAGGGCGAGGAGCTGTTCACCGGGGTGGTGCCCATCCTGGTC,test,RPL8A,10.3260750186343,-0.4332320988178253
RPL8A_238,CCGACGCAAACAAATTGGAAAAACCAACGCAAAAAAAAAAAGACGCTAAATTGTTTATAAAGGCGAGGAATTTGTATCTATCAATTACTATTCCAGTTGTCAGTTTACATTGCTTACCCTCTATTATCACATCAAAACAACGCTAAAATG,ATGGTGAGCAAGGGCGAGGAGCTGTTCACCGGGGTGGTGCCCATCCTGGTC,test,RPL8A,9.51968466165003,-0.19031774997711182
RPL8A_239,CCGACGCAAACAAATTGGAAAAACCAACGCAAAAAAAAAAAGACGCTAAATTGTTTATAAAGGCGAGGAATTTGTATCTATCAATTACTATTCCAGTTGTCAGTTTACATTGCTTACCCTCTATTATCACATCAAAACAAAGTAAGCTGG,ATGGTGAGCAAGGGCGAGGAGCTGTTCACCGGGGTGGTGCCCATCCTGGTC,test,RPL8A,5.06154252510144,-0.3603816032409668
RPL8A_240,CCGACGCAAACAAATTGGAAAAACCAACGCAAAAAAAAAAAGACGCTAAATTGTTTATAAAGGCGAGGAATTTGTATCTATCAATTACTATTCCAGTTGTCAGTTTACATTGCTTACCCTCTATTATCACATCAAAACAAATATATAGGG,ATGGTGAGCAAGGGCGAGGAGCTGTTCACCGGGGTGGTGCCCATCCTGGTC,test,RPL8A,7.15354400118408,-0.3541087210178375
RPL8A_241,CCGACGCAAACAAATTGGAAAAACCAACGCAAAAAAAAAAAGACGCTAAATTGTTTATAAAGGCGAGGAATTTGTATCTATCAATTACTATTCCAGTTGTCAGTTTACATTGCTTACCCTCTATTATCACATCAAAACAAGAACGGAGGG,ATGGTGAGCAAGGGCGAGGAGCTGTTCACCGGGGTGGTGCCCATCCTGGTC,test,RPL8A,7.50107046890553,-0.366453617811203
RPL8A_242,CCGACGCAAACAAATTGGAAAAACCAACGCAAAAAAAAAAAGACGCTAAATTGTTTATAAAGGCGAGGAATTTGTATCTATCAATTACTATTCCAGTTGTCAGTTTACATTGCTTACCCTCTATTATCACATCAAAACAACGGAAGAGGG,ATGGTGAGCAAGGGCGAGGAGCTGTTCACCGGGGTGGTGCCCATCCTGGTC,test,RPL8A,2.28596549835029,-0.3286130428314209
RPL8A_243,CCGACGCAAACAAATTGGAAAAACCAACGCAAAAAAAAAAAGACGCTAAATTGTTTATAAAGGCGAGGAATTTGTATCTATCAATTACTATTCCAGTTGTCAGTTTACATTGCTTACCCTCTATTATCACATCAAAACAATTCTCCAGGG,ATGGTGAGCAAGGGCGAGGAGCTGTTCACCGGGGTGGTGCCCATCCTGGTC,test,RPL8A,4.60967605081803,-0.2870017886161804
RPL8A_244,CCGACGCAAACAAATTGGAAAAACCAACGCAAAAAAAAAAAGACGCTAAATTGTTTATAAAGGCGAGGAATTTGTATCTATCAATTACTATTCCAGTTGTCAGTTTACATTGCTTACCCTCTATTATCACATCAAAACAAAAACACAGGG,ATGGTGAGCAAGGGCGAGGAGCTGTTCACCGGGGTGGTGCCCATCCTGGTC,test,RPL8A,7.05324230454136,-0.42285269498825073
RPL8A_245,CCGACGCAAACAAATTGGAAAAACCAACGCAAAAAAAAAAAGACGCTAAATTGTTTATAAAGGCGAGGAATTTGTATCTATCAATTACTATTCCAGTTGTCAGTTTACATTGCTTACCCTCTATTATCACATCAAAACAACATCTAAGGG,ATGGTGAGCAAGGGCGAGGAGCTGTTCACCGGGGTGGTGCCCATCCTGGTC,test,RPL8A,2.61004123208234,-0.012902621179819107
RPL8A_246,CCGACGCAAACAAATTGGAAAAACCAACGCAAAAAAAAAAAGACGCTAAATTGTTTATAAAGGCGAGGAATTTGTATCTATCAATTACTATTCCAGTTGTCAGTTTACATTGCTTACCCTCTATTATCACATCAAAACAACATAAAAGGG,ATGGTGAGCAAGGGCGAGGAGCTGTTCACCGGGGTGGTGCCCATCCTGGTC,test,RPL8A,5.15197951591517,0.028466414660215378
RPL8A_247,CCGACGCAAACAAATTGGAAAAACCAACGCAAAAAAAAAAAGACGCTAAATTGTTTATAAAGGCGAGGAATTTGTATCTATCAATTACTATTCCAGTTGTCAGTTTACATTGCTTACCCTCTATTATCACATCAAAACAACCACCGCCGG,ATGGTGAGCAAGGGCGAGGAGCTGTTCACCGGGGTGGTGCCCATCCTGGTC,test,RPL8A,2.03971281148667,-0.18883997201919556
RPL8A_248,CCGACGCAAACAAATTGGAAAAACCAACGCAAAAAAAAAAAGACGCTAAATTGTTTATAAAGGCGAGGAATTTGTATCTATCAATTACTATTCCAGTTGTCAGTTTACATTGCTTACCCTCTATTATCACATCAAAACAACAAACGCCGG,ATGGTGAGCAAGGGCGAGGAGCTGTTCACCGGGGTGGTGCCCATCCTGGTC,test,RPL8A,4.8209526312135,-0.4454023241996765
RPL8A_249,CCGACGCAAACAAATTGGAAAAACCAACGCAAAAAAAAAAAGACGCTAAATTGTTTATAAAGGCGAGGAATTTGTATCTATCAATTACTATTCCAGTTGTCAGTTTACATTGCTTACCCTCTATTATCACATCAAAACAATAAAACCCGG,ATGGTGAGCAAGGGCGAGGAGCTGTTCACCGGGGTGGTGCCCATCCTGGTC,test,RPL8A,6.20693785424795,-0.42713314294815063
RPL8A_250,CCGACGCAAACAAATTGGAAAAACCAACGCAAAAAAAAAAAGACGCTAAATTGTTTATAAAGGCGAGGAATTTGTATCTATCAATTACTATTCCAGTTGTCAGTTTACATTGCTTACCCTCTATTATCACATCAAAACAACAACAACCGG,ATGGTGAGCAAGGGCGAGGAGCTGTTCACCGGGGTGGTGCCCATCCTGGTC,test,RPL8A,3.54716552250913,-0.2977437376976013
RPL8A_251,CCGACGCAAACAAATTGGAAAAACCAACGCAAAAAAAAAAAGACGCTAAATTGTTTATAAAGGCGAGGAATTTGTATCTATCAATTACTATTCCAGTTGTCAGTTTACATTGCTTACCCTCTATTATCACATCAAAACAAAGCAAACCGG,ATGGTGAGCAAGGGCGAGGAGCTGTTCACCGGGGTGGTGCCCATCCTGGTC,test,RPL8A,5.3995352685298,-0.4203014373779297
RPL8A_252,CCGACGCAAACAAATTGGAAAAACCAACGCAAAAAAAAAAAGACGCTAAATTGTTTATAAAGGCGAGGAATTTGTATCTATCAATTACTATTCCAGTTGTCAGTTTACATTGCTTACCCTCTATTATCACATCAAAACAAAGACTTACGG,ATGGTGAGCAAGGGCGAGGAGCTGTTCACCGGGGTGGTGCCCATCCTGGTC,test,RPL8A,6.4071783546244,-0.390010803937912
RPL8A_253,CCGACGCAAACAAATTGGAAAAACCAACGCAAAAAAAAAAAGACGCTAAATTGTTTATAAAGGCGAGGAATTTGTATCTATCAATTACTATTCCAGTTGTCAGTTTACATTGCTTACCCTCTATTATCACATCAAAACAAGAAGCTACGG,ATGGTGAGCAAGGGCGAGGAGCTGTTCACCGGGGTGGTGCCCATCCTGGTC,test,RPL8A,7.12622462279931,-0.411782443523407
RPL8A_254,CCGACGCAAACAAATTGGAAAAACCAACGCAAAAAAAAAAAGACGCTAAATTGTTTATAAAGGCGAGGAATTTGTATCTATCAATTACTATTCCAGTTGTCAGTTTACATTGCTTACCCTCTATTATCACATCAAAACAAAGAACGACGG,ATGGTGAGCAAGGGCGAGGAGCTGTTCACCGGGGTGGTGCCCATCCTGGTC,test,RPL8A,6.40993959761239,-0.39732789993286133
RPL8A_255,CCGACGCAAACAAATTGGAAAAACCAACGCAAAAAAAAAAAGACGCTAAATTGTTTATAAAGGCGAGGAATTTGTATCTATCAATTACTATTCCAGTTGTCAGTTTACATTGCTTACCCTCTATTATCACATCAAAACAACCCGCCACGG,ATGGTGAGCAAGGGCGAGGAGCTGTTCACCGGGGTGGTGCCCATCCTGGTC,test,RPL8A,4.88519644897868,-0.4139149487018585
RPL8A_256,CCGACGCAAACAAATTGGAAAAACCAACGCAAAAAAAAAAAGACGCTAAATTGTTTATAAAGGCGAGGAATTTGTATCTATCAATTACTATTCCAGTTGTCAGTTTACATTGCTTACCCTCTATTATCACATCAAAACAAAATCACACGG,ATGGTGAGCAAGGGCGAGGAGCTGTTCACCGGGGTGGTGCCCATCCTGGTC,test,RPL8A,6.0602504839517,-0.41503623127937317
RPL8A_257,CCGACGCAAACAAATTGGAAAAACCAACGCAAAAAAAAAAAGACGCTAAATTGTTTATAAAGGCGAGGAATTTGTATCTATCAATTACTATTCCAGTTGTCAGTTTACATTGCTTACCCTCTATTATCACATCAAAACAACATCAAACGG,ATGGTGAGCAAGGGCGAGGAGCTGTTCACCGGGGTGGTGCCCATCCTGGTC,test,RPL8A,2.45706047638095,-0.030921708792448044
RPL8A_258,CCGACGCAAACAAATTGGAAAAACCAACGCAAAAAAAAAAAGACGCTAAATTGTTTATAAAGGCGAGGAATTTGTATCTATCAATTACTATTCCAGTTGTCAGTTTACATTGCTTACCCTCTATTATCACATCAAAACAAAGTGATTAGG,ATGGTGAGCAAGGGCGAGGAGCTGTTCACCGGGGTGGTGCCCATCCTGGTC,test,RPL8A,8.56933723349799,-0.37410077452659607
RPL8A_259,CCGACGCAAACAAATTGGAAAAACCAACGCAAAAAAAAAAAGACGCTAAATTGTTTATAAAGGCGAGGAATTTGTATCTATCAATTACTATTCCAGTTGTCAGTTTACATTGCTTACCCTCTATTATCACATCAAAACAAGAACACTAGG,ATGGTGAGCAAGGGCGAGGAGCTGTTCACCGGGGTGGTGCCCATCCTGGTC,test,RPL8A,10.0411443674255,-0.4010315537452698
RPL8A_260,CCGACGCAAACAAATTGGAAAAACCAACGCAAAAAAAAAAAGACGCTAAATTGTTTATAAAGGCGAGGAATTTGTATCTATCAATTACTATTCCAGTTGTCAGTTTACATTGCTTACCCTCTATTATCACATCAAAACAACAAATATAGG,ATGGTGAGCAAGGGCGAGGAGCTGTTCACCGGGGTGGTGCCCATCCTGGTC,test,RPL8A,8.84744714610772,0.05891559273004532
RPL8A_261,CCGACGCAAACAAATTGGAAAAACCAACGCAAAAAAAAAAAGACGCTAAATTGTTTATAAAGGCGAGGAATTTGTATCTATCAATTACTATTCCAGTTGTCAGTTTACATTGCTTACCCTCTATTATCACATCAAAACAAATCGGCGAGG,ATGGTGAGCAAGGGCGAGGAGCTGTTCACCGGGGTGGTGCCCATCCTGGTC,test,RPL8A,9.67474119339365,-0.3883454203605652
RPL8A_262,CCGACGCAAACAAATTGGAAAAACCAACGCAAAAAAAAAAAGACGCTAAATTGTTTATAAAGGCGAGGAATTTGTATCTATCAATTACTATTCCAGTTGTCAGTTTACATTGCTTACCCTCTATTATCACATCAAAACAACAACACGAGG,ATGGTGAGCAAGGGCGAGGAGCTGTTCACCGGGGTGGTGCCCATCCTGGTC,test,RPL8A,7.80879745459393,-0.3271263837814331
RPL8A_263,CCGACGCAAACAAATTGGAAAAACCAACGCAAAAAAAAAAAGACGCTAAATTGTTTATAAAGGCGAGGAATTTGTATCTATCAATTACTATTCCAGTTGTCAGTTTACATTGCTTACCCTCTATTATCACATCAAAACAAAGCCCAGAGG,ATGGTGAGCAAGGGCGAGGAGCTGTTCACCGGGGTGGTGCCCATCCTGGTC,test,RPL8A,7.75682568681296,-0.4324033856391907
RPL8A_264,CCGACGCAAACAAATTGGAAAAACCAACGCAAAAAAAAAAAGACGCTAAATTGTTTATAAAGGCGAGGAATTTGTATCTATCAATTACTATTCCAGTTGTCAGTTTACATTGCTTACCCTCTATTATCACATCAAAACAAACAACTCAGG,ATGGTGAGCAAGGGCGAGGAGCTGTTCACCGGGGTGGTGCCCATCCTGGTC,test,RPL8A,10.6301519839187,0.3110673725605011
RPL8A_265,CCGACGCAAACAAATTGGAAAAACCAACGCAAAAAAAAAAAGACGCTAAATTGTTTATAAAGGCGAGGAATTTGTATCTATCAATTACTATTCCAGTTGTCAGTTTACATTGCTTACCCTCTATTATCACATCAAAACAAAGCGCGCAGG,ATGGTGAGCAAGGGCGAGGAGCTGTTCACCGGGGTGGTGCCCATCCTGGTC,test,RPL8A,12.4188958772067,-0.36975160241127014
RPL8A_266,CCGACGCAAACAAATTGGAAAAACCAACGCAAAAAAAAAAAGACGCTAAATTGTTTATAAAGGCGAGGAATTTGTATCTATCAATTACTATTCCAGTTGTCAGTTTACATTGCTTACCCTCTATTATCACATCAAAACAAACCCAGCAGG,ATGGTGAGCAAGGGCGAGGAGCTGTTCACCGGGGTGGTGCCCATCCTGGTC,test,RPL8A,9.27243740722738,-0.4527740478515625
RPL8A_267,CCGACGCAAACAAATTGGAAAAACCAACGCAAAAAAAAAAAGACGCTAAATTGTTTATAAAGGCGAGGAATTTGTATCTATCAATTACTATTCCAGTTGTCAGTTTACATTGCTTACCCTCTATTATCACATCAAAACAACAAACCCAGG,ATGGTGAGCAAGGGCGAGGAGCTGTTCACCGGGGTGGTGCCCATCCTGGTC,test,RPL8A,4.4181438411898,0.14381307363510132
RPL8A_268,CCGACGCAAACAAATTGGAAAAACCAACGCAAAAAAAAAAAGACGCTAAATTGTTTATAAAGGCGAGGAATTTGTATCTATCAATTACTATTCCAGTTGTCAGTTTACATTGCTTACCCTCTATTATCACATCAAAACAAAAATCACAGG,ATGGTGAGCAAGGGCGAGGAGCTGTTCACCGGGGTGGTGCCCATCCTGGTC,test,RPL8A,10.1939397246478,-0.40188074111938477
RPL8A_269,CCGACGCAAACAAATTGGAAAAACCAACGCAAAAAAAAAAAGACGCTAAATTGTTTATAAAGGCGAGGAATTTGTATCTATCAATTACTATTCCAGTTGTCAGTTTACATTGCTTACCCTCTATTATCACATCAAAACAAACGACACAGG,ATGGTGAGCAAGGGCGAGGAGCTGTTCACCGGGGTGGTGCCCATCCTGGTC,test,RPL8A,7.86829452099408,-0.37999117374420166
RPL8A_270,CCGACGCAAACAAATTGGAAAAACCAACGCAAAAAAAAAAAGACGCTAAATTGTTTATAAAGGCGAGGAATTTGTATCTATCAATTACTATTCCAGTTGTCAGTTTACATTGCTTACCCTCTATTATCACATCAAAACAAACAACACAGG,ATGGTGAGCAAGGGCGAGGAGCTGTTCACCGGGGTGGTGCCCATCCTGGTC,test,RPL8A,9.5370804506521,0.27944105863571167
RPL8A_271,CCGACGCAAACAAATTGGAAAAACCAACGCAAAAAAAAAAAGACGCTAAATTGTTTATAAAGGCGAGGAATTTGTATCTATCAATTACTATTCCAGTTGTCAGTTTACATTGCTTACCCTCTATTATCACATCAAAACAAACGGCGAAGG,ATGGTGAGCAAGGGCGAGGAGCTGTTCACCGGGGTGGTGCCCATCCTGGTC,test,RPL8A,10.2159345892734,-0.32464852929115295
RPL8A_272,CCGACGCAAACAAATTGGAAAAACCAACGCAAAAAAAAAAAGACGCTAAATTGTTTATAAAGGCGAGGAATTTGTATCTATCAATTACTATTCCAGTTGTCAGTTTACATTGCTTACCCTCTATTATCACATCAAAACAAGCGAAGAAGG,ATGGTGAGCAAGGGCGAGGAGCTGTTCACCGGGGTGGTGCCCATCCTGGTC,test,RPL8A,8.77235087468628,-0.30403605103492737
RPL8A_273,CCGACGCAAACAAATTGGAAAAACCAACGCAAAAAAAAAAAGACGCTAAATTGTTTATAAAGGCGAGGAATTTGTATCTATCAATTACTATTCCAGTTGTCAGTTTACATTGCTTACCCTCTATTATCACATCAAAACAAAACGCCAAGG,ATGGTGAGCAAGGGCGAGGAGCTGTTCACCGGGGTGGTGCCCATCCTGGTC,test,RPL8A,9.60993296530405,-0.4362011253833771
RPL8A_274,CCGACGCAAACAAATTGGAAAAACCAACGCAAAAAAAAAAAGACGCTAAATTGTTTATAAAGGCGAGGAATTTGTATCTATCAATTACTATTCCAGTTGTCAGTTTACATTGCTTACCCTCTATTATCACATCAAAACAACAGACCAAGG,ATGGTGAGCAAGGGCGAGGAGCTGTTCACCGGGGTGGTGCCCATCCTGGTC,test,RPL8A,8.39178948508643,-0.18110305070877075
RPL8A_275,CCGACGCAAACAAATTGGAAAAACCAACGCAAAAAAAAAAAGACGCTAAATTGTTTATAAAGGCGAGGAATTTGTATCTATCAATTACTATTCCAGTTGTCAGTTTACATTGCTTACCCTCTATTATCACATCAAAACAACAGACCTTCG,ATGGTGAGCAAGGGCGAGGAGCTGTTCACCGGGGTGGTGCCCATCCTGGTC,test,RPL8A,5.69610357274584,0.21021878719329834
RPL8A_276,CCGACGCAAACAAATTGGAAAAACCAACGCAAAAAAAAAAAGACGCTAAATTGTTTATAAAGGCGAGGAATTTGTATCTATCAATTACTATTCCAGTTGTCAGTTTACATTGCTTACCCTCTATTATCACATCAAAACAATACCCAGTCG,ATGGTGAGCAAGGGCGAGGAGCTGTTCACCGGGGTGGTGCCCATCCTGGTC,test,RPL8A,4.23546421631423,-0.5030285120010376
RPL8A_277,CCGACGCAAACAAATTGGAAAAACCAACGCAAAAAAAAAAAGACGCTAAATTGTTTATAAAGGCGAGGAATTTGTATCTATCAATTACTATTCCAGTTGTCAGTTTACATTGCTTACCCTCTATTATCACATCAAAACAAGCACGGCTCG,ATGGTGAGCAAGGGCGAGGAGCTGTTCACCGGGGTGGTGCCCATCCTGGTC,test,RPL8A,9.76940708318142,-0.3903788924217224
RPL8A_278,CCGACGCAAACAAATTGGAAAAACCAACGCAAAAAAAAAAAGACGCTAAATTGTTTATAAAGGCGAGGAATTTGTATCTATCAATTACTATTCCAGTTGTCAGTTTACATTGCTTACCCTCTATTATCACATCAAAACAACCTGACCTCG,ATGGTGAGCAAGGGCGAGGAGCTGTTCACCGGGGTGGTGCCCATCCTGGTC,test,RPL8A,5.31559838864472,-0.08849475532770157
RPL8A_279,CCGACGCAAACAAATTGGAAAAACCAACGCAAAAAAAAAAAGACGCTAAATTGTTTATAAAGGCGAGGAATTTGTATCTATCAATTACTATTCCAGTTGTCAGTTTACATTGCTTACCCTCTATTATCACATCAAAACAACAGAACCTCG,ATGGTGAGCAAGGGCGAGGAGCTGTTCACCGGGGTGGTGCCCATCCTGGTC,test,RPL8A,8.32046438301021,0.017669348046183586
RPL8A_280,CCGACGCAAACAAATTGGAAAAACCAACGCAAAAAAAAAAAGACGCTAAATTGTTTATAAAGGCGAGGAATTTGTATCTATCAATTACTATTCCAGTTGTCAGTTTACATTGCTTACCCTCTATTATCACATCAAAACAAAAAACACTCG,ATGGTGAGCAAGGGCGAGGAGCTGTTCACCGGGGTGGTGCCCATCCTGGTC,test,RPL8A,9.52894607249831,-0.3819417953491211
RPL8A_281,CCGACGCAAACAAATTGGAAAAACCAACGCAAAAAAAAAAAGACGCTAAATTGTTTATAAAGGCGAGGAATTTGTATCTATCAATTACTATTCCAGTTGTCAGTTTACATTGCTTACCCTCTATTATCACATCAAAACAAAATAAACTCG,ATGGTGAGCAAGGGCGAGGAGCTGTTCACCGGGGTGGTGCCCATCCTGGTC,test,RPL8A,10.5550724545896,-0.309945285320282
RPL8A_282,CCGACGCAAACAAATTGGAAAAACCAACGCAAAAAAAAAAAGACGCTAAATTGTTTATAAAGGCGAGGAATTTGTATCTATCAATTACTATTCCAGTTGTCAGTTTACATTGCTTACCCTCTATTATCACATCAAAACAACCCAAACTCG,ATGGTGAGCAAGGGCGAGGAGCTGTTCACCGGGGTGGTGCCCATCCTGGTC,test,RPL8A,7.84811660085161,-0.3014889359474182
RPL8A_283,CCGACGCAAACAAATTGGAAAAACCAACGCAAAAAAAAAAAGACGCTAAATTGTTTATAAAGGCGAGGAATTTGTATCTATCAATTACTATTCCAGTTGTCAGTTTACATTGCTTACCCTCTATTATCACATCAAAACAAAATCCCATCG,ATGGTGAGCAAGGGCGAGGAGCTGTTCACCGGGGTGGTGCCCATCCTGGTC,test,RPL8A,6.59791422689265,-0.23949992656707764
RPL8A_284,CCGACGCAAACAAATTGGAAAAACCAACGCAAAAAAAAAAAGACGCTAAATTGTTTATAAAGGCGAGGAATTTGTATCTATCAATTACTATTCCAGTTGTCAGTTTACATTGCTTACCCTCTATTATCACATCAAAACAAGGCCCCATCG,ATGGTGAGCAAGGGCGAGGAGCTGTTCACCGGGGTGGTGCCCATCCTGGTC,test,RPL8A,5.16162547926726,-0.09731454402208328
RPL8A_285,CCGACGCAAACAAATTGGAAAAACCAACGCAAAAAAAAAAAGACGCTAAATTGTTTATAAAGGCGAGGAATTTGTATCTATCAATTACTATTCCAGTTGTCAGTTTACATTGCTTACCCTCTATTATCACATCAAAACAACACCAAATCG,ATGGTGAGCAAGGGCGAGGAGCTGTTCACCGGGGTGGTGCCCATCCTGGTC,test,RPL8A,4.01243371330854,-0.43014296889305115
RPL8A_286,CCGACGCAAACAAATTGGAAAAACCAACGCAAAAAAAAAAAGACGCTAAATTGTTTATAAAGGCGAGGAATTTGTATCTATCAATTACTATTCCAGTTGTCAGTTTACATTGCTTACCCTCTATTATCACATCAAAACAACAACGGGGCG,ATGGTGAGCAAGGGCGAGGAGCTGTTCACCGGGGTGGTGCCCATCCTGGTC,test,RPL8A,3.81149383413237,-0.2746656835079193
RPL8A_287,CCGACGCAAACAAATTGGAAAAACCAACGCAAAAAAAAAAAGACGCTAAATTGTTTATAAAGGCGAGGAATTTGTATCTATCAATTACTATTCCAGTTGTCAGTTTACATTGCTTACCCTCTATTATCACATCAAAACAACCCGAGCGCG,ATGGTGAGCAAGGGCGAGGAGCTGTTCACCGGGGTGGTGCCCATCCTGGTC,test,RPL8A,9.3060508676746,-0.4376178979873657
RPL8A_288,CCGACGCAAACAAATTGGAAAAACCAACGCAAAAAAAAAAAGACGCTAAATTGTTTATAAAGGCGAGGAATTTGTATCTATCAATTACTATTCCAGTTGTCAGTTTACATTGCTTACCCTCTATTATCACATCAAAACAAAATCTCCGCG,ATGGTGAGCAAGGGCGAGGAGCTGTTCACCGGGGTGGTGCCCATCCTGGTC,test,RPL8A,10.7362468291036,-0.145768404006958
RPL8A_289,CCGACGCAAACAAATTGGAAAAACCAACGCAAAAAAAAAAAGACGCTAAATTGTTTATAAAGGCGAGGAATTTGTATCTATCAATTACTATTCCAGTTGTCAGTTTACATTGCTTACCCTCTATTATCACATCAAAACAAACCCTCCGCG,ATGGTGAGCAAGGGCGAGGAGCTGTTCACCGGGGTGGTGCCCATCCTGGTC,test,RPL8A,10.7528811287729,-0.14086785912513733
RPL8A_290,CCGACGCAAACAAATTGGAAAAACCAACGCAAAAAAAAAAAGACGCTAAATTGTTTATAAAGGCGAGGAATTTGTATCTATCAATTACTATTCCAGTTGTCAGTTTACATTGCTTACCCTCTATTATCACATCAAAACAAATGATCCGCG,ATGGTGAGCAAGGGCGAGGAGCTGTTCACCGGGGTGGTGCCCATCCTGGTC,test,RPL8A,4.5391371650624,-0.08213241398334503
RPL8A_291,CCGACGCAAACAAATTGGAAAAACCAACGCAAAAAAAAAAAGACGCTAAATTGTTTATAAAGGCGAGGAATTTGTATCTATCAATTACTATTCCAGTTGTCAGTTTACATTGCTTACCCTCTATTATCACATCAAAACAACAGCCCCGCG,ATGGTGAGCAAGGGCGAGGAGCTGTTCACCGGGGTGGTGCCCATCCTGGTC,test,RPL8A,10.2902403203545,-0.16575855016708374
RPL8A_292,CCGACGCAAACAAATTGGAAAAACCAACGCAAAAAAAAAAAGACGCTAAATTGTTTATAAAGGCGAGGAATTTGTATCTATCAATTACTATTCCAGTTGTCAGTTTACATTGCTTACCCTCTATTATCACATCAAAACAACAACACCGCG,ATGGTGAGCAAGGGCGAGGAGCTGTTCACCGGGGTGGTGCCCATCCTGGTC,test,RPL8A,6.29609049413097,-0.17838478088378906
RPL8A_293,CCGACGCAAACAAATTGGAAAAACCAACGCAAAAAAAAAAAGACGCTAAATTGTTTATAAAGGCGAGGAATTTGTATCTATCAATTACTATTCCAGTTGTCAGTTTACATTGCTTACCCTCTATTATCACATCAAAACAAATCCAACGCG,ATGGTGAGCAAGGGCGAGGAGCTGTTCACCGGGGTGGTGCCCATCCTGGTC,test,RPL8A,10.9889911444443,-0.47739434242248535
RPL8A_294,CCGACGCAAACAAATTGGAAAAACCAACGCAAAAAAAAAAAGACGCTAAATTGTTTATAAAGGCGAGGAATTTGTATCTATCAATTACTATTCCAGTTGTCAGTTTACATTGCTTACCCTCTATTATCACATCAAAACAACAAGATAGCG,ATGGTGAGCAAGGGCGAGGAGCTGTTCACCGGGGTGGTGCCCATCCTGGTC,test,RPL8A,10.020793344549,-0.04541746526956558
RPL8A_295,CCGACGCAAACAAATTGGAAAAACCAACGCAAAAAAAAAAAGACGCTAAATTGTTTATAAAGGCGAGGAATTTGTATCTATCAATTACTATTCCAGTTGTCAGTTTACATTGCTTACCCTCTATTATCACATCAAAACAAAGAAAGAGCG,ATGGTGAGCAAGGGCGAGGAGCTGTTCACCGGGGTGGTGCCCATCCTGGTC,test,RPL8A,11.0368960279672,-0.4068757891654968
RPL8A_296,CCGACGCAAACAAATTGGAAAAACCAACGCAAAAAAAAAAAGACGCTAAATTGTTTATAAAGGCGAGGAATTTGTATCTATCAATTACTATTCCAGTTGTCAGTTTACATTGCTTACCCTCTATTATCACATCAAAACAATACCGCAGCG,ATGGTGAGCAAGGGCGAGGAGCTGTTCACCGGGGTGGTGCCCATCCTGGTC,test,RPL8A,9.74655199004514,-0.4487910866737366
RPL8A_297,CCGACGCAAACAAATTGGAAAAACCAACGCAAAAAAAAAAAGACGCTAAATTGTTTATAAAGGCGAGGAATTTGTATCTATCAATTACTATTCCAGTTGTCAGTTTACATTGCTTACCCTCTATTATCACATCAAAACAAGGATCCAGCG,ATGGTGAGCAAGGGCGAGGAGCTGTTCACCGGGGTGGTGCCCATCCTGGTC,test,RPL8A,10.7047137716984,-0.40059295296669006
RPL8A_298,CCGACGCAAACAAATTGGAAAAACCAACGCAAAAAAAAAAAGACGCTAAATTGTTTATAAAGGCGAGGAATTTGTATCTATCAATTACTATTCCAGTTGTCAGTTTACATTGCTTACCCTCTATTATCACATCAAAACAAACACCCAGCG,ATGGTGAGCAAGGGCGAGGAGCTGTTCACCGGGGTGGTGCCCATCCTGGTC,test,RPL8A,8.63018661462003,-0.4635324776172638
RPL8A_299,CCGACGCAAACAAATTGGAAAAACCAACGCAAAAAAAAAAAGACGCTAAATTGTTTATAAAGGCGAGGAATTTGTATCTATCAATTACTATTCCAGTTGTCAGTTTACATTGCTTACCCTCTATTATCACATCAAAACAAAATAGAAGCG,ATGGTGAGCAAGGGCGAGGAGCTGTTCACCGGGGTGGTGCCCATCCTGGTC,test,RPL8A,10.7501690715299,-0.43730732798576355
RPL8A_300,CCGACGCAAACAAATTGGAAAAACCAACGCAAAAAAAAAAAGACGCTAAATTGTTTATAAAGGCGAGGAATTTGTATCTATCAATTACTATTCCAGTTGTCAGTTTACATTGCTTACCCTCTATTATCACATCAAAACAACACCCAAGCG,ATGGTGAGCAAGGGCGAGGAGCTGTTCACCGGGGTGGTGCCCATCCTGGTC,test,RPL8A,6.98863149046342,-0.485819935798645
RPL8A_301,CCGACGCAAACAAATTGGAAAAACCAACGCAAAAAAAAAAAGACGCTAAATTGTTTATAAAGGCGAGGAATTTGTATCTATCAATTACTATTCCAGTTGTCAGTTTACATTGCTTACCCTCTATTATCACATCAAAACAACAAACAAGCG,ATGGTGAGCAAGGGCGAGGAGCTGTTCACCGGGGTGGTGCCCATCCTGGTC,test,RPL8A,11.4900115582438,-0.2872934341430664
RPL8A_302,CCGACGCAAACAAATTGGAAAAACCAACGCAAAAAAAAAAAGACGCTAAATTGTTTATAAAGGCGAGGAATTTGTATCTATCAATTACTATTCCAGTTGTCAGTTTACATTGCTTACCCTCTATTATCACATCAAAACAATTCCCTTCCG,ATGGTGAGCAAGGGCGAGGAGCTGTTCACCGGGGTGGTGCCCATCCTGGTC,test,RPL8A,8.92702519472692,-0.07348646968603134
RPL8A_303,CCGACGCAAACAAATTGGAAAAACCAACGCAAAAAAAAAAAGACGCTAAATTGTTTATAAAGGCGAGGAATTTGTATCTATCAATTACTATTCCAGTTGTCAGTTTACATTGCTTACCCTCTATTATCACATCAAAACAATACCGATCCG,ATGGTGAGCAAGGGCGAGGAGCTGTTCACCGGGGTGGTGCCCATCCTGGTC,test,RPL8A,9.12246876671632,-0.4772406816482544
RPL8A_304,CCGACGCAAACAAATTGGAAAAACCAACGCAAAAAAAAAAAGACGCTAAATTGTTTATAAAGGCGAGGAATTTGTATCTATCAATTACTATTCCAGTTGTCAGTTTACATTGCTTACCCTCTATTATCACATCAAAACAACCGAGATCCG,ATGGTGAGCAAGGGCGAGGAGCTGTTCACCGGGGTGGTGCCCATCCTGGTC,test,RPL8A,7.05514778824107,-0.4561915397644043
RPL8A_305,CCGACGCAAACAAATTGGAAAAACCAACGCAAAAAAAAAAAGACGCTAAATTGTTTATAAAGGCGAGGAATTTGTATCTATCAATTACTATTCCAGTTGTCAGTTTACATTGCTTACCCTCTATTATCACATCAAAACAAACCCAATCCG,ATGGTGAGCAAGGGCGAGGAGCTGTTCACCGGGGTGGTGCCCATCCTGGTC,test,RPL8A,9.46532177317642,-0.49399858713150024
RPL8A_306,CCGACGCAAACAAATTGGAAAAACCAACGCAAAAAAAAAAAGACGCTAAATTGTTTATAAAGGCGAGGAATTTGTATCTATCAATTACTATTCCAGTTGTCAGTTTACATTGCTTACCCTCTATTATCACATCAAAACAACACTCCGCCG,ATGGTGAGCAAGGGCGAGGAGCTGTTCACCGGGGTGGTGCCCATCCTGGTC,test,RPL8A,6.24174722839136,-0.18531665205955505
RPL8A_307,CCGACGCAAACAAATTGGAAAAACCAACGCAAAAAAAAAAAGACGCTAAATTGTTTATAAAGGCGAGGAATTTGTATCTATCAATTACTATTCCAGTTGTCAGTTTACATTGCTTACCCTCTATTATCACATCAAAACAAATCCACGCCG,ATGGTGAGCAAGGGCGAGGAGCTGTTCACCGGGGTGGTGCCCATCCTGGTC,test,RPL8A,7.90990660873264,-0.4427332282066345
RPL8A_308,CCGACGCAAACAAATTGGAAAAACCAACGCAAAAAAAAAAAGACGCTAAATTGTTTATAAAGGCGAGGAATTTGTATCTATCAATTACTATTCCAGTTGTCAGTTTACATTGCTTACCCTCTATTATCACATCAAAACAAAAGAACGCCG,ATGGTGAGCAAGGGCGAGGAGCTGTTCACCGGGGTGGTGCCCATCCTGGTC,test,RPL8A,6.79460240158936,-0.42879518866539
RPL8A_309,CCGACGCAAACAAATTGGAAAAACCAACGCAAAAAAAAAAAGACGCTAAATTGTTTATAAAGGCGAGGAATTTGTATCTATCAATTACTATTCCAGTTGTCAGTTTACATTGCTTACCCTCTATTATCACATCAAAACAACCGCGAGCCG,ATGGTGAGCAAGGGCGAGGAGCTGTTCACCGGGGTGGTGCCCATCCTGGTC,test,RPL8A,9.91621886900714,-0.45083892345428467
RPL8A_310,CCGACGCAAACAAATTGGAAAAACCAACGCAAAAAAAAAAAGACGCTAAATTGTTTATAAAGGCGAGGAATTTGTATCTATCAATTACTATTCCAGTTGTCAGTTTACATTGCTTACCCTCTATTATCACATCAAAACAAAACCGAGCCG,ATGGTGAGCAAGGGCGAGGAGCTGTTCACCGGGGTGGTGCCCATCCTGGTC,test,RPL8A,8.07146148159331,-0.4540771543979645
RPL8A_311,CCGACGCAAACAAATTGGAAAAACCAACGCAAAAAAAAAAAGACGCTAAATTGTTTATAAAGGCGAGGAATTTGTATCTATCAATTACTATTCCAGTTGTCAGTTTACATTGCTTACCCTCTATTATCACATCAAAACAAGTTCAAGCCG,ATGGTGAGCAAGGGCGAGGAGCTGTTCACCGGGGTGGTGCCCATCCTGGTC,test,RPL8A,7.57594438999043,-0.39690467715263367
RPL8A_312,CCGACGCAAACAAATTGGAAAAACCAACGCAAAAAAAAAAAGACGCTAAATTGTTTATAAAGGCGAGGAATTTGTATCTATCAATTACTATTCCAGTTGTCAGTTTACATTGCTTACCCTCTATTATCACATCAAAACAAGGCCATCCCG,ATGGTGAGCAAGGGCGAGGAGCTGTTCACCGGGGTGGTGCCCATCCTGGTC,test,RPL8A,7.47033966335732,-0.0860629752278328
RPL8A_313,CCGACGCAAACAAATTGGAAAAACCAACGCAAAAAAAAAAAGACGCTAAATTGTTTATAAAGGCGAGGAATTTGTATCTATCAATTACTATTCCAGTTGTCAGTTTACATTGCTTACCCTCTATTATCACATCAAAACAATAACATCCCG,ATGGTGAGCAAGGGCGAGGAGCTGTTCACCGGGGTGGTGCCCATCCTGGTC,test,RPL8A,9.22978178737855,0.0006316248327493668
RPL8A_314,CCGACGCAAACAAATTGGAAAAACCAACGCAAAAAAAAAAAGACGCTAAATTGTTTATAAAGGCGAGGAATTTGTATCTATCAATTACTATTCCAGTTGTCAGTTTACATTGCTTACCCTCTATTATCACATCAAAACAAACTGAGCCCG,ATGGTGAGCAAGGGCGAGGAGCTGTTCACCGGGGTGGTGCCCATCCTGGTC,test,RPL8A,9.90904018248203,-0.4214337170124054
RPL8A_315,CCGACGCAAACAAATTGGAAAAACCAACGCAAAAAAAAAAAGACGCTAAATTGTTTATAAAGGCGAGGAATTTGTATCTATCAATTACTATTCCAGTTGTCAGTTTACATTGCTTACCCTCTATTATCACATCAAAACAACCTAAGCCCG,ATGGTGAGCAAGGGCGAGGAGCTGTTCACCGGGGTGGTGCCCATCCTGGTC,test,RPL8A,8.59054069238086,-0.3738674521446228
RPL8A_316,CCGACGCAAACAAATTGGAAAAACCAACGCAAAAAAAAAAAGACGCTAAATTGTTTATAAAGGCGAGGAATTTGTATCTATCAATTACTATTCCAGTTGTCAGTTTACATTGCTTACCCTCTATTATCACATCAAAACAAGCCAAGCCCG,ATGGTGAGCAAGGGCGAGGAGCTGTTCACCGGGGTGGTGCCCATCCTGGTC,test,RPL8A,8.96847871934552,-0.37243735790252686
RPL8A_317,CCGACGCAAACAAATTGGAAAAACCAACGCAAAAAAAAAAAGACGCTAAATTGTTTATAAAGGCGAGGAATTTGTATCTATCAATTACTATTCCAGTTGTCAGTTTACATTGCTTACCCTCTATTATCACATCAAAACAATAACTCCCCG,ATGGTGAGCAAGGGCGAGGAGCTGTTCACCGGGGTGGTGCCCATCCTGGTC,test,RPL8A,10.1213013606681,-0.07106315344572067
RPL8A_318,CCGACGCAAACAAATTGGAAAAACCAACGCAAAAAAAAAAAGACGCTAAATTGTTTATAAAGGCGAGGAATTTGTATCTATCAATTACTATTCCAGTTGTCAGTTTACATTGCTTACCCTCTATTATCACATCAAAACAATTCGCCCCCG,ATGGTGAGCAAGGGCGAGGAGCTGTTCACCGGGGTGGTGCCCATCCTGGTC,test,RPL8A,9.93227230239681,-0.13915395736694336
RPL8A_319,CCGACGCAAACAAATTGGAAAAACCAACGCAAAAAAAAAAAGACGCTAAATTGTTTATAAAGGCGAGGAATTTGTATCTATCAATTACTATTCCAGTTGTCAGTTTACATTGCTTACCCTCTATTATCACATCAAAACAACAAGCCCCCG,ATGGTGAGCAAGGGCGAGGAGCTGTTCACCGGGGTGGTGCCCATCCTGGTC,test,RPL8A,11.3096689167494,-0.1417355239391327
RPL8A_320,CCGACGCAAACAAATTGGAAAAACCAACGCAAAAAAAAAAAGACGCTAAATTGTTTATAAAGGCGAGGAATTTGTATCTATCAATTACTATTCCAGTTGTCAGTTTACATTGCTTACCCTCTATTATCACATCAAAACAAACTGACCCCG,ATGGTGAGCAAGGGCGAGGAGCTGTTCACCGGGGTGGTGCCCATCCTGGTC,test,RPL8A,9.37194862471097,-0.38373276591300964
RPL8A_321,CCGACGCAAACAAATTGGAAAAACCAACGCAAAAAAAAAAAGACGCTAAATTGTTTATAAAGGCGAGGAATTTGTATCTATCAATTACTATTCCAGTTGTCAGTTTACATTGCTTACCCTCTATTATCACATCAAAACAAACAGACCCCG,ATGGTGAGCAAGGGCGAGGAGCTGTTCACCGGGGTGGTGCCCATCCTGGTC,test,RPL8A,8.24193555782709,-0.4013174772262573
RPL8A_322,CCGACGCAAACAAATTGGAAAAACCAACGCAAAAAAAAAAAGACGCTAAATTGTTTATAAAGGCGAGGAATTTGTATCTATCAATTACTATTCCAGTTGTCAGTTTACATTGCTTACCCTCTATTATCACATCAAAACAAAAGATACCCG,ATGGTGAGCAAGGGCGAGGAGCTGTTCACCGGGGTGGTGCCCATCCTGGTC,test,RPL8A,8.14004849285082,-0.25746747851371765
RPL8A_323,CCGACGCAAACAAATTGGAAAAACCAACGCAAAAAAAAAAAGACGCTAAATTGTTTATAAAGGCGAGGAATTTGTATCTATCAATTACTATTCCAGTTGTCAGTTTACATTGCTTACCCTCTATTATCACATCAAAACAAGTCTCACCCG,ATGGTGAGCAAGGGCGAGGAGCTGTTCACCGGGGTGGTGCCCATCCTGGTC,test,RPL8A,6.43413234019097,-0.04150489717721939
RPL8A_324,CCGACGCAAACAAATTGGAAAAACCAACGCAAAAAAAAAAAGACGCTAAATTGTTTATAAAGGCGAGGAATTTGTATCTATCAATTACTATTCCAGTTGTCAGTTTACATTGCTTACCCTCTATTATCACATCAAAACAAACAACACCCG,ATGGTGAGCAAGGGCGAGGAGCTGTTCACCGGGGTGGTGCCCATCCTGGTC,test,RPL8A,5.01767937848138,0.022606579586863518
RPL8A_325,CCGACGCAAACAAATTGGAAAAACCAACGCAAAAAAAAAAAGACGCTAAATTGTTTATAAAGGCGAGGAATTTGTATCTATCAATTACTATTCCAGTTGTCAGTTTACATTGCTTACCCTCTATTATCACATCAAAACAAAACGAACCCG,ATGGTGAGCAAGGGCGAGGAGCTGTTCACCGGGGTGGTGCCCATCCTGGTC,test,RPL8A,10.9895636230925,-0.4599624276161194
RPL8A_326,CCGACGCAAACAAATTGGAAAAACCAACGCAAAAAAAAAAAGACGCTAAATTGTTTATAAAGGCGAGGAATTTGTATCTATCAATTACTATTCCAGTTGTCAGTTTACATTGCTTACCCTCTATTATCACATCAAAACAACTGCAACCCG,ATGGTGAGCAAGGGCGAGGAGCTGTTCACCGGGGTGGTGCCCATCCTGGTC,test,RPL8A,8.38032075235946,-0.3113769590854645
RPL8A_327,CCGACGCAAACAAATTGGAAAAACCAACGCAAAAAAAAAAAGACGCTAAATTGTTTATAAAGGCGAGGAATTTGTATCTATCAATTACTATTCCAGTTGTCAGTTTACATTGCTTACCCTCTATTATCACATCAAAACAATAGCAACCCG,ATGGTGAGCAAGGGCGAGGAGCTGTTCACCGGGGTGGTGCCCATCCTGGTC,test,RPL8A,8.11317638569243,-0.483178973197937
RPL8A_328,CCGACGCAAACAAATTGGAAAAACCAACGCAAAAAAAAAAAGACGCTAAATTGTTTATAAAGGCGAGGAATTTGTATCTATCAATTACTATTCCAGTTGTCAGTTTACATTGCTTACCCTCTATTATCACATCAAAACAAAACCAACCCG,ATGGTGAGCAAGGGCGAGGAGCTGTTCACCGGGGTGGTGCCCATCCTGGTC,test,RPL8A,8.71443479745049,-0.5059897899627686
RPL8A_329,CCGACGCAAACAAATTGGAAAAACCAACGCAAAAAAAAAAAGACGCTAAATTGTTTATAAAGGCGAGGAATTTGTATCTATCAATTACTATTCCAGTTGTCAGTTTACATTGCTTACCCTCTATTATCACATCAAAACAAGCACGTACCG,ATGGTGAGCAAGGGCGAGGAGCTGTTCACCGGGGTGGTGCCCATCCTGGTC,test,RPL8A,10.4837982937215,-0.18146446347236633
RPL8A_330,CCGACGCAAACAAATTGGAAAAACCAACGCAAAAAAAAAAAGACGCTAAATTGTTTATAAAGGCGAGGAATTTGTATCTATCAATTACTATTCCAGTTGTCAGTTTACATTGCTTACCCTCTATTATCACATCAAAACAAACTACTACCG,ATGGTGAGCAAGGGCGAGGAGCTGTTCACCGGGGTGGTGCCCATCCTGGTC,test,RPL8A,10.8239980470456,-0.3651203215122223
RPL8A_331,CCGACGCAAACAAATTGGAAAAACCAACGCAAAAAAAAAAAGACGCTAAATTGTTTATAAAGGCGAGGAATTTGTATCTATCAATTACTATTCCAGTTGTCAGTTTACATTGCTTACCCTCTATTATCACATCAAAACAACCGAATACCG,ATGGTGAGCAAGGGCGAGGAGCTGTTCACCGGGGTGGTGCCCATCCTGGTC,test,RPL8A,6.96867537812141,-0.430350661277771
RPL8A_332,CCGACGCAAACAAATTGGAAAAACCAACGCAAAAAAAAAAAGACGCTAAATTGTTTATAAAGGCGAGGAATTTGTATCTATCAATTACTATTCCAGTTGTCAGTTTACATTGCTTACCCTCTATTATCACATCAAAACAAGAACGGACCG,ATGGTGAGCAAGGGCGAGGAGCTGTTCACCGGGGTGGTGCCCATCCTGGTC,test,RPL8A,7.91872380793212,-0.3523547053337097
RPL8A_333,CCGACGCAAACAAATTGGAAAAACCAACGCAAAAAAAAAAAGACGCTAAATTGTTTATAAAGGCGAGGAATTTGTATCTATCAATTACTATTCCAGTTGTCAGTTTACATTGCTTACCCTCTATTATCACATCAAAACAATCCCCGACCG,ATGGTGAGCAAGGGCGAGGAGCTGTTCACCGGGGTGGTGCCCATCCTGGTC,test,RPL8A,8.61680819645161,-0.3915169835090637
RPL8A_334,CCGACGCAAACAAATTGGAAAAACCAACGCAAAAAAAAAAAGACGCTAAATTGTTTATAAAGGCGAGGAATTTGTATCTATCAATTACTATTCCAGTTGTCAGTTTACATTGCTTACCCTCTATTATCACATCAAAACAATAACAGACCG,ATGGTGAGCAAGGGCGAGGAGCTGTTCACCGGGGTGGTGCCCATCCTGGTC,test,RPL8A,8.69182341984662,-0.404336541891098
RPL8A_335,CCGACGCAAACAAATTGGAAAAACCAACGCAAAAAAAAAAAGACGCTAAATTGTTTATAAAGGCGAGGAATTTGTATCTATCAATTACTATTCCAGTTGTCAGTTTACATTGCTTACCCTCTATTATCACATCAAAACAAACATCCACCG,ATGGTGAGCAAGGGCGAGGAGCTGTTCACCGGGGTGGTGCCCATCCTGGTC,test,RPL8A,5.58078831169292,-0.02968207746744156
RPL8A_336,CCGACGCAAACAAATTGGAAAAACCAACGCAAAAAAAAAAAGACGCTAAATTGTTTATAAAGGCGAGGAATTTGTATCTATCAATTACTATTCCAGTTGTCAGTTTACATTGCTTACCCTCTATTATCACATCAAAACAAACGCCCACCG,ATGGTGAGCAAGGGCGAGGAGCTGTTCACCGGGGTGGTGCCCATCCTGGTC,test,RPL8A,6.38018505225961,-0.4559214413166046
RPL8A_337,CCGACGCAAACAAATTGGAAAAACCAACGCAAAAAAAAAAAGACGCTAAATTGTTTATAAAGGCGAGGAATTTGTATCTATCAATTACTATTCCAGTTGTCAGTTTACATTGCTTACCCTCTATTATCACATCAAAACAACTACCCACCG,ATGGTGAGCAAGGGCGAGGAGCTGTTCACCGGGGTGGTGCCCATCCTGGTC,test,RPL8A,6.55163121320793,-0.2163340449333191
RPL8A_338,CCGACGCAAACAAATTGGAAAAACCAACGCAAAAAAAAAAAGACGCTAAATTGTTTATAAAGGCGAGGAATTTGTATCTATCAATTACTATTCCAGTTGTCAGTTTACATTGCTTACCCTCTATTATCACATCAAAACAAAAAACCACCG,ATGGTGAGCAAGGGCGAGGAGCTGTTCACCGGGGTGGTGCCCATCCTGGTC,test,RPL8A,7.69178134012665,-0.46428346633911133
RPL8A_339,CCGACGCAAACAAATTGGAAAAACCAACGCAAAAAAAAAAAGACGCTAAATTGTTTATAAAGGCGAGGAATTTGTATCTATCAATTACTATTCCAGTTGTCAGTTTACATTGCTTACCCTCTATTATCACATCAAAACAATCGTACACCG,ATGGTGAGCAAGGGCGAGGAGCTGTTCACCGGGGTGGTGCCCATCCTGGTC,test,RPL8A,7.43567195384492,-0.050109416246414185
RPL8A_340,CCGACGCAAACAAATTGGAAAAACCAACGCAAAAAAAAAAAGACGCTAAATTGTTTATAAAGGCGAGGAATTTGTATCTATCAATTACTATTCCAGTTGTCAGTTTACATTGCTTACCCTCTATTATCACATCAAAACAAGTACACACCG,ATGGTGAGCAAGGGCGAGGAGCTGTTCACCGGGGTGGTGCCCATCCTGGTC,test,RPL8A,2.09118559854177,-0.3047739863395691
RPL8A_341,CCGACGCAAACAAATTGGAAAAACCAACGCAAAAAAAAAAAGACGCTAAATTGTTTATAAAGGCGAGGAATTTGTATCTATCAATTACTATTCCAGTTGTCAGTTTACATTGCTTACCCTCTATTATCACATCAAAACAACAACGAACCG,ATGGTGAGCAAGGGCGAGGAGCTGTTCACCGGGGTGGTGCCCATCCTGGTC,test,RPL8A,9.8272593257737,-0.13745570182800293
RPL8A_342,CCGACGCAAACAAATTGGAAAAACCAACGCAAAAAAAAAAAGACGCTAAATTGTTTATAAAGGCGAGGAATTTGTATCTATCAATTACTATTCCAGTTGTCAGTTTACATTGCTTACCCTCTATTATCACATCAAAACAACCCTCAACCG,ATGGTGAGCAAGGGCGAGGAGCTGTTCACCGGGGTGGTGCCCATCCTGGTC,test,RPL8A,6.87047605337331,-0.20893174409866333
RPL8A_343,CCGACGCAAACAAATTGGAAAAACCAACGCAAAAAAAAAAAGACGCTAAATTGTTTATAAAGGCGAGGAATTTGTATCTATCAATTACTATTCCAGTTGTCAGTTTACATTGCTTACCCTCTATTATCACATCAAAACAACAACCAACCG,ATGGTGAGCAAGGGCGAGGAGCTGTTCACCGGGGTGGTGCCCATCCTGGTC,test,RPL8A,6.32449462696306,-0.3896317481994629
RPL8A_344,CCGACGCAAACAAATTGGAAAAACCAACGCAAAAAAAAAAAGACGCTAAATTGTTTATAAAGGCGAGGAATTTGTATCTATCAATTACTATTCCAGTTGTCAGTTTACATTGCTTACCCTCTATTATCACATCAAAACAAGAGACGTACG,ATGGTGAGCAAGGGCGAGGAGCTGTTCACCGGGGTGGTGCCCATCCTGGTC,test,RPL8A,9.65894259572634,-0.12802988290786743
RPL8A_345,CCGACGCAAACAAATTGGAAAAACCAACGCAAAAAAAAAAAGACGCTAAATTGTTTATAAAGGCGAGGAATTTGTATCTATCAATTACTATTCCAGTTGTCAGTTTACATTGCTTACCCTCTATTATCACATCAAAACAACCTTCCTACG,ATGGTGAGCAAGGGCGAGGAGCTGTTCACCGGGGTGGTGCCCATCCTGGTC,test,RPL8A,9.86382326723894,-0.06397425383329391
RPL8A_346,CCGACGCAAACAAATTGGAAAAACCAACGCAAAAAAAAAAAGACGCTAAATTGTTTATAAAGGCGAGGAATTTGTATCTATCAATTACTATTCCAGTTGTCAGTTTACATTGCTTACCCTCTATTATCACATCAAAACAAAAACCCTACG,ATGGTGAGCAAGGGCGAGGAGCTGTTCACCGGGGTGGTGCCCATCCTGGTC,test,RPL8A,10.8617839599417,-0.4659995138645172
RPL8A_347,CCGACGCAAACAAATTGGAAAAACCAACGCAAAAAAAAAAAGACGCTAAATTGTTTATAAAGGCGAGGAATTTGTATCTATCAATTACTATTCCAGTTGTCAGTTTACATTGCTTACCCTCTATTATCACATCAAAACAAACAGTCGACG,ATGGTGAGCAAGGGCGAGGAGCTGTTCACCGGGGTGGTGCCCATCCTGGTC,test,RPL8A,9.16563447182074,-0.2264087200164795
RPL8A_348,CCGACGCAAACAAATTGGAAAAACCAACGCAAAAAAAAAAAGACGCTAAATTGTTTATAAAGGCGAGGAATTTGTATCTATCAATTACTATTCCAGTTGTCAGTTTACATTGCTTACCCTCTATTATCACATCAAAACAACAGGCCGACG,ATGGTGAGCAAGGGCGAGGAGCTGTTCACCGGGGTGGTGCCCATCCTGGTC,test,RPL8A,8.54091948157828,-0.3150828182697296
RPL8A_349,CCGACGCAAACAAATTGGAAAAACCAACGCAAAAAAAAAAAGACGCTAAATTGTTTATAAAGGCGAGGAATTTGTATCTATCAATTACTATTCCAGTTGTCAGTTTACATTGCTTACCCTCTATTATCACATCAAAACAAGACTGAGACG,ATGGTGAGCAAGGGCGAGGAGCTGTTCACCGGGGTGGTGCCCATCCTGGTC,test,RPL8A,6.13792931310254,-0.4165879189968109
RPL8A_350,CCGACGCAAACAAATTGGAAAAACCAACGCAAAAAAAAAAAGACGCTAAATTGTTTATAAAGGCGAGGAATTTGTATCTATCAATTACTATTCCAGTTGTCAGTTTACATTGCTTACCCTCTATTATCACATCAAAACAAGACGGAGACG,ATGGTGAGCAAGGGCGAGGAGCTGTTCACCGGGGTGGTGCCCATCCTGGTC,test,RPL8A,7.03646013167018,-0.39817163348197937
RPL8A_351,CCGACGCAAACAAATTGGAAAAACCAACGCAAAAAAAAAAAGACGCTAAATTGTTTATAAAGGCGAGGAATTTGTATCTATCAATTACTATTCCAGTTGTCAGTTTACATTGCTTACCCTCTATTATCACATCAAAACAACCCCCAGACG,ATGGTGAGCAAGGGCGAGGAGCTGTTCACCGGGGTGGTGCCCATCCTGGTC,test,RPL8A,6.12825196085321,-0.42651522159576416
RPL8A_352,CCGACGCAAACAAATTGGAAAAACCAACGCAAAAAAAAAAAGACGCTAAATTGTTTATAAAGGCGAGGAATTTGTATCTATCAATTACTATTCCAGTTGTCAGTTTACATTGCTTACCCTCTATTATCACATCAAAACAAACTCTCCACG,ATGGTGAGCAAGGGCGAGGAGCTGTTCACCGGGGTGGTGCCCATCCTGGTC,test,RPL8A,10.5271105438327,-0.05087647587060928
RPL8A_353,CCGACGCAAACAAATTGGAAAAACCAACGCAAAAAAAAAAAGACGCTAAATTGTTTATAAAGGCGAGGAATTTGTATCTATCAATTACTATTCCAGTTGTCAGTTTACATTGCTTACCCTCTATTATCACATCAAAACAAGCCATCCACG,ATGGTGAGCAAGGGCGAGGAGCTGTTCACCGGGGTGGTGCCCATCCTGGTC,test,RPL8A,9.72795220147631,0.017050886526703835
RPL8A_354,CCGACGCAAACAAATTGGAAAAACCAACGCAAAAAAAAAAAGACGCTAAATTGTTTATAAAGGCGAGGAATTTGTATCTATCAATTACTATTCCAGTTGTCAGTTTACATTGCTTACCCTCTATTATCACATCAAAACAAGAGAGCCACG,ATGGTGAGCAAGGGCGAGGAGCTGTTCACCGGGGTGGTGCCCATCCTGGTC,test,RPL8A,10.7924315771191,-0.33787089586257935
RPL8A_355,CCGACGCAAACAAATTGGAAAAACCAACGCAAAAAAAAAAAGACGCTAAATTGTTTATAAAGGCGAGGAATTTGTATCTATCAATTACTATTCCAGTTGTCAGTTTACATTGCTTACCCTCTATTATCACATCAAAACAAACAAGCCACG,ATGGTGAGCAAGGGCGAGGAGCTGTTCACCGGGGTGGTGCCCATCCTGGTC,test,RPL8A,11.9164876465147,-0.39238545298576355
RPL8A_356,CCGACGCAAACAAATTGGAAAAACCAACGCAAAAAAAAAAAGACGCTAAATTGTTTATAAAGGCGAGGAATTTGTATCTATCAATTACTATTCCAGTTGTCAGTTTACATTGCTTACCCTCTATTATCACATCAAAACAAAACCCCCACG,ATGGTGAGCAAGGGCGAGGAGCTGTTCACCGGGGTGGTGCCCATCCTGGTC,test,RPL8A,10.5247666394274,-0.22207528352737427
RPL8A_357,CCGACGCAAACAAATTGGAAAAACCAACGCAAAAAAAAAAAGACGCTAAATTGTTTATAAAGGCGAGGAATTTGTATCTATCAATTACTATTCCAGTTGTCAGTTTACATTGCTTACCCTCTATTATCACATCAAAACAACAAACCCACG,ATGGTGAGCAAGGGCGAGGAGCTGTTCACCGGGGTGGTGCCCATCCTGGTC,test,RPL8A,11.5568484931936,-0.010459337383508682
RPL8A_358,CCGACGCAAACAAATTGGAAAAACCAACGCAAAAAAAAAAAGACGCTAAATTGTTTATAAAGGCGAGGAATTTGTATCTATCAATTACTATTCCAGTTGTCAGTTTACATTGCTTACCCTCTATTATCACATCAAAACAACCAAACCACG,ATGGTGAGCAAGGGCGAGGAGCTGTTCACCGGGGTGGTGCCCATCCTGGTC,test,RPL8A,8.91488634168152,-0.03703974932432175
RPL8A_359,CCGACGCAAACAAATTGGAAAAACCAACGCAAAAAAAAAAAGACGCTAAATTGTTTATAAAGGCGAGGAATTTGTATCTATCAATTACTATTCCAGTTGTCAGTTTACATTGCTTACCCTCTATTATCACATCAAAACAAAACTAACACG,ATGGTGAGCAAGGGCGAGGAGCTGTTCACCGGGGTGGTGCCCATCCTGGTC,test,RPL8A,10.6106366876782,-0.4592525362968445
RPL8A_360,CCGACGCAAACAAATTGGAAAAACCAACGCAAAAAAAAAAAGACGCTAAATTGTTTATAAAGGCGAGGAATTTGTATCTATCAATTACTATTCCAGTTGTCAGTTTACATTGCTTACCCTCTATTATCACATCAAAACAAACCCTTAACG,ATGGTGAGCAAGGGCGAGGAGCTGTTCACCGGGGTGGTGCCCATCCTGGTC,test,RPL8A,9.53200348226686,-0.26887911558151245
RPL8A_361,CCGACGCAAACAAATTGGAAAAACCAACGCAAAAAAAAAAAGACGCTAAATTGTTTATAAAGGCGAGGAATTTGTATCTATCAATTACTATTCCAGTTGTCAGTTTACATTGCTTACCCTCTATTATCACATCAAAACAAAGAAATAACG,ATGGTGAGCAAGGGCGAGGAGCTGTTCACCGGGGTGGTGCCCATCCTGGTC,test,RPL8A,11.5116834417615,-0.11154810339212418
RPL8A_362,CCGACGCAAACAAATTGGAAAAACCAACGCAAAAAAAAAAAGACGCTAAATTGTTTATAAAGGCGAGGAATTTGTATCTATCAATTACTATTCCAGTTGTCAGTTTACATTGCTTACCCTCTATTATCACATCAAAACAAACGACGAACG,ATGGTGAGCAAGGGCGAGGAGCTGTTCACCGGGGTGGTGCCCATCCTGGTC,test,RPL8A,10.8111719485563,-0.3396928310394287
RPL8A_363,CCGACGCAAACAAATTGGAAAAACCAACGCAAAAAAAAAAAGACGCTAAATTGTTTATAAAGGCGAGGAATTTGTATCTATCAATTACTATTCCAGTTGTCAGTTTACATTGCTTACCCTCTATTATCACATCAAAACAATACCCCAACG,ATGGTGAGCAAGGGCGAGGAGCTGTTCACCGGGGTGGTGCCCATCCTGGTC,test,RPL8A,10.240806304123,-0.37032729387283325
RPL8A_364,CCGACGCAAACAAATTGGAAAAACCAACGCAAAAAAAAAAAGACGCTAAATTGTTTATAAAGGCGAGGAATTTGTATCTATCAATTACTATTCCAGTTGTCAGTTTACATTGCTTACCCTCTATTATCACATCAAAACAACTGGACAACG,ATGGTGAGCAAGGGCGAGGAGCTGTTCACCGGGGTGGTGCCCATCCTGGTC,test,RPL8A,6.17785835146448,-0.3072992265224457
RPL8A_365,CCGACGCAAACAAATTGGAAAAACCAACGCAAAAAAAAAAAGACGCTAAATTGTTTATAAAGGCGAGGAATTTGTATCTATCAATTACTATTCCAGTTGTCAGTTTACATTGCTTACCCTCTATTATCACATCAAAACAACAACAAAACG,ATGGTGAGCAAGGGCGAGGAGCTGTTCACCGGGGTGGTGCCCATCCTGGTC,test,RPL8A,10.7748949216966,-0.16752395033836365
RPL8A_366,CCGACGCAAACAAATTGGAAAAACCAACGCAAAAAAAAAAAGACGCTAAATTGTTTATAAAGGCGAGGAATTTGTATCTATCAATTACTATTCCAGTTGTCAGTTTACATTGCTTACCCTCTATTATCACATCAAAACAAAAGCAATTAG,ATGGTGAGCAAGGGCGAGGAGCTGTTCACCGGGGTGGTGCCCATCCTGGTC,test,RPL8A,8.42966690115085,-0.3735813796520233
RPL8A_367,CCGACGCAAACAAATTGGAAAAACCAACGCAAAAAAAAAAAGACGCTAAATTGTTTATAAAGGCGAGGAATTTGTATCTATCAATTACTATTCCAGTTGTCAGTTTACATTGCTTACCCTCTATTATCACATCAAAACAAAAGCTAGTAG,ATGGTGAGCAAGGGCGAGGAGCTGTTCACCGGGGTGGTGCCCATCCTGGTC,test,RPL8A,7.23050895062664,-0.4412975311279297
RPL8A_368,CCGACGCAAACAAATTGGAAAAACCAACGCAAAAAAAAAAAGACGCTAAATTGTTTATAAAGGCGAGGAATTTGTATCTATCAATTACTATTCCAGTTGTCAGTTTACATTGCTTACCCTCTATTATCACATCAAAACAAGGTCGAGTAG,ATGGTGAGCAAGGGCGAGGAGCTGTTCACCGGGGTGGTGCCCATCCTGGTC,test,RPL8A,8.3867218722507,-0.41668909788131714
RPL8A_369,CCGACGCAAACAAATTGGAAAAACCAACGCAAAAAAAAAAAGACGCTAAATTGTTTATAAAGGCGAGGAATTTGTATCTATCAATTACTATTCCAGTTGTCAGTTTACATTGCTTACCCTCTATTATCACATCAAAACAAACAGAAGTAG,ATGGTGAGCAAGGGCGAGGAGCTGTTCACCGGGGTGGTGCCCATCCTGGTC,test,RPL8A,7.84354944465907,-0.41938894987106323
RPL8A_370,CCGACGCAAACAAATTGGAAAAACCAACGCAAAAAAAAAAAGACGCTAAATTGTTTATAAAGGCGAGGAATTTGTATCTATCAATTACTATTCCAGTTGTCAGTTTACATTGCTTACCCTCTATTATCACATCAAAACAAGCTCAGCTAG,ATGGTGAGCAAGGGCGAGGAGCTGTTCACCGGGGTGGTGCCCATCCTGGTC,test,RPL8A,3.13411935348611,-0.24131417274475098
RPL8A_371,CCGACGCAAACAAATTGGAAAAACCAACGCAAAAAAAAAAAGACGCTAAATTGTTTATAAAGGCGAGGAATTTGTATCTATCAATTACTATTCCAGTTGTCAGTTTACATTGCTTACCCTCTATTATCACATCAAAACAATAGTCACTAG,ATGGTGAGCAAGGGCGAGGAGCTGTTCACCGGGGTGGTGCCCATCCTGGTC,test,RPL8A,6.56815952349962,-0.3829283118247986
RPL8A_372,CCGACGCAAACAAATTGGAAAAACCAACGCAAAAAAAAAAAGACGCTAAATTGTTTATAAAGGCGAGGAATTTGTATCTATCAATTACTATTCCAGTTGTCAGTTTACATTGCTTACCCTCTATTATCACATCAAAACAATCCTAACTAG,ATGGTGAGCAAGGGCGAGGAGCTGTTCACCGGGGTGGTGCCCATCCTGGTC,test,RPL8A,8.97365609183239,-0.21745488047599792
RPL8A_373,CCGACGCAAACAAATTGGAAAAACCAACGCAAAAAAAAAAAGACGCTAAATTGTTTATAAAGGCGAGGAATTTGTATCTATCAATTACTATTCCAGTTGTCAGTTTACATTGCTTACCCTCTATTATCACATCAAAACAAAGAATCATAG,ATGGTGAGCAAGGGCGAGGAGCTGTTCACCGGGGTGGTGCCCATCCTGGTC,test,RPL8A,10.5849819751355,-0.2575560212135315
RPL8A_374,CCGACGCAAACAAATTGGAAAAACCAACGCAAAAAAAAAAAGACGCTAAATTGTTTATAAAGGCGAGGAATTTGTATCTATCAATTACTATTCCAGTTGTCAGTTTACATTGCTTACCCTCTATTATCACATCAAAACAACCCCCCATAG,ATGGTGAGCAAGGGCGAGGAGCTGTTCACCGGGGTGGTGCCCATCCTGGTC,test,RPL8A,7.67187235606888,-0.17164859175682068
RPL8A_375,CCGACGCAAACAAATTGGAAAAACCAACGCAAAAAAAAAAAGACGCTAAATTGTTTATAAAGGCGAGGAATTTGTATCTATCAATTACTATTCCAGTTGTCAGTTTACATTGCTTACCCTCTATTATCACATCAAAACAACAATCCGGAG,ATGGTGAGCAAGGGCGAGGAGCTGTTCACCGGGGTGGTGCCCATCCTGGTC,test,RPL8A,9.29148952456744,-0.5018681287765503
RPL8A_376,CCGACGCAAACAAATTGGAAAAACCAACGCAAAAAAAAAAAGACGCTAAATTGTTTATAAAGGCGAGGAATTTGTATCTATCAATTACTATTCCAGTTGTCAGTTTACATTGCTTACCCTCTATTATCACATCAAAACAAACCACAGGAG,ATGGTGAGCAAGGGCGAGGAGCTGTTCACCGGGGTGGTGCCCATCCTGGTC,test,RPL8A,7.77039041504518,-0.4130714535713196
RPL8A_377,CCGACGCAAACAAATTGGAAAAACCAACGCAAAAAAAAAAAGACGCTAAATTGTTTATAAAGGCGAGGAATTTGTATCTATCAATTACTATTCCAGTTGTCAGTTTACATTGCTTACCCTCTATTATCACATCAAAACAACACGAAGGAG,ATGGTGAGCAAGGGCGAGGAGCTGTTCACCGGGGTGGTGCCCATCCTGGTC,test,RPL8A,8.72895511281248,-0.27678272128105164
RPL8A_378,CCGACGCAAACAAATTGGAAAAACCAACGCAAAAAAAAAAAGACGCTAAATTGTTTATAAAGGCGAGGAATTTGTATCTATCAATTACTATTCCAGTTGTCAGTTTACATTGCTTACCCTCTATTATCACATCAAAACAAGCAAAAGGAG,ATGGTGAGCAAGGGCGAGGAGCTGTTCACCGGGGTGGTGCCCATCCTGGTC,test,RPL8A,8.53987215468487,-0.3768001198768616
RPL8A_379,CCGACGCAAACAAATTGGAAAAACCAACGCAAAAAAAAAAAGACGCTAAATTGTTTATAAAGGCGAGGAATTTGTATCTATCAATTACTATTCCAGTTGTCAGTTTACATTGCTTACCCTCTATTATCACATCAAAACAACCGCCTCGAG,ATGGTGAGCAAGGGCGAGGAGCTGTTCACCGGGGTGGTGCCCATCCTGGTC,test,RPL8A,9.0132261459376,-0.41118529438972473
RPL8A_380,CCGACGCAAACAAATTGGAAAAACCAACGCAAAAAAAAAAAGACGCTAAATTGTTTATAAAGGCGAGGAATTTGTATCTATCAATTACTATTCCAGTTGTCAGTTTACATTGCTTACCCTCTATTATCACATCAAAACAAACTGAGCGAG,ATGGTGAGCAAGGGCGAGGAGCTGTTCACCGGGGTGGTGCCCATCCTGGTC,test,RPL8A,11.1614872948248,-0.4364854395389557
RPL8A_381,CCGACGCAAACAAATTGGAAAAACCAACGCAAAAAAAAAAAGACGCTAAATTGTTTATAAAGGCGAGGAATTTGTATCTATCAATTACTATTCCAGTTGTCAGTTTACATTGCTTACCCTCTATTATCACATCAAAACAAATACTCCGAG,ATGGTGAGCAAGGGCGAGGAGCTGTTCACCGGGGTGGTGCCCATCCTGGTC,test,RPL8A,10.0655337654655,-0.4262429475784302
RPL8A_382,CCGACGCAAACAAATTGGAAAAACCAACGCAAAAAAAAAAAGACGCTAAATTGTTTATAAAGGCGAGGAATTTGTATCTATCAATTACTATTCCAGTTGTCAGTTTACATTGCTTACCCTCTATTATCACATCAAAACAACACATCCGAG,ATGGTGAGCAAGGGCGAGGAGCTGTTCACCGGGGTGGTGCCCATCCTGGTC,test,RPL8A,9.21826617303595,0.1284804344177246
RPL8A_383,CCGACGCAAACAAATTGGAAAAACCAACGCAAAAAAAAAAAGACGCTAAATTGTTTATAAAGGCGAGGAATTTGTATCTATCAATTACTATTCCAGTTGTCAGTTTACATTGCTTACCCTCTATTATCACATCAAAACAACTCCACCGAG,ATGGTGAGCAAGGGCGAGGAGCTGTTCACCGGGGTGGTGCCCATCCTGGTC,test,RPL8A,8.27662025555593,-0.1949966549873352
RPL8A_384,CCGACGCAAACAAATTGGAAAAACCAACGCAAAAAAAAAAAGACGCTAAATTGTTTATAAAGGCGAGGAATTTGTATCTATCAATTACTATTCCAGTTGTCAGTTTACATTGCTTACCCTCTATTATCACATCAAAACAAACAGCACGAG,ATGGTGAGCAAGGGCGAGGAGCTGTTCACCGGGGTGGTGCCCATCCTGGTC,test,RPL8A,9.8814382611073,-0.4329671263694763
RPL8A_385,CCGACGCAAACAAATTGGAAAAACCAACGCAAAAAAAAAAAGACGCTAAATTGTTTATAAAGGCGAGGAATTTGTATCTATCAATTACTATTCCAGTTGTCAGTTTACATTGCTTACCCTCTATTATCACATCAAAACAACACTAGAGAG,ATGGTGAGCAAGGGCGAGGAGCTGTTCACCGGGGTGGTGCCCATCCTGGTC,test,RPL8A,9.12984761924068,-0.44800838828086853
RPL8A_386,CCGACGCAAACAAATTGGAAAAACCAACGCAAAAAAAAAAAGACGCTAAATTGTTTATAAAGGCGAGGAATTTGTATCTATCAATTACTATTCCAGTTGTCAGTTTACATTGCTTACCCTCTATTATCACATCAAAACAAACTGCCAGAG,ATGGTGAGCAAGGGCGAGGAGCTGTTCACCGGGGTGGTGCCCATCCTGGTC,test,RPL8A,11.4258581449611,-0.43358176946640015
RPL8A_387,CCGACGCAAACAAATTGGAAAAACCAACGCAAAAAAAAAAAGACGCTAAATTGTTTATAAAGGCGAGGAATTTGTATCTATCAATTACTATTCCAGTTGTCAGTTTACATTGCTTACCCTCTATTATCACATCAAAACAAACGCACAGAG,ATGGTGAGCAAGGGCGAGGAGCTGTTCACCGGGGTGGTGCCCATCCTGGTC,test,RPL8A,11.1147833409417,-0.4167165458202362
RPL8A_388,CCGACGCAAACAAATTGGAAAAACCAACGCAAAAAAAAAAAGACGCTAAATTGTTTATAAAGGCGAGGAATTTGTATCTATCAATTACTATTCCAGTTGTCAGTTTACATTGCTTACCCTCTATTATCACATCAAAACAACAAAACAGAG,ATGGTGAGCAAGGGCGAGGAGCTGTTCACCGGGGTGGTGCCCATCCTGGTC,test,RPL8A,11.0659239326222,-0.3354136347770691
RPL8A_389,CCGACGCAAACAAATTGGAAAAACCAACGCAAAAAAAAAAAGACGCTAAATTGTTTATAAAGGCGAGGAATTTGTATCTATCAATTACTATTCCAGTTGTCAGTTTACATTGCTTACCCTCTATTATCACATCAAAACAATAACCAAGAG,ATGGTGAGCAAGGGCGAGGAGCTGTTCACCGGGGTGGTGCCCATCCTGGTC,test,RPL8A,9.55139230354039,-0.4834456443786621
RPL8A_390,CCGACGCAAACAAATTGGAAAAACCAACGCAAAAAAAAAAAGACGCTAAATTGTTTATAAAGGCGAGGAATTTGTATCTATCAATTACTATTCCAGTTGTCAGTTTACATTGCTTACCCTCTATTATCACATCAAAACAATATACAAGAG,ATGGTGAGCAAGGGCGAGGAGCTGTTCACCGGGGTGGTGCCCATCCTGGTC,test,RPL8A,11.4734453859078,-0.21588614583015442
RPL8A_391,CCGACGCAAACAAATTGGAAAAACCAACGCAAAAAAAAAAAGACGCTAAATTGTTTATAAAGGCGAGGAATTTGTATCTATCAATTACTATTCCAGTTGTCAGTTTACATTGCTTACCCTCTATTATCACATCAAAACAACACGTCTCAG,ATGGTGAGCAAGGGCGAGGAGCTGTTCACCGGGGTGGTGCCCATCCTGGTC,test,RPL8A,8.87606518508497,-0.05940968543291092
RPL8A_392,CCGACGCAAACAAATTGGAAAAACCAACGCAAAAAAAAAAAGACGCTAAATTGTTTATAAAGGCGAGGAATTTGTATCTATCAATTACTATTCCAGTTGTCAGTTTACATTGCTTACCCTCTATTATCACATCAAAACAAAGTTCATCAG,ATGGTGAGCAAGGGCGAGGAGCTGTTCACCGGGGTGGTGCCCATCCTGGTC,test,RPL8A,9.03403713850897,-0.05847477167844772
RPL8A_393,CCGACGCAAACAAATTGGAAAAACCAACGCAAAAAAAAAAAGACGCTAAATTGTTTATAAAGGCGAGGAATTTGTATCTATCAATTACTATTCCAGTTGTCAGTTTACATTGCTTACCCTCTATTATCACATCAAAACAAAAGCAATCAG,ATGGTGAGCAAGGGCGAGGAGCTGTTCACCGGGGTGGTGCCCATCCTGGTC,test,RPL8A,10.2876765815239,-0.47663378715515137
RPL8A_394,CCGACGCAAACAAATTGGAAAAACCAACGCAAAAAAAAAAAGACGCTAAATTGTTTATAAAGGCGAGGAATTTGTATCTATCAATTACTATTCCAGTTGTCAGTTTACATTGCTTACCCTCTATTATCACATCAAAACAATACAAATCAG,ATGGTGAGCAAGGGCGAGGAGCTGTTCACCGGGGTGGTGCCCATCCTGGTC,test,RPL8A,9.60405764084793,0.20000910758972168
RPL8A_395,CCGACGCAAACAAATTGGAAAAACCAACGCAAAAAAAAAAAGACGCTAAATTGTTTATAAAGGCGAGGAATTTGTATCTATCAATTACTATTCCAGTTGTCAGTTTACATTGCTTACCCTCTATTATCACATCAAAACAACAGATCGCAG,ATGGTGAGCAAGGGCGAGGAGCTGTTCACCGGGGTGGTGCCCATCCTGGTC,test,RPL8A,10.1374167123893,0.1469036340713501
RPL8A_396,CCGACGCAAACAAATTGGAAAAACCAACGCAAAAAAAAAAAGACGCTAAATTGTTTATAAAGGCGAGGAATTTGTATCTATCAATTACTATTCCAGTTGTCAGTTTACATTGCTTACCCTCTATTATCACATCAAAACAAAATAGCGCAG,ATGGTGAGCAAGGGCGAGGAGCTGTTCACCGGGGTGGTGCCCATCCTGGTC,test,RPL8A,10.6273629553906,-0.21418768167495728
RPL8A_397,CCGACGCAAACAAATTGGAAAAACCAACGCAAAAAAAAAAAGACGCTAAATTGTTTATAAAGGCGAGGAATTTGTATCTATCAATTACTATTCCAGTTGTCAGTTTACATTGCTTACCCTCTATTATCACATCAAAACAAACAACCGCAG,ATGGTGAGCAAGGGCGAGGAGCTGTTCACCGGGGTGGTGCCCATCCTGGTC,test,RPL8A,7.22823470808069,-0.10359252244234085
RPL8A_398,CCGACGCAAACAAATTGGAAAAACCAACGCAAAAAAAAAAAGACGCTAAATTGTTTATAAAGGCGAGGAATTTGTATCTATCAATTACTATTCCAGTTGTCAGTTTACATTGCTTACCCTCTATTATCACATCAAAACAATCGAACGCAG,ATGGTGAGCAAGGGCGAGGAGCTGTTCACCGGGGTGGTGCCCATCCTGGTC,test,RPL8A,9.26894139050178,0.05467157065868378
RPL8A_399,CCGACGCAAACAAATTGGAAAAACCAACGCAAAAAAAAAAAGACGCTAAATTGTTTATAAAGGCGAGGAATTTGTATCTATCAATTACTATTCCAGTTGTCAGTTTACATTGCTTACCCTCTATTATCACATCAAAACAAACAGTTCCAG,ATGGTGAGCAAGGGCGAGGAGCTGTTCACCGGGGTGGTGCCCATCCTGGTC,test,RPL8A,10.1714194172307,-0.0897928774356842
RPL8A_400,CCGACGCAAACAAATTGGAAAAACCAACGCAAAAAAAAAAAGACGCTAAATTGTTTATAAAGGCGAGGAATTTGTATCTATCAATTACTATTCCAGTTGTCAGTTTACATTGCTTACCCTCTATTATCACATCAAAACAAGTAACTCCAG,ATGGTGAGCAAGGGCGAGGAGCTGTTCACCGGGGTGGTGCCCATCCTGGTC,test,RPL8A,9.28757230523332,-0.0015128888189792633
RPL8A_401,CCGACGCAAACAAATTGGAAAAACCAACGCAAAAAAAAAAAGACGCTAAATTGTTTATAAAGGCGAGGAATTTGTATCTATCAATTACTATTCCAGTTGTCAGTTTACATTGCTTACCCTCTATTATCACATCAAAACAACACCCGCCAG,ATGGTGAGCAAGGGCGAGGAGCTGTTCACCGGGGTGGTGCCCATCCTGGTC,test,RPL8A,5.25720287919356,-0.20484194159507751
RPL8A_402,CCGACGCAAACAAATTGGAAAAACCAACGCAAAAAAAAAAAGACGCTAAATTGTTTATAAAGGCGAGGAATTTGTATCTATCAATTACTATTCCAGTTGTCAGTTTACATTGCTTACCCTCTATTATCACATCAAAACAACCAAAGCCAG,ATGGTGAGCAAGGGCGAGGAGCTGTTCACCGGGGTGGTGCCCATCCTGGTC,test,RPL8A,5.92663401860702,-0.21712341904640198
RPL8A_403,CCGACGCAAACAAATTGGAAAAACCAACGCAAAAAAAAAAAGACGCTAAATTGTTTATAAAGGCGAGGAATTTGTATCTATCAATTACTATTCCAGTTGTCAGTTTACATTGCTTACCCTCTATTATCACATCAAAACAACCGGCCCCAG,ATGGTGAGCAAGGGCGAGGAGCTGTTCACCGGGGTGGTGCCCATCCTGGTC,test,RPL8A,8.18443352758039,-0.21736636757850647
RPL8A_404,CCGACGCAAACAAATTGGAAAAACCAACGCAAAAAAAAAAAGACGCTAAATTGTTTATAAAGGCGAGGAATTTGTATCTATCAATTACTATTCCAGTTGTCAGTTTACATTGCTTACCCTCTATTATCACATCAAAACAAATCGCCCCAG,ATGGTGAGCAAGGGCGAGGAGCTGTTCACCGGGGTGGTGCCCATCCTGGTC,test,RPL8A,8.63604374361673,-0.24549514055252075
RPL8A_405,CCGACGCAAACAAATTGGAAAAACCAACGCAAAAAAAAAAAGACGCTAAATTGTTTATAAAGGCGAGGAATTTGTATCTATCAATTACTATTCCAGTTGTCAGTTTACATTGCTTACCCTCTATTATCACATCAAAACAACCAACCCCAG,ATGGTGAGCAAGGGCGAGGAGCTGTTCACCGGGGTGGTGCCCATCCTGGTC,test,RPL8A,7.10087721224428,-0.17311766743659973
RPL8A_406,CCGACGCAAACAAATTGGAAAAACCAACGCAAAAAAAAAAAGACGCTAAATTGTTTATAAAGGCGAGGAATTTGTATCTATCAATTACTATTCCAGTTGTCAGTTTACATTGCTTACCCTCTATTATCACATCAAAACAACAATACCCAG,ATGGTGAGCAAGGGCGAGGAGCTGTTCACCGGGGTGGTGCCCATCCTGGTC,test,RPL8A,6.89132393388101,-0.21158990263938904
RPL8A_407,CCGACGCAAACAAATTGGAAAAACCAACGCAAAAAAAAAAAGACGCTAAATTGTTTATAAAGGCGAGGAATTTGTATCTATCAATTACTATTCCAGTTGTCAGTTTACATTGCTTACCCTCTATTATCACATCAAAACAACAACACCCAG,ATGGTGAGCAAGGGCGAGGAGCTGTTCACCGGGGTGGTGCCCATCCTGGTC,test,RPL8A,4.60643081896253,-0.24041801691055298
RPL8A_408,CCGACGCAAACAAATTGGAAAAACCAACGCAAAAAAAAAAAGACGCTAAATTGTTTATAAAGGCGAGGAATTTGTATCTATCAATTACTATTCCAGTTGTCAGTTTACATTGCTTACCCTCTATTATCACATCAAAACAACCATATACAG,ATGGTGAGCAAGGGCGAGGAGCTGTTCACCGGGGTGGTGCCCATCCTGGTC,test,RPL8A,7.51843820551574,-0.1746070683002472
RPL8A_409,CCGACGCAAACAAATTGGAAAAACCAACGCAAAAAAAAAAAGACGCTAAATTGTTTATAAAGGCGAGGAATTTGTATCTATCAATTACTATTCCAGTTGTCAGTTTACATTGCTTACCCTCTATTATCACATCAAAACAAAGGGATACAG,ATGGTGAGCAAGGGCGAGGAGCTGTTCACCGGGGTGGTGCCCATCCTGGTC,test,RPL8A,6.54533855191047,-0.3044608235359192
RPL8A_410,CCGACGCAAACAAATTGGAAAAACCAACGCAAAAAAAAAAAGACGCTAAATTGTTTATAAAGGCGAGGAATTTGTATCTATCAATTACTATTCCAGTTGTCAGTTTACATTGCTTACCCTCTATTATCACATCAAAACAAAAGAGGACAG,ATGGTGAGCAAGGGCGAGGAGCTGTTCACCGGGGTGGTGCCCATCCTGGTC,test,RPL8A,5.94204565266196,-0.3881237208843231
RPL8A_411,CCGACGCAAACAAATTGGAAAAACCAACGCAAAAAAAAAAAGACGCTAAATTGTTTATAAAGGCGAGGAATTTGTATCTATCAATTACTATTCCAGTTGTCAGTTTACATTGCTTACCCTCTATTATCACATCAAAACAACATAAGACAG,ATGGTGAGCAAGGGCGAGGAGCTGTTCACCGGGGTGGTGCCCATCCTGGTC,test,RPL8A,7.13082077706068,-0.17175206542015076
RPL8A_412,CCGACGCAAACAAATTGGAAAAACCAACGCAAAAAAAAAAAGACGCTAAATTGTTTATAAAGGCGAGGAATTTGTATCTATCAATTACTATTCCAGTTGTCAGTTTACATTGCTTACCCTCTATTATCACATCAAAACAACCCACCACAG,ATGGTGAGCAAGGGCGAGGAGCTGTTCACCGGGGTGGTGCCCATCCTGGTC,test,RPL8A,7.85912895149077,-0.03313726186752319
RPL8A_413,CCGACGCAAACAAATTGGAAAAACCAACGCAAAAAAAAAAAGACGCTAAATTGTTTATAAAGGCGAGGAATTTGTATCTATCAATTACTATTCCAGTTGTCAGTTTACATTGCTTACCCTCTATTATCACATCAAAACAAACAGCAACAG,ATGGTGAGCAAGGGCGAGGAGCTGTTCACCGGGGTGGTGCCCATCCTGGTC,test,RPL8A,9.80277450627645,-0.4350869953632355
RPL8A_414,CCGACGCAAACAAATTGGAAAAACCAACGCAAAAAAAAAAAGACGCTAAATTGTTTATAAAGGCGAGGAATTTGTATCTATCAATTACTATTCCAGTTGTCAGTTTACATTGCTTACCCTCTATTATCACATCAAAACAACTAACAACAG,ATGGTGAGCAAGGGCGAGGAGCTGTTCACCGGGGTGGTGCCCATCCTGGTC,test,RPL8A,9.47870823836765,0.1823696494102478
RPL8A_415,CCGACGCAAACAAATTGGAAAAACCAACGCAAAAAAAAAAAGACGCTAAATTGTTTATAAAGGCGAGGAATTTGTATCTATCAATTACTATTCCAGTTGTCAGTTTACATTGCTTACCCTCTATTATCACATCAAAACAACACCAAACAG,ATGGTGAGCAAGGGCGAGGAGCTGTTCACCGGGGTGGTGCCCATCCTGGTC,test,RPL8A,5.11834862381897,-0.24143728613853455
RPL8A_416,CCGACGCAAACAAATTGGAAAAACCAACGCAAAAAAAAAAAGACGCTAAATTGTTTATAAAGGCGAGGAATTTGTATCTATCAATTACTATTCCAGTTGTCAGTTTACATTGCTTACCCTCTATTATCACATCAAAACAACGACGTTAAG,ATGGTGAGCAAGGGCGAGGAGCTGTTCACCGGGGTGGTGCCCATCCTGGTC,test,RPL8A,11.1103351096574,-0.10526437312364578
RPL8A_417,CCGACGCAAACAAATTGGAAAAACCAACGCAAAAAAAAAAAGACGCTAAATTGTTTATAAAGGCGAGGAATTTGTATCTATCAATTACTATTCCAGTTGTCAGTTTACATTGCTTACCCTCTATTATCACATCAAAACAAACCAGCTAAG,ATGGTGAGCAAGGGCGAGGAGCTGTTCACCGGGGTGGTGCCCATCCTGGTC,test,RPL8A,10.2206309244371,0.1013551875948906
RPL8A_418,CCGACGCAAACAAATTGGAAAAACCAACGCAAAAAAAAAAAGACGCTAAATTGTTTATAAAGGCGAGGAATTTGTATCTATCAATTACTATTCCAGTTGTCAGTTTACATTGCTTACCCTCTATTATCACATCAAAACAACAAGCCTAAG,ATGGTGAGCAAGGGCGAGGAGCTGTTCACCGGGGTGGTGCCCATCCTGGTC,test,RPL8A,12.2925969363226,-0.18210312724113464
RPL8A_419,CCGACGCAAACAAATTGGAAAAACCAACGCAAAAAAAAAAAGACGCTAAATTGTTTATAAAGGCGAGGAATTTGTATCTATCAATTACTATTCCAGTTGTCAGTTTACATTGCTTACCCTCTATTATCACATCAAAACAAAAGCCCTAAG,ATGGTGAGCAAGGGCGAGGAGCTGTTCACCGGGGTGGTGCCCATCCTGGTC,test,RPL8A,12.0616274075168,-0.37724846601486206
RPL8A_420,CCGACGCAAACAAATTGGAAAAACCAACGCAAAAAAAAAAAGACGCTAAATTGTTTATAAAGGCGAGGAATTTGTATCTATCAATTACTATTCCAGTTGTCAGTTTACATTGCTTACCCTCTATTATCACATCAAAACAACGGGACTAAG,ATGGTGAGCAAGGGCGAGGAGCTGTTCACCGGGGTGGTGCCCATCCTGGTC,test,RPL8A,6.88563680712575,-0.3740212023258209
RPL8A_421,CCGACGCAAACAAATTGGAAAAACCAACGCAAAAAAAAAAAGACGCTAAATTGTTTATAAAGGCGAGGAATTTGTATCTATCAATTACTATTCCAGTTGTCAGTTTACATTGCTTACCCTCTATTATCACATCAAAACAATCCCGATAAG,ATGGTGAGCAAGGGCGAGGAGCTGTTCACCGGGGTGGTGCCCATCCTGGTC,test,RPL8A,11.3538728139536,-0.20873454213142395
RPL8A_422,CCGACGCAAACAAATTGGAAAAACCAACGCAAAAAAAAAAAGACGCTAAATTGTTTATAAAGGCGAGGAATTTGTATCTATCAATTACTATTCCAGTTGTCAGTTTACATTGCTTACCCTCTATTATCACATCAAAACAAAAATAATAAG,ATGGTGAGCAAGGGCGAGGAGCTGTTCACCGGGGTGGTGCCCATCCTGGTC,test,RPL8A,11.7720600539643,-0.32853466272354126
RPL8A_423,CCGACGCAAACAAATTGGAAAAACCAACGCAAAAAAAAAAAGACGCTAAATTGTTTATAAAGGCGAGGAATTTGTATCTATCAATTACTATTCCAGTTGTCAGTTTACATTGCTTACCCTCTATTATCACATCAAAACAAACAAAATAAG,ATGGTGAGCAAGGGCGAGGAGCTGTTCACCGGGGTGGTGCCCATCCTGGTC,test,RPL8A,10.0681869382669,-0.1377294659614563
RPL8A_424,CCGACGCAAACAAATTGGAAAAACCAACGCAAAAAAAAAAAGACGCTAAATTGTTTATAAAGGCGAGGAATTTGTATCTATCAATTACTATTCCAGTTGTCAGTTTACATTGCTTACCCTCTATTATCACATCAAAACAAAACAATGAAG,ATGGTGAGCAAGGGCGAGGAGCTGTTCACCGGGGTGGTGCCCATCCTGGTC,test,RPL8A,12.1365670362362,-0.12212542444467545
RPL8A_425,CCGACGCAAACAAATTGGAAAAACCAACGCAAAAAAAAAAAGACGCTAAATTGTTTATAAAGGCGAGGAATTTGTATCTATCAATTACTATTCCAGTTGTCAGTTTACATTGCTTACCCTCTATTATCACATCAAAACAAGAGAGAGAAG,ATGGTGAGCAAGGGCGAGGAGCTGTTCACCGGGGTGGTGCCCATCCTGGTC,test,RPL8A,11.0468709063234,-0.3756765127182007
RPL8A_426,CCGACGCAAACAAATTGGAAAAACCAACGCAAAAAAAAAAAGACGCTAAATTGTTTATAAAGGCGAGGAATTTGTATCTATCAATTACTATTCCAGTTGTCAGTTTACATTGCTTACCCTCTATTATCACATCAAAACAACGCCCAGAAG,ATGGTGAGCAAGGGCGAGGAGCTGTTCACCGGGGTGGTGCCCATCCTGGTC,test,RPL8A,9.77855398057201,-0.49281883239746094
RPL8A_427,CCGACGCAAACAAATTGGAAAAACCAACGCAAAAAAAAAAAGACGCTAAATTGTTTATAAAGGCGAGGAATTTGTATCTATCAATTACTATTCCAGTTGTCAGTTTACATTGCTTACCCTCTATTATCACATCAAAACAAGAGACAGAAG,ATGGTGAGCAAGGGCGAGGAGCTGTTCACCGGGGTGGTGCCCATCCTGGTC,test,RPL8A,8.95769582248468,-0.4171801805496216
RPL8A_428,CCGACGCAAACAAATTGGAAAAACCAACGCAAAAAAAAAAAGACGCTAAATTGTTTATAAAGGCGAGGAATTTGTATCTATCAATTACTATTCCAGTTGTCAGTTTACATTGCTTACCCTCTATTATCACATCAAAACAAGCGAAAGAAG,ATGGTGAGCAAGGGCGAGGAGCTGTTCACCGGGGTGGTGCCCATCCTGGTC,test,RPL8A,11.2746123800208,-0.3422868847846985
RPL8A_429,CCGACGCAAACAAATTGGAAAAACCAACGCAAAAAAAAAAAGACGCTAAATTGTTTATAAAGGCGAGGAATTTGTATCTATCAATTACTATTCCAGTTGTCAGTTTACATTGCTTACCCTCTATTATCACATCAAAACAAATCAAAGAAG,ATGGTGAGCAAGGGCGAGGAGCTGTTCACCGGGGTGGTGCCCATCCTGGTC,test,RPL8A,11.3253203207675,-0.3004949390888214
RPL8A_430,CCGACGCAAACAAATTGGAAAAACCAACGCAAAAAAAAAAAGACGCTAAATTGTTTATAAAGGCGAGGAATTTGTATCTATCAATTACTATTCCAGTTGTCAGTTTACATTGCTTACCCTCTATTATCACATCAAAACAACGCAAAGAAG,ATGGTGAGCAAGGGCGAGGAGCTGTTCACCGGGGTGGTGCCCATCCTGGTC,test,RPL8A,11.3514752873848,-0.0876534953713417
RPL8A_431,CCGACGCAAACAAATTGGAAAAACCAACGCAAAAAAAAAAAGACGCTAAATTGTTTATAAAGGCGAGGAATTTGTATCTATCAATTACTATTCCAGTTGTCAGTTTACATTGCTTACCCTCTATTATCACATCAAAACAATAGGGTCAAG,ATGGTGAGCAAGGGCGAGGAGCTGTTCACCGGGGTGGTGCCCATCCTGGTC,test,RPL8A,9.45232831365866,-0.3738187551498413
RPL8A_432,CCGACGCAAACAAATTGGAAAAACCAACGCAAAAAAAAAAAGACGCTAAATTGTTTATAAAGGCGAGGAATTTGTATCTATCAATTACTATTCCAGTTGTCAGTTTACATTGCTTACCCTCTATTATCACATCAAAACAACTCAAGCAAG,ATGGTGAGCAAGGGCGAGGAGCTGTTCACCGGGGTGGTGCCCATCCTGGTC,test,RPL8A,11.4639163572394,0.2915855646133423
RPL8A_433,CCGACGCAAACAAATTGGAAAAACCAACGCAAAAAAAAAAAGACGCTAAATTGTTTATAAAGGCGAGGAATTTGTATCTATCAATTACTATTCCAGTTGTCAGTTTACATTGCTTACCCTCTATTATCACATCAAAACAAAAAAGCCAAG,ATGGTGAGCAAGGGCGAGGAGCTGTTCACCGGGGTGGTGCCCATCCTGGTC,test,RPL8A,11.3138764268371,-0.4391213059425354
RPL8A_434,CCGACGCAAACAAATTGGAAAAACCAACGCAAAAAAAAAAAGACGCTAAATTGTTTATAAAGGCGAGGAATTTGTATCTATCAATTACTATTCCAGTTGTCAGTTTACATTGCTTACCCTCTATTATCACATCAAAACAAGAACCCCAAG,ATGGTGAGCAAGGGCGAGGAGCTGTTCACCGGGGTGGTGCCCATCCTGGTC,test,RPL8A,11.8408190544981,-0.2030191421508789
RPL8A_435,CCGACGCAAACAAATTGGAAAAACCAACGCAAAAAAAAAAAGACGCTAAATTGTTTATAAAGGCGAGGAATTTGTATCTATCAATTACTATTCCAGTTGTCAGTTTACATTGCTTACCCTCTATTATCACATCAAAACAAACCACCCAAG,ATGGTGAGCAAGGGCGAGGAGCTGTTCACCGGGGTGGTGCCCATCCTGGTC,test,RPL8A,10.1926874255505,-0.17593804001808167
RPL8A_436,CCGACGCAAACAAATTGGAAAAACCAACGCAAAAAAAAAAAGACGCTAAATTGTTTATAAAGGCGAGGAATTTGTATCTATCAATTACTATTCCAGTTGTCAGTTTACATTGCTTACCCTCTATTATCACATCAAAACAACTCAACCAAG,ATGGTGAGCAAGGGCGAGGAGCTGTTCACCGGGGTGGTGCCCATCCTGGTC,test,RPL8A,8.98077231808434,0.17341172695159912
RPL8A_437,CCGACGCAAACAAATTGGAAAAACCAACGCAAAAAAAAAAAGACGCTAAATTGTTTATAAAGGCGAGGAATTTGTATCTATCAATTACTATTCCAGTTGTCAGTTTACATTGCTTACCCTCTATTATCACATCAAAACAACCAAACCAAG,ATGGTGAGCAAGGGCGAGGAGCTGTTCACCGGGGTGGTGCCCATCCTGGTC,test,RPL8A,8.9873866516369,-0.07009126991033554
RPL8A_438,CCGACGCAAACAAATTGGAAAAACCAACGCAAAAAAAAAAAGACGCTAAATTGTTTATAAAGGCGAGGAATTTGTATCTATCAATTACTATTCCAGTTGTCAGTTTACATTGCTTACCCTCTATTATCACATCAAAACAAAAAGCACAAG,ATGGTGAGCAAGGGCGAGGAGCTGTTCACCGGGGTGGTGCCCATCCTGGTC,test,RPL8A,5.98624136569135,-0.33041709661483765
RPL8A_439,CCGACGCAAACAAATTGGAAAAACCAACGCAAAAAAAAAAAGACGCTAAATTGTTTATAAAGGCGAGGAATTTGTATCTATCAATTACTATTCCAGTTGTCAGTTTACATTGCTTACCCTCTATTATCACATCAAAACAAAGTCCACAAG,ATGGTGAGCAAGGGCGAGGAGCTGTTCACCGGGGTGGTGCCCATCCTGGTC,test,RPL8A,12.6560813971871,-0.13220363855361938
RPL8A_440,CCGACGCAAACAAATTGGAAAAACCAACGCAAAAAAAAAAAGACGCTAAATTGTTTATAAAGGCGAGGAATTTGTATCTATCAATTACTATTCCAGTTGTCAGTTTACATTGCTTACCCTCTATTATCACATCAAAACAAGAAACACAAG,ATGGTGAGCAAGGGCGAGGAGCTGTTCACCGGGGTGGTGCCCATCCTGGTC,test,RPL8A,12.2169226125111,-0.2343888282775879
RPL8A_441,CCGACGCAAACAAATTGGAAAAACCAACGCAAAAAAAAAAAGACGCTAAATTGTTTATAAAGGCGAGGAATTTGTATCTATCAATTACTATTCCAGTTGTCAGTTTACATTGCTTACCCTCTATTATCACATCAAAACAAATGGAACAAG,ATGGTGAGCAAGGGCGAGGAGCTGTTCACCGGGGTGGTGCCCATCCTGGTC,test,RPL8A,6.65720210812414,-0.2322562336921692
RPL8A_442,CCGACGCAAACAAATTGGAAAAACCAACGCAAAAAAAAAAAGACGCTAAATTGTTTATAAAGGCGAGGAATTTGTATCTATCAATTACTATTCCAGTTGTCAGTTTACATTGCTTACCCTCTATTATCACATCAAAACAAAAAGCTAAAG,ATGGTGAGCAAGGGCGAGGAGCTGTTCACCGGGGTGGTGCCCATCCTGGTC,test,RPL8A,12.7922963878052,-0.4490155577659607
RPL8A_443,CCGACGCAAACAAATTGGAAAAACCAACGCAAAAAAAAAAAGACGCTAAATTGTTTATAAAGGCGAGGAATTTGTATCTATCAATTACTATTCCAGTTGTCAGTTTACATTGCTTACCCTCTATTATCACATCAAAACAAGACCCGAAAG,ATGGTGAGCAAGGGCGAGGAGCTGTTCACCGGGGTGGTGCCCATCCTGGTC,test,RPL8A,10.8926441343519,-0.4123837351799011
RPL8A_444,CCGACGCAAACAAATTGGAAAAACCAACGCAAAAAAAAAAAGACGCTAAATTGTTTATAAAGGCGAGGAATTTGTATCTATCAATTACTATTCCAGTTGTCAGTTTACATTGCTTACCCTCTATTATCACATCAAAACAACCTGCCAAAG,ATGGTGAGCAAGGGCGAGGAGCTGTTCACCGGGGTGGTGCCCATCCTGGTC,test,RPL8A,10.6617018711801,-0.28166908025741577
RPL8A_445,CCGACGCAAACAAATTGGAAAAACCAACGCAAAAAAAAAAAGACGCTAAATTGTTTATAAAGGCGAGGAATTTGTATCTATCAATTACTATTCCAGTTGTCAGTTTACATTGCTTACCCTCTATTATCACATCAAAACAATACCCCAAAG,ATGGTGAGCAAGGGCGAGGAGCTGTTCACCGGGGTGGTGCCCATCCTGGTC,test,RPL8A,11.0025576789137,-0.2665937840938568
RPL8A_446,CCGACGCAAACAAATTGGAAAAACCAACGCAAAAAAAAAAAGACGCTAAATTGTTTATAAAGGCGAGGAATTTGTATCTATCAATTACTATTCCAGTTGTCAGTTTACATTGCTTACCCTCTATTATCACATCAAAACAAACACCCAAAG,ATGGTGAGCAAGGGCGAGGAGCTGTTCACCGGGGTGGTGCCCATCCTGGTC,test,RPL8A,9.47587352761971,-0.4016810655593872
RPL8A_447,CCGACGCAAACAAATTGGAAAAACCAACGCAAAAAAAAAAAGACGCTAAATTGTTTATAAAGGCGAGGAATTTGTATCTATCAATTACTATTCCAGTTGTCAGTTTACATTGCTTACCCTCTATTATCACATCAAAACAAGAATACAAAG,ATGGTGAGCAAGGGCGAGGAGCTGTTCACCGGGGTGGTGCCCATCCTGGTC,test,RPL8A,12.6356370408551,-0.29158881306648254
RPL8A_448,CCGACGCAAACAAATTGGAAAAACCAACGCAAAAAAAAAAAGACGCTAAATTGTTTATAAAGGCGAGGAATTTGTATCTATCAATTACTATTCCAGTTGTCAGTTTACATTGCTTACCCTCTATTATCACATCAAAACAAAGGAAAAAAG,ATGGTGAGCAAGGGCGAGGAGCTGTTCACCGGGGTGGTGCCCATCCTGGTC,test,RPL8A,12.0328660645154,-0.3003222346305847
RPL8A_449,CCGACGCAAACAAATTGGAAAAACCAACGCAAAAAAAAAAAGACGCTAAATTGTTTATAAAGGCGAGGAATTTGTATCTATCAATTACTATTCCAGTTGTCAGTTTACATTGCTTACCCTCTATTATCACATCAAAACAAACCGCATTTC,ATGGTGAGCAAGGGCGAGGAGCTGTTCACCGGGGTGGTGCCCATCCTGGTC,test,RPL8A,7.50415495890055,-0.025899648666381836
RPL8A_450,CCGACGCAAACAAATTGGAAAAACCAACGCAAAAAAAAAAAGACGCTAAATTGTTTATAAAGGCGAGGAATTTGTATCTATCAATTACTATTCCAGTTGTCAGTTTACATTGCTTACCCTCTATTATCACATCAAAACAAGCAACTGTTC,ATGGTGAGCAAGGGCGAGGAGCTGTTCACCGGGGTGGTGCCCATCCTGGTC,test,RPL8A,5.67354691382594,-0.14453503489494324
RPL8A_451,CCGACGCAAACAAATTGGAAAAACCAACGCAAAAAAAAAAAGACGCTAAATTGTTTATAAAGGCGAGGAATTTGTATCTATCAATTACTATTCCAGTTGTCAGTTTACATTGCTTACCCTCTATTATCACATCAAAACAAAGGAATGTTC,ATGGTGAGCAAGGGCGAGGAGCTGTTCACCGGGGTGGTGCCCATCCTGGTC,test,RPL8A,9.42852955199337,-0.07641595602035522
RPL8A_452,CCGACGCAAACAAATTGGAAAAACCAACGCAAAAAAAAAAAGACGCTAAATTGTTTATAAAGGCGAGGAATTTGTATCTATCAATTACTATTCCAGTTGTCAGTTTACATTGCTTACCCTCTATTATCACATCAAAACAATCCGAGGTTC,ATGGTGAGCAAGGGCGAGGAGCTGTTCACCGGGGTGGTGCCCATCCTGGTC,test,RPL8A,6.05395334305077,-0.06159425526857376
RPL8A_453,CCGACGCAAACAAATTGGAAAAACCAACGCAAAAAAAAAAAGACGCTAAATTGTTTATAAAGGCGAGGAATTTGTATCTATCAATTACTATTCCAGTTGTCAGTTTACATTGCTTACCCTCTATTATCACATCAAAACAAAGGAACGTTC,ATGGTGAGCAAGGGCGAGGAGCTGTTCACCGGGGTGGTGCCCATCCTGGTC,test,RPL8A,6.49447033415992,0.03270269185304642
RPL8A_454,CCGACGCAAACAAATTGGAAAAACCAACGCAAAAAAAAAAAGACGCTAAATTGTTTATAAAGGCGAGGAATTTGTATCTATCAATTACTATTCCAGTTGTCAGTTTACATTGCTTACCCTCTATTATCACATCAAAACAACTCCCACTTC,ATGGTGAGCAAGGGCGAGGAGCTGTTCACCGGGGTGGTGCCCATCCTGGTC,test,RPL8A,6.12133159055901,-0.06018916517496109
RPL8A_455,CCGACGCAAACAAATTGGAAAAACCAACGCAAAAAAAAAAAGACGCTAAATTGTTTATAAAGGCGAGGAATTTGTATCTATCAATTACTATTCCAGTTGTCAGTTTACATTGCTTACCCTCTATTATCACATCAAAACAAATACAGATTC,ATGGTGAGCAAGGGCGAGGAGCTGTTCACCGGGGTGGTGCCCATCCTGGTC,test,RPL8A,8.79969566413258,0.031528301537036896
RPL8A_456,CCGACGCAAACAAATTGGAAAAACCAACGCAAAAAAAAAAAGACGCTAAATTGTTTATAAAGGCGAGGAATTTGTATCTATCAATTACTATTCCAGTTGTCAGTTTACATTGCTTACCCTCTATTATCACATCAAAACAAAACCACATTC,ATGGTGAGCAAGGGCGAGGAGCTGTTCACCGGGGTGGTGCCCATCCTGGTC,test,RPL8A,6.31456468722882,-0.08046027272939682
RPL8A_457,CCGACGCAAACAAATTGGAAAAACCAACGCAAAAAAAAAAAGACGCTAAATTGTTTATAAAGGCGAGGAATTTGTATCTATCAATTACTATTCCAGTTGTCAGTTTACATTGCTTACCCTCTATTATCACATCAAAACAATCACAAATTC,ATGGTGAGCAAGGGCGAGGAGCTGTTCACCGGGGTGGTGCCCATCCTGGTC,test,RPL8A,5.09926709339451,-0.11473899334669113
RPL8A_458,CCGACGCAAACAAATTGGAAAAACCAACGCAAAAAAAAAAAGACGCTAAATTGTTTATAAAGGCGAGGAATTTGTATCTATCAATTACTATTCCAGTTGTCAGTTTACATTGCTTACCCTCTATTATCACATCAAAACAATAAAACGGTC,ATGGTGAGCAAGGGCGAGGAGCTGTTCACCGGGGTGGTGCCCATCCTGGTC,test,RPL8A,10.3814054720164,-0.4250727891921997
RPL8A_459,CCGACGCAAACAAATTGGAAAAACCAACGCAAAAAAAAAAAGACGCTAAATTGTTTATAAAGGCGAGGAATTTGTATCTATCAATTACTATTCCAGTTGTCAGTTTACATTGCTTACCCTCTATTATCACATCAAAACAAAAAAAGCGTC,ATGGTGAGCAAGGGCGAGGAGCTGTTCACCGGGGTGGTGCCCATCCTGGTC,test,RPL8A,11.2828332651491,-0.4310270845890045
RPL8A_460,CCGACGCAAACAAATTGGAAAAACCAACGCAAAAAAAAAAAGACGCTAAATTGTTTATAAAGGCGAGGAATTTGTATCTATCAATTACTATTCCAGTTGTCAGTTTACATTGCTTACCCTCTATTATCACATCAAAACAAAAAGCCCGTC,ATGGTGAGCAAGGGCGAGGAGCTGTTCACCGGGGTGGTGCCCATCCTGGTC,test,RPL8A,12.2132019502745,-0.42812836170196533
RPL8A_461,CCGACGCAAACAAATTGGAAAAACCAACGCAAAAAAAAAAAGACGCTAAATTGTTTATAAAGGCGAGGAATTTGTATCTATCAATTACTATTCCAGTTGTCAGTTTACATTGCTTACCCTCTATTATCACATCAAAACAACAAAACCGTC,ATGGTGAGCAAGGGCGAGGAGCTGTTCACCGGGGTGGTGCCCATCCTGGTC,test,RPL8A,10.5213466444333,-0.15413004159927368
RPL8A_462,CCGACGCAAACAAATTGGAAAAACCAACGCAAAAAAAAAAAGACGCTAAATTGTTTATAAAGGCGAGGAATTTGTATCTATCAATTACTATTCCAGTTGTCAGTTTACATTGCTTACCCTCTATTATCACATCAAAACAACCCACACGTC,ATGGTGAGCAAGGGCGAGGAGCTGTTCACCGGGGTGGTGCCCATCCTGGTC,test,RPL8A,9.95864155992429,-0.12182001024484634
RPL8A_463,CCGACGCAAACAAATTGGAAAAACCAACGCAAAAAAAAAAAGACGCTAAATTGTTTATAAAGGCGAGGAATTTGTATCTATCAATTACTATTCCAGTTGTCAGTTTACATTGCTTACCCTCTATTATCACATCAAAACAAATAACACGTC,ATGGTGAGCAAGGGCGAGGAGCTGTTCACCGGGGTGGTGCCCATCCTGGTC,test,RPL8A,10.9294018656371,-0.009749867022037506
RPL8A_464,CCGACGCAAACAAATTGGAAAAACCAACGCAAAAAAAAAAAGACGCTAAATTGTTTATAAAGGCGAGGAATTTGTATCTATCAATTACTATTCCAGTTGTCAGTTTACATTGCTTACCCTCTATTATCACATCAAAACAAAGAGGTAGTC,ATGGTGAGCAAGGGCGAGGAGCTGTTCACCGGGGTGGTGCCCATCCTGGTC,test,RPL8A,11.2204338808075,-0.42078903317451477
RPL8A_465,CCGACGCAAACAAATTGGAAAAACCAACGCAAAAAAAAAAAGACGCTAAATTGTTTATAAAGGCGAGGAATTTGTATCTATCAATTACTATTCCAGTTGTCAGTTTACATTGCTTACCCTCTATTATCACATCAAAACAAAACAATAGTC,ATGGTGAGCAAGGGCGAGGAGCTGTTCACCGGGGTGGTGCCCATCCTGGTC,test,RPL8A,12.446163599265,-0.10991542786359787
RPL8A_466,CCGACGCAAACAAATTGGAAAAACCAACGCAAAAAAAAAAAGACGCTAAATTGTTTATAAAGGCGAGGAATTTGTATCTATCAATTACTATTCCAGTTGTCAGTTTACATTGCTTACCCTCTATTATCACATCAAAACAACGGGGGAGTC,ATGGTGAGCAAGGGCGAGGAGCTGTTCACCGGGGTGGTGCCCATCCTGGTC,test,RPL8A,8.30783622813656,-0.4022785425186157
RPL8A_467,CCGACGCAAACAAATTGGAAAAACCAACGCAAAAAAAAAAAGACGCTAAATTGTTTATAAAGGCGAGGAATTTGTATCTATCAATTACTATTCCAGTTGTCAGTTTACATTGCTTACCCTCTATTATCACATCAAAACAATACGAGAGTC,ATGGTGAGCAAGGGCGAGGAGCTGTTCACCGGGGTGGTGCCCATCCTGGTC,test,RPL8A,10.7971312163507,-0.42161399126052856
RPL8A_468,CCGACGCAAACAAATTGGAAAAACCAACGCAAAAAAAAAAAGACGCTAAATTGTTTATAAAGGCGAGGAATTTGTATCTATCAATTACTATTCCAGTTGTCAGTTTACATTGCTTACCCTCTATTATCACATCAAAACAACGAAAGAGTC,ATGGTGAGCAAGGGCGAGGAGCTGTTCACCGGGGTGGTGCCCATCCTGGTC,test,RPL8A,11.9832033413208,-0.15387031435966492
RPL8A_469,CCGACGCAAACAAATTGGAAAAACCAACGCAAAAAAAAAAAGACGCTAAATTGTTTATAAAGGCGAGGAATTTGTATCTATCAATTACTATTCCAGTTGTCAGTTTACATTGCTTACCCTCTATTATCACATCAAAACAACACCGCAGTC,ATGGTGAGCAAGGGCGAGGAGCTGTTCACCGGGGTGGTGCCCATCCTGGTC,test,RPL8A,8.682947217458,-0.22624030709266663
RPL8A_470,CCGACGCAAACAAATTGGAAAAACCAACGCAAAAAAAAAAAGACGCTAAATTGTTTATAAAGGCGAGGAATTTGTATCTATCAATTACTATTCCAGTTGTCAGTTTACATTGCTTACCCTCTATTATCACATCAAAACAATAACACAGTC,ATGGTGAGCAAGGGCGAGGAGCTGTTCACCGGGGTGGTGCCCATCCTGGTC,test,RPL8A,10.806472228368,-0.4083220958709717
RPL8A_471,CCGACGCAAACAAATTGGAAAAACCAACGCAAAAAAAAAAAGACGCTAAATTGTTTATAAAGGCGAGGAATTTGTATCTATCAATTACTATTCCAGTTGTCAGTTTACATTGCTTACCCTCTATTATCACATCAAAACAACCAAACAGTC,ATGGTGAGCAAGGGCGAGGAGCTGTTCACCGGGGTGGTGCCCATCCTGGTC,test,RPL8A,10.1005246123344,-0.42268407344818115
RPL8A_472,CCGACGCAAACAAATTGGAAAAACCAACGCAAAAAAAAAAAGACGCTAAATTGTTTATAAAGGCGAGGAATTTGTATCTATCAATTACTATTCCAGTTGTCAGTTTACATTGCTTACCCTCTATTATCACATCAAAACAACCAGTAAGTC,ATGGTGAGCAAGGGCGAGGAGCTGTTCACCGGGGTGGTGCCCATCCTGGTC,test,RPL8A,4.75405148315754,-0.4685300588607788
RPL8A_473,CCGACGCAAACAAATTGGAAAAACCAACGCAAAAAAAAAAAGACGCTAAATTGTTTATAAAGGCGAGGAATTTGTATCTATCAATTACTATTCCAGTTGTCAGTTTACATTGCTTACCCTCTATTATCACATCAAAACAACTTCGAAGTC,ATGGTGAGCAAGGGCGAGGAGCTGTTCACCGGGGTGGTGCCCATCCTGGTC,test,RPL8A,12.3385848609702,-0.0636155977845192
RPL8A_474,CCGACGCAAACAAATTGGAAAAACCAACGCAAAAAAAAAAAGACGCTAAATTGTTTATAAAGGCGAGGAATTTGTATCTATCAATTACTATTCCAGTTGTCAGTTTACATTGCTTACCCTCTATTATCACATCAAAACAATCCAAAAGTC,ATGGTGAGCAAGGGCGAGGAGCTGTTCACCGGGGTGGTGCCCATCCTGGTC,test,RPL8A,10.4651316933303,-0.12942609190940857
RPL8A_475,CCGACGCAAACAAATTGGAAAAACCAACGCAAAAAAAAAAAGACGCTAAATTGTTTATAAAGGCGAGGAATTTGTATCTATCAATTACTATTCCAGTTGTCAGTTTACATTGCTTACCCTCTATTATCACATCAAAACAACAAAAAAGTC,ATGGTGAGCAAGGGCGAGGAGCTGTTCACCGGGGTGGTGCCCATCCTGGTC,test,RPL8A,11.5739481038056,-0.14722475409507751
RPL8A_476,CCGACGCAAACAAATTGGAAAAACCAACGCAAAAAAAAAAAGACGCTAAATTGTTTATAAAGGCGAGGAATTTGTATCTATCAATTACTATTCCAGTTGTCAGTTTACATTGCTTACCCTCTATTATCACATCAAAACAACAAGAGTCTC,ATGGTGAGCAAGGGCGAGGAGCTGTTCACCGGGGTGGTGCCCATCCTGGTC,test,RPL8A,10.3697675271223,-0.29187870025634766
RPL8A_477,CCGACGCAAACAAATTGGAAAAACCAACGCAAAAAAAAAAAGACGCTAAATTGTTTATAAAGGCGAGGAATTTGTATCTATCAATTACTATTCCAGTTGTCAGTTTACATTGCTTACCCTCTATTATCACATCAAAACAAACACGATCTC,ATGGTGAGCAAGGGCGAGGAGCTGTTCACCGGGGTGGTGCCCATCCTGGTC,test,RPL8A,8.71068721884648,0.004669807851314545
RPL8A_478,CCGACGCAAACAAATTGGAAAAACCAACGCAAAAAAAAAAAGACGCTAAATTGTTTATAAAGGCGAGGAATTTGTATCTATCAATTACTATTCCAGTTGTCAGTTTACATTGCTTACCCTCTATTATCACATCAAAACAACCCAAGGCTC,ATGGTGAGCAAGGGCGAGGAGCTGTTCACCGGGGTGGTGCCCATCCTGGTC,test,RPL8A,3.53566335392184,-0.4747656583786011
RPL8A_479,CCGACGCAAACAAATTGGAAAAACCAACGCAAAAAAAAAAAGACGCTAAATTGTTTATAAAGGCGAGGAATTTGTATCTATCAATTACTATTCCAGTTGTCAGTTTACATTGCTTACCCTCTATTATCACATCAAAACAAAATCTCCCTC,ATGGTGAGCAAGGGCGAGGAGCTGTTCACCGGGGTGGTGCCCATCCTGGTC,test,RPL8A,9.99100985938961,-0.053449250757694244
RPL8A_480,CCGACGCAAACAAATTGGAAAAACCAACGCAAAAAAAAAAAGACGCTAAATTGTTTATAAAGGCGAGGAATTTGTATCTATCAATTACTATTCCAGTTGTCAGTTTACATTGCTTACCCTCTATTATCACATCAAAACAACCCCCCCCTC,ATGGTGAGCAAGGGCGAGGAGCTGTTCACCGGGGTGGTGCCCATCCTGGTC,test,RPL8A,8.7679104134136,-0.10613510757684708
RPL8A_481,CCGACGCAAACAAATTGGAAAAACCAACGCAAAAAAAAAAAGACGCTAAATTGTTTATAAAGGCGAGGAATTTGTATCTATCAATTACTATTCCAGTTGTCAGTTTACATTGCTTACCCTCTATTATCACATCAAAACAAACATACCCTC,ATGGTGAGCAAGGGCGAGGAGCTGTTCACCGGGGTGGTGCCCATCCTGGTC,test,RPL8A,9.85239055365744,-0.13168567419052124
RPL8A_482,CCGACGCAAACAAATTGGAAAAACCAACGCAAAAAAAAAAAGACGCTAAATTGTTTATAAAGGCGAGGAATTTGTATCTATCAATTACTATTCCAGTTGTCAGTTTACATTGCTTACCCTCTATTATCACATCAAAACAACACACACCTC,ATGGTGAGCAAGGGCGAGGAGCTGTTCACCGGGGTGGTGCCCATCCTGGTC,test,RPL8A,4.0150191662718,-0.05334409326314926
RPL8A_483,CCGACGCAAACAAATTGGAAAAACCAACGCAAAAAAAAAAAGACGCTAAATTGTTTATAAAGGCGAGGAATTTGTATCTATCAATTACTATTCCAGTTGTCAGTTTACATTGCTTACCCTCTATTATCACATCAAAACAACCACAACCTC,ATGGTGAGCAAGGGCGAGGAGCTGTTCACCGGGGTGGTGCCCATCCTGGTC,test,RPL8A,5.99007075892516,-0.23967915773391724
RPL8A_484,CCGACGCAAACAAATTGGAAAAACCAACGCAAAAAAAAAAAGACGCTAAATTGTTTATAAAGGCGAGGAATTTGTATCTATCAATTACTATTCCAGTTGTCAGTTTACATTGCTTACCCTCTATTATCACATCAAAACAACAACAACCTC,ATGGTGAGCAAGGGCGAGGAGCTGTTCACCGGGGTGGTGCCCATCCTGGTC,test,RPL8A,6.57683155095569,-0.11303278058767319
RPL8A_485,CCGACGCAAACAAATTGGAAAAACCAACGCAAAAAAAAAAAGACGCTAAATTGTTTATAAAGGCGAGGAATTTGTATCTATCAATTACTATTCCAGTTGTCAGTTTACATTGCTTACCCTCTATTATCACATCAAAACAAGAAGCTACTC,ATGGTGAGCAAGGGCGAGGAGCTGTTCACCGGGGTGGTGCCCATCCTGGTC,test,RPL8A,11.5207760292167,-0.3838074207305908
RPL8A_486,CCGACGCAAACAAATTGGAAAAACCAACGCAAAAAAAAAAAGACGCTAAATTGTTTATAAAGGCGAGGAATTTGTATCTATCAATTACTATTCCAGTTGTCAGTTTACATTGCTTACCCTCTATTATCACATCAAAACAACACAATACTC,ATGGTGAGCAAGGGCGAGGAGCTGTTCACCGGGGTGGTGCCCATCCTGGTC,test,RPL8A,8.09462029679889,0.06891265511512756
RPL8A_487,CCGACGCAAACAAATTGGAAAAACCAACGCAAAAAAAAAAAGACGCTAAATTGTTTATAAAGGCGAGGAATTTGTATCTATCAATTACTATTCCAGTTGTCAGTTTACATTGCTTACCCTCTATTATCACATCAAAACAAGACGCGACTC,ATGGTGAGCAAGGGCGAGGAGCTGTTCACCGGGGTGGTGCCCATCCTGGTC,test,RPL8A,7.17865976832981,-0.3893734812736511
RPL8A_488,CCGACGCAAACAAATTGGAAAAACCAACGCAAAAAAAAAAAGACGCTAAATTGTTTATAAAGGCGAGGAATTTGTATCTATCAATTACTATTCCAGTTGTCAGTTTACATTGCTTACCCTCTATTATCACATCAAAACAAAAACCGACTC,ATGGTGAGCAAGGGCGAGGAGCTGTTCACCGGGGTGGTGCCCATCCTGGTC,test,RPL8A,8.49220014585461,-0.4495239555835724
RPL8A_489,CCGACGCAAACAAATTGGAAAAACCAACGCAAAAAAAAAAAGACGCTAAATTGTTTATAAAGGCGAGGAATTTGTATCTATCAATTACTATTCCAGTTGTCAGTTTACATTGCTTACCCTCTATTATCACATCAAAACAAGTCCAGACTC,ATGGTGAGCAAGGGCGAGGAGCTGTTCACCGGGGTGGTGCCCATCCTGGTC,test,RPL8A,7.12572925868839,-0.4196464419364929
RPL8A_490,CCGACGCAAACAAATTGGAAAAACCAACGCAAAAAAAAAAAGACGCTAAATTGTTTATAAAGGCGAGGAATTTGTATCTATCAATTACTATTCCAGTTGTCAGTTTACATTGCTTACCCTCTATTATCACATCAAAACAACTTCCCACTC,ATGGTGAGCAAGGGCGAGGAGCTGTTCACCGGGGTGGTGCCCATCCTGGTC,test,RPL8A,9.13593949995833,-0.04563526064157486
RPL8A_491,CCGACGCAAACAAATTGGAAAAACCAACGCAAAAAAAAAAAGACGCTAAATTGTTTATAAAGGCGAGGAATTTGTATCTATCAATTACTATTCCAGTTGTCAGTTTACATTGCTTACCCTCTATTATCACATCAAAACAACATACAACTC,ATGGTGAGCAAGGGCGAGGAGCTGTTCACCGGGGTGGTGCCCATCCTGGTC,test,RPL8A,8.46138533631317,0.24257096648216248
RPL8A_492,CCGACGCAAACAAATTGGAAAAACCAACGCAAAAAAAAAAAGACGCTAAATTGTTTATAAAGGCGAGGAATTTGTATCTATCAATTACTATTCCAGTTGTCAGTTTACATTGCTTACCCTCTATTATCACATCAAAACAAGCGTAAACTC,ATGGTGAGCAAGGGCGAGGAGCTGTTCACCGGGGTGGTGCCCATCCTGGTC,test,RPL8A,10.4808317176732,-0.2596978545188904
RPL8A_493,CCGACGCAAACAAATTGGAAAAACCAACGCAAAAAAAAAAAGACGCTAAATTGTTTATAAAGGCGAGGAATTTGTATCTATCAATTACTATTCCAGTTGTCAGTTTACATTGCTTACCCTCTATTATCACATCAAAACAATCCTAAACTC,ATGGTGAGCAAGGGCGAGGAGCTGTTCACCGGGGTGGTGCCCATCCTGGTC,test,RPL8A,9.33881723615392,-0.23634859919548035
RPL8A_494,CCGACGCAAACAAATTGGAAAAACCAACGCAAAAAAAAAAAGACGCTAAATTGTTTATAAAGGCGAGGAATTTGTATCTATCAATTACTATTCCAGTTGTCAGTTTACATTGCTTACCCTCTATTATCACATCAAAACAAACTAAAACTC,ATGGTGAGCAAGGGCGAGGAGCTGTTCACCGGGGTGGTGCCCATCCTGGTC,test,RPL8A,10.4853613473082,-0.4051883816719055
RPL8A_495,CCGACGCAAACAAATTGGAAAAACCAACGCAAAAAAAAAAAGACGCTAAATTGTTTATAAAGGCGAGGAATTTGTATCTATCAATTACTATTCCAGTTGTCAGTTTACATTGCTTACCCTCTATTATCACATCAAAACAATTGAAAACTC,ATGGTGAGCAAGGGCGAGGAGCTGTTCACCGGGGTGGTGCCCATCCTGGTC,test,RPL8A,9.729665111164,-0.4718148112297058
RPL8A_496,CCGACGCAAACAAATTGGAAAAACCAACGCAAAAAAAAAAAGACGCTAAATTGTTTATAAAGGCGAGGAATTTGTATCTATCAATTACTATTCCAGTTGTCAGTTTACATTGCTTACCCTCTATTATCACATCAAAACAAACGAACTATC,ATGGTGAGCAAGGGCGAGGAGCTGTTCACCGGGGTGGTGCCCATCCTGGTC,test,RPL8A,10.9490735384793,0.02051565609872341
RPL8A_497,CCGACGCAAACAAATTGGAAAAACCAACGCAAAAAAAAAAAGACGCTAAATTGTTTATAAAGGCGAGGAATTTGTATCTATCAATTACTATTCCAGTTGTCAGTTTACATTGCTTACCCTCTATTATCACATCAAAACAACCCGGTCATC,ATGGTGAGCAAGGGCGAGGAGCTGTTCACCGGGGTGGTGCCCATCCTGGTC,test,RPL8A,9.41735802788395,-0.36154717206954956
RPL8A_498,CCGACGCAAACAAATTGGAAAAACCAACGCAAAAAAAAAAAGACGCTAAATTGTTTATAAAGGCGAGGAATTTGTATCTATCAATTACTATTCCAGTTGTCAGTTTACATTGCTTACCCTCTATTATCACATCAAAACAACGCACGCATC,ATGGTGAGCAAGGGCGAGGAGCTGTTCACCGGGGTGGTGCCCATCCTGGTC,test,RPL8A,10.3079157823782,0.29471251368522644
RPL8A_499,CCGACGCAAACAAATTGGAAAAACCAACGCAAAAAAAAAAAGACGCTAAATTGTTTATAAAGGCGAGGAATTTGTATCTATCAATTACTATTCCAGTTGTCAGTTTACATTGCTTACCCTCTATTATCACATCAAAACAACGTATCCATC,ATGGTGAGCAAGGGCGAGGAGCTGTTCACCGGGGTGGTGCCCATCCTGGTC,test,RPL8A,11.9924645691132,0.08163012564182281
RPL8A_500,CCGACGCAAACAAATTGGAAAAACCAACGCAAAAAAAAAAAGACGCTAAATTGTTTATAAAGGCGAGGAATTTGTATCTATCAATTACTATTCCAGTTGTCAGTTTACATTGCTTACCCTCTATTATCACATCAAAACAAACTAGCCATC,ATGGTGAGCAAGGGCGAGGAGCTGTTCACCGGGGTGGTGCCCATCCTGGTC,test,RPL8A,11.035935975212,-0.023905757814645767
RPL8A_501,CCGACGCAAACAAATTGGAAAAACCAACGCAAAAAAAAAAAGACGCTAAATTGTTTATAAAGGCGAGGAATTTGTATCTATCAATTACTATTCCAGTTGTCAGTTTACATTGCTTACCCTCTATTATCACATCAAAACAAGGCTACCATC,ATGGTGAGCAAGGGCGAGGAGCTGTTCACCGGGGTGGTGCCCATCCTGGTC,test,RPL8A,10.2961638878392,-0.0017153136432170868
RPL8A_502,CCGACGCAAACAAATTGGAAAAACCAACGCAAAAAAAAAAAGACGCTAAATTGTTTATAAAGGCGAGGAATTTGTATCTATCAATTACTATTCCAGTTGTCAGTTTACATTGCTTACCCTCTATTATCACATCAAAACAACAGCACCATC,ATGGTGAGCAAGGGCGAGGAGCTGTTCACCGGGGTGGTGCCCATCCTGGTC,test,RPL8A,6.61421631610836,-0.08097700029611588
RPL8A_503,CCGACGCAAACAAATTGGAAAAACCAACGCAAAAAAAAAAAGACGCTAAATTGTTTATAAAGGCGAGGAATTTGTATCTATCAATTACTATTCCAGTTGTCAGTTTACATTGCTTACCCTCTATTATCACATCAAAACAAAAAGAACATC,ATGGTGAGCAAGGGCGAGGAGCTGTTCACCGGGGTGGTGCCCATCCTGGTC,test,RPL8A,11.0260803202829,-0.0677802637219429
RPL8A_504,CCGACGCAAACAAATTGGAAAAACCAACGCAAAAAAAAAAAGACGCTAAATTGTTTATAAAGGCGAGGAATTTGTATCTATCAATTACTATTCCAGTTGTCAGTTTACATTGCTTACCCTCTATTATCACATCAAAACAATTCAAACATC,ATGGTGAGCAAGGGCGAGGAGCTGTTCACCGGGGTGGTGCCCATCCTGGTC,test,RPL8A,10.3902579221301,-0.042335815727710724
RPL8A_505,CCGACGCAAACAAATTGGAAAAACCAACGCAAAAAAAAAAAGACGCTAAATTGTTTATAAAGGCGAGGAATTTGTATCTATCAATTACTATTCCAGTTGTCAGTTTACATTGCTTACCCTCTATTATCACATCAAAACAACCCGCTAATC,ATGGTGAGCAAGGGCGAGGAGCTGTTCACCGGGGTGGTGCCCATCCTGGTC,test,RPL8A,11.0477760991822,-0.2564937174320221
RPL8A_506,CCGACGCAAACAAATTGGAAAAACCAACGCAAAAAAAAAAAGACGCTAAATTGTTTATAAAGGCGAGGAATTTGTATCTATCAATTACTATTCCAGTTGTCAGTTTACATTGCTTACCCTCTATTATCACATCAAAACAATATAGGAATC,ATGGTGAGCAAGGGCGAGGAGCTGTTCACCGGGGTGGTGCCCATCCTGGTC,test,RPL8A,12.094797229469,0.30124086141586304
RPL8A_507,CCGACGCAAACAAATTGGAAAAACCAACGCAAAAAAAAAAAGACGCTAAATTGTTTATAAAGGCGAGGAATTTGTATCTATCAATTACTATTCCAGTTGTCAGTTTACATTGCTTACCCTCTATTATCACATCAAAACAAAAAAGGAATC,ATGGTGAGCAAGGGCGAGGAGCTGTTCACCGGGGTGGTGCCCATCCTGGTC,test,RPL8A,11.7630435006037,-0.3360540270805359
RPL8A_508,CCGACGCAAACAAATTGGAAAAACCAACGCAAAAAAAAAAAGACGCTAAATTGTTTATAAAGGCGAGGAATTTGTATCTATCAATTACTATTCCAGTTGTCAGTTTACATTGCTTACCCTCTATTATCACATCAAAACAAACAGCCAATC,ATGGTGAGCAAGGGCGAGGAGCTGTTCACCGGGGTGGTGCCCATCCTGGTC,test,RPL8A,11.7706202967431,-0.41347286105155945
RPL8A_509,CCGACGCAAACAAATTGGAAAAACCAACGCAAAAAAAAAAAGACGCTAAATTGTTTATAAAGGCGAGGAATTTGTATCTATCAATTACTATTCCAGTTGTCAGTTTACATTGCTTACCCTCTATTATCACATCAAAACAACCCACCAATC,ATGGTGAGCAAGGGCGAGGAGCTGTTCACCGGGGTGGTGCCCATCCTGGTC,test,RPL8A,9.0427058607005,-0.020657144486904144
RPL8A_510,CCGACGCAAACAAATTGGAAAAACCAACGCAAAAAAAAAAAGACGCTAAATTGTTTATAAAGGCGAGGAATTTGTATCTATCAATTACTATTCCAGTTGTCAGTTTACATTGCTTACCCTCTATTATCACATCAAAACAACCCAACAATC,ATGGTGAGCAAGGGCGAGGAGCTGTTCACCGGGGTGGTGCCCATCCTGGTC,test,RPL8A,11.2202321645088,0.15865719318389893
RPL8A_511,CCGACGCAAACAAATTGGAAAAACCAACGCAAAAAAAAAAAGACGCTAAATTGTTTATAAAGGCGAGGAATTTGTATCTATCAATTACTATTCCAGTTGTCAGTTTACATTGCTTACCCTCTATTATCACATCAAAACAAGACAACAATC,ATGGTGAGCAAGGGCGAGGAGCTGTTCACCGGGGTGGTGCCCATCCTGGTC,test,RPL8A,7.52262633948767,0.0013980548828840256
RPL8A_512,CCGACGCAAACAAATTGGAAAAACCAACGCAAAAAAAAAAAGACGCTAAATTGTTTATAAAGGCGAGGAATTTGTATCTATCAATTACTATTCCAGTTGTCAGTTTACATTGCTTACCCTCTATTATCACATCAAAACAAGCCGGAAATC,ATGGTGAGCAAGGGCGAGGAGCTGTTCACCGGGGTGGTGCCCATCCTGGTC,test,RPL8A,10.2205141013129,-0.4106285274028778
RPL8A_513,CCGACGCAAACAAATTGGAAAAACCAACGCAAAAAAAAAAAGACGCTAAATTGTTTATAAAGGCGAGGAATTTGTATCTATCAATTACTATTCCAGTTGTCAGTTTACATTGCTTACCCTCTATTATCACATCAAAACAACCCAGAAATC,ATGGTGAGCAAGGGCGAGGAGCTGTTCACCGGGGTGGTGCCCATCCTGGTC,test,RPL8A,10.4714491852658,0.10771986097097397
RPL8A_514,CCGACGCAAACAAATTGGAAAAACCAACGCAAAAAAAAAAAGACGCTAAATTGTTTATAAAGGCGAGGAATTTGTATCTATCAATTACTATTCCAGTTGTCAGTTTACATTGCTTACCCTCTATTATCACATCAAAACAATCACCAAATC,ATGGTGAGCAAGGGCGAGGAGCTGTTCACCGGGGTGGTGCCCATCCTGGTC,test,RPL8A,7.65659854044156,-0.2286064624786377
RPL8A_515,CCGACGCAAACAAATTGGAAAAACCAACGCAAAAAAAAAAAGACGCTAAATTGTTTATAAAGGCGAGGAATTTGTATCTATCAATTACTATTCCAGTTGTCAGTTTACATTGCTTACCCTCTATTATCACATCAAAACAAATAACAAATC,ATGGTGAGCAAGGGCGAGGAGCTGTTCACCGGGGTGGTGCCCATCCTGGTC,test,RPL8A,12.4549426686746,0.15955287218093872
RPL8A_516,CCGACGCAAACAAATTGGAAAAACCAACGCAAAAAAAAAAAGACGCTAAATTGTTTATAAAGGCGAGGAATTTGTATCTATCAATTACTATTCCAGTTGTCAGTTTACATTGCTTACCCTCTATTATCACATCAAAACAACACTAAAATC,ATGGTGAGCAAGGGCGAGGAGCTGTTCACCGGGGTGGTGCCCATCCTGGTC,test,RPL8A,10.6292562533112,-0.3506653904914856
RPL8A_517,CCGACGCAAACAAATTGGAAAAACCAACGCAAAAAAAAAAAGACGCTAAATTGTTTATAAAGGCGAGGAATTTGTATCTATCAATTACTATTCCAGTTGTCAGTTTACATTGCTTACCCTCTATTATCACATCAAAACAACCTAAAAATC,ATGGTGAGCAAGGGCGAGGAGCTGTTCACCGGGGTGGTGCCCATCCTGGTC,test,RPL8A,10.6370234346511,-0.1653607189655304
RPL8A_518,CCGACGCAAACAAATTGGAAAAACCAACGCAAAAAAAAAAAGACGCTAAATTGTTTATAAAGGCGAGGAATTTGTATCTATCAATTACTATTCCAGTTGTCAGTTTACATTGCTTACCCTCTATTATCACATCAAAACAAAAAAAAAATC,ATGGTGAGCAAGGGCGAGGAGCTGTTCACCGGGGTGGTGCCCATCCTGGTC,test,RPL8A,11.5496097513323,-0.3937099575996399
RPL8A_519,CCGACGCAAACAAATTGGAAAAACCAACGCAAAAAAAAAAAGACGCTAAATTGTTTATAAAGGCGAGGAATTTGTATCTATCAATTACTATTCCAGTTGTCAGTTTACATTGCTTACCCTCTATTATCACATCAAAACAAGTACCCTTGC,ATGGTGAGCAAGGGCGAGGAGCTGTTCACCGGGGTGGTGCCCATCCTGGTC,test,RPL8A,2.04033583620825,-0.03407154232263565
RPL8A_520,CCGACGCAAACAAATTGGAAAAACCAACGCAAAAAAAAAAAGACGCTAAATTGTTTATAAAGGCGAGGAATTTGTATCTATCAATTACTATTCCAGTTGTCAGTTTACATTGCTTACCCTCTATTATCACATCAAAACAACCAAATCTGC,ATGGTGAGCAAGGGCGAGGAGCTGTTCACCGGGGTGGTGCCCATCCTGGTC,test,RPL8A,2.29615812095867,0.08758607506752014
RPL8A_521,CCGACGCAAACAAATTGGAAAAACCAACGCAAAAAAAAAAAGACGCTAAATTGTTTATAAAGGCGAGGAATTTGTATCTATCAATTACTATTCCAGTTGTCAGTTTACATTGCTTACCCTCTATTATCACATCAAAACAACGTCGCCTGC,ATGGTGAGCAAGGGCGAGGAGCTGTTCACCGGGGTGGTGCCCATCCTGGTC,test,RPL8A,4.02392750885322,-0.06547041982412338
RPL8A_522,CCGACGCAAACAAATTGGAAAAACCAACGCAAAAAAAAAAAGACGCTAAATTGTTTATAAAGGCGAGGAATTTGTATCTATCAATTACTATTCCAGTTGTCAGTTTACATTGCTTACCCTCTATTATCACATCAAAACAAACACAACTGC,ATGGTGAGCAAGGGCGAGGAGCTGTTCACCGGGGTGGTGCCCATCCTGGTC,test,RPL8A,3.41160765267586,-0.0684393122792244
RPL8A_523,CCGACGCAAACAAATTGGAAAAACCAACGCAAAAAAAAAAAGACGCTAAATTGTTTATAAAGGCGAGGAATTTGTATCTATCAATTACTATTCCAGTTGTCAGTTTACATTGCTTACCCTCTATTATCACATCAAAACAAGAACCTTGGC,ATGGTGAGCAAGGGCGAGGAGCTGTTCACCGGGGTGGTGCCCATCCTGGTC,test,RPL8A,4.61712511823913,-0.11151141673326492
RPL8A_524,CCGACGCAAACAAATTGGAAAAACCAACGCAAAAAAAAAAAGACGCTAAATTGTTTATAAAGGCGAGGAATTTGTATCTATCAATTACTATTCCAGTTGTCAGTTTACATTGCTTACCCTCTATTATCACATCAAAACAACCCAACTGGC,ATGGTGAGCAAGGGCGAGGAGCTGTTCACCGGGGTGGTGCCCATCCTGGTC,test,RPL8A,5.65535101472423,-0.28332754969596863
RPL8A_525,CCGACGCAAACAAATTGGAAAAACCAACGCAAAAAAAAAAAGACGCTAAATTGTTTATAAAGGCGAGGAATTTGTATCTATCAATTACTATTCCAGTTGTCAGTTTACATTGCTTACCCTCTATTATCACATCAAAACAAATCCCCGGGC,ATGGTGAGCAAGGGCGAGGAGCTGTTCACCGGGGTGGTGCCCATCCTGGTC,test,RPL8A,5.23385785129354,-0.4704159200191498
RPL8A_526,CCGACGCAAACAAATTGGAAAAACCAACGCAAAAAAAAAAAGACGCTAAATTGTTTATAAAGGCGAGGAATTTGTATCTATCAATTACTATTCCAGTTGTCAGTTTACATTGCTTACCCTCTATTATCACATCAAAACAAACGCAAGGGC,ATGGTGAGCAAGGGCGAGGAGCTGTTCACCGGGGTGGTGCCCATCCTGGTC,test,RPL8A,4.52543540481271,-0.40745171904563904
RPL8A_527,CCGACGCAAACAAATTGGAAAAACCAACGCAAAAAAAAAAAGACGCTAAATTGTTTATAAAGGCGAGGAATTTGTATCTATCAATTACTATTCCAGTTGTCAGTTTACATTGCTTACCCTCTATTATCACATCAAAACAACAGGACCGGC,ATGGTGAGCAAGGGCGAGGAGCTGTTCACCGGGGTGGTGCCCATCCTGGTC,test,RPL8A,7.55715026374746,-0.2282238006591797
RPL8A_528,CCGACGCAAACAAATTGGAAAAACCAACGCAAAAAAAAAAAGACGCTAAATTGTTTATAAAGGCGAGGAATTTGTATCTATCAATTACTATTCCAGTTGTCAGTTTACATTGCTTACCCTCTATTATCACATCAAAACAACAAAACCGGC,ATGGTGAGCAAGGGCGAGGAGCTGTTCACCGGGGTGGTGCCCATCCTGGTC,test,RPL8A,9.21814970020123,-0.2814306616783142
RPL8A_529,CCGACGCAAACAAATTGGAAAAACCAACGCAAAAAAAAAAAGACGCTAAATTGTTTATAAAGGCGAGGAATTTGTATCTATCAATTACTATTCCAGTTGTCAGTTTACATTGCTTACCCTCTATTATCACATCAAAACAACCACCACGGC,ATGGTGAGCAAGGGCGAGGAGCTGTTCACCGGGGTGGTGCCCATCCTGGTC,test,RPL8A,4.4805757609825,-0.18737787008285522
RPL8A_530,CCGACGCAAACAAATTGGAAAAACCAACGCAAAAAAAAAAAGACGCTAAATTGTTTATAAAGGCGAGGAATTTGTATCTATCAATTACTATTCCAGTTGTCAGTTTACATTGCTTACCCTCTATTATCACATCAAAACAACCACAACGGC,ATGGTGAGCAAGGGCGAGGAGCTGTTCACCGGGGTGGTGCCCATCCTGGTC,test,RPL8A,5.67234881699115,-0.25962331891059875
RPL8A_531,CCGACGCAAACAAATTGGAAAAACCAACGCAAAAAAAAAAAGACGCTAAATTGTTTATAAAGGCGAGGAATTTGTATCTATCAATTACTATTCCAGTTGTCAGTTTACATTGCTTACCCTCTATTATCACATCAAAACAAAAGTCGAGGC,ATGGTGAGCAAGGGCGAGGAGCTGTTCACCGGGGTGGTGCCCATCCTGGTC,test,RPL8A,8.48596120015674,-0.39332640171051025
RPL8A_532,CCGACGCAAACAAATTGGAAAAACCAACGCAAAAAAAAAAAGACGCTAAATTGTTTATAAAGGCGAGGAATTTGTATCTATCAATTACTATTCCAGTTGTCAGTTTACATTGCTTACCCTCTATTATCACATCAAAACAAACCCCGAGGC,ATGGTGAGCAAGGGCGAGGAGCTGTTCACCGGGGTGGTGCCCATCCTGGTC,test,RPL8A,8.04782821597922,-0.4523179233074188
RPL8A_533,CCGACGCAAACAAATTGGAAAAACCAACGCAAAAAAAAAAAGACGCTAAATTGTTTATAAAGGCGAGGAATTTGTATCTATCAATTACTATTCCAGTTGTCAGTTTACATTGCTTACCCTCTATTATCACATCAAAACAACCGAAGAGGC,ATGGTGAGCAAGGGCGAGGAGCTGTTCACCGGGGTGGTGCCCATCCTGGTC,test,RPL8A,3.9101989216575,-0.374490350484848
RPL8A_534,CCGACGCAAACAAATTGGAAAAACCAACGCAAAAAAAAAAAGACGCTAAATTGTTTATAAAGGCGAGGAATTTGTATCTATCAATTACTATTCCAGTTGTCAGTTTACATTGCTTACCCTCTATTATCACATCAAAACAAAACTCCAGGC,ATGGTGAGCAAGGGCGAGGAGCTGTTCACCGGGGTGGTGCCCATCCTGGTC,test,RPL8A,10.2505904935505,-0.4744408130645752
RPL8A_535,CCGACGCAAACAAATTGGAAAAACCAACGCAAAAAAAAAAAGACGCTAAATTGTTTATAAAGGCGAGGAATTTGTATCTATCAATTACTATTCCAGTTGTCAGTTTACATTGCTTACCCTCTATTATCACATCAAAACAAGCGGCCAGGC,ATGGTGAGCAAGGGCGAGGAGCTGTTCACCGGGGTGGTGCCCATCCTGGTC,test,RPL8A,8.79403552400098,-0.33146393299102783
RPL8A_536,CCGACGCAAACAAATTGGAAAAACCAACGCAAAAAAAAAAAGACGCTAAATTGTTTATAAAGGCGAGGAATTTGTATCTATCAATTACTATTCCAGTTGTCAGTTTACATTGCTTACCCTCTATTATCACATCAAAACAACCCGCCAGGC,ATGGTGAGCAAGGGCGAGGAGCTGTTCACCGGGGTGGTGCCCATCCTGGTC,test,RPL8A,5.57050433555627,-0.43142086267471313
RPL8A_537,CCGACGCAAACAAATTGGAAAAACCAACGCAAAAAAAAAAAGACGCTAAATTGTTTATAAAGGCGAGGAATTTGTATCTATCAATTACTATTCCAGTTGTCAGTTTACATTGCTTACCCTCTATTATCACATCAAAACAAACAGCCAGGC,ATGGTGAGCAAGGGCGAGGAGCTGTTCACCGGGGTGGTGCCCATCCTGGTC,test,RPL8A,8.4049482714388,-0.4101162254810333
RPL8A_538,CCGACGCAAACAAATTGGAAAAACCAACGCAAAAAAAAAAAGACGCTAAATTGTTTATAAAGGCGAGGAATTTGTATCTATCAATTACTATTCCAGTTGTCAGTTTACATTGCTTACCCTCTATTATCACATCAAAACAACCAGACAGGC,ATGGTGAGCAAGGGCGAGGAGCTGTTCACCGGGGTGGTGCCCATCCTGGTC,test,RPL8A,4.3836585618391,-0.4340023994445801
RPL8A_539,CCGACGCAAACAAATTGGAAAAACCAACGCAAAAAAAAAAAGACGCTAAATTGTTTATAAAGGCGAGGAATTTGTATCTATCAATTACTATTCCAGTTGTCAGTTTACATTGCTTACCCTCTATTATCACATCAAAACAAACCATAAGGC,ATGGTGAGCAAGGGCGAGGAGCTGTTCACCGGGGTGGTGCCCATCCTGGTC,test,RPL8A,7.58800072345192,-0.40670496225357056
RPL8A_540,CCGACGCAAACAAATTGGAAAAACCAACGCAAAAAAAAAAAGACGCTAAATTGTTTATAAAGGCGAGGAATTTGTATCTATCAATTACTATTCCAGTTGTCAGTTTACATTGCTTACCCTCTATTATCACATCAAAACAAATATCGTCGC,ATGGTGAGCAAGGGCGAGGAGCTGTTCACCGGGGTGGTGCCCATCCTGGTC,test,RPL8A,5.95482729404098,0.042425334453582764
RPL8A_541,CCGACGCAAACAAATTGGAAAAACCAACGCAAAAAAAAAAAGACGCTAAATTGTTTATAAAGGCGAGGAATTTGTATCTATCAATTACTATTCCAGTTGTCAGTTTACATTGCTTACCCTCTATTATCACATCAAAACAAACAAACTCGC,ATGGTGAGCAAGGGCGAGGAGCTGTTCACCGGGGTGGTGCCCATCCTGGTC,test,RPL8A,7.8941333639324,-0.16502225399017334
RPL8A_542,CCGACGCAAACAAATTGGAAAAACCAACGCAAAAAAAAAAAGACGCTAAATTGTTTATAAAGGCGAGGAATTTGTATCTATCAATTACTATTCCAGTTGTCAGTTTACATTGCTTACCCTCTATTATCACATCAAAACAAAACCGATCGC,ATGGTGAGCAAGGGCGAGGAGCTGTTCACCGGGGTGGTGCCCATCCTGGTC,test,RPL8A,5.95522506388019,-0.08386107534170151
RPL8A_543,CCGACGCAAACAAATTGGAAAAACCAACGCAAAAAAAAAAAGACGCTAAATTGTTTATAAAGGCGAGGAATTTGTATCTATCAATTACTATTCCAGTTGTCAGTTTACATTGCTTACCCTCTATTATCACATCAAAACAATTACTCGCGC,ATGGTGAGCAAGGGCGAGGAGCTGTTCACCGGGGTGGTGCCCATCCTGGTC,test,RPL8A,7.31799828865944,-0.28308773040771484
RPL8A_544,CCGACGCAAACAAATTGGAAAAACCAACGCAAAAAAAAAAAGACGCTAAATTGTTTATAAAGGCGAGGAATTTGTATCTATCAATTACTATTCCAGTTGTCAGTTTACATTGCTTACCCTCTATTATCACATCAAAACAACCCGCCGCGC,ATGGTGAGCAAGGGCGAGGAGCTGTTCACCGGGGTGGTGCCCATCCTGGTC,test,RPL8A,7.13929821113197,-0.3782846927642822
RPL8A_545,CCGACGCAAACAAATTGGAAAAACCAACGCAAAAAAAAAAAGACGCTAAATTGTTTATAAAGGCGAGGAATTTGTATCTATCAATTACTATTCCAGTTGTCAGTTTACATTGCTTACCCTCTATTATCACATCAAAACAAAATAAAGCGC,ATGGTGAGCAAGGGCGAGGAGCTGTTCACCGGGGTGGTGCCCATCCTGGTC,test,RPL8A,7.45539540855529,-0.42710164189338684
RPL8A_546,CCGACGCAAACAAATTGGAAAAACCAACGCAAAAAAAAAAAGACGCTAAATTGTTTATAAAGGCGAGGAATTTGTATCTATCAATTACTATTCCAGTTGTCAGTTTACATTGCTTACCCTCTATTATCACATCAAAACAACCTGCTCCGC,ATGGTGAGCAAGGGCGAGGAGCTGTTCACCGGGGTGGTGCCCATCCTGGTC,test,RPL8A,6.98057501057476,-0.045654863119125366
RPL8A_547,CCGACGCAAACAAATTGGAAAAACCAACGCAAAAAAAAAAAGACGCTAAATTGTTTATAAAGGCGAGGAATTTGTATCTATCAATTACTATTCCAGTTGTCAGTTTACATTGCTTACCCTCTATTATCACATCAAAACAACAGGATCCGC,ATGGTGAGCAAGGGCGAGGAGCTGTTCACCGGGGTGGTGCCCATCCTGGTC,test,RPL8A,6.77472756581462,-0.07297106832265854
RPL8A_548,CCGACGCAAACAAATTGGAAAAACCAACGCAAAAAAAAAAAGACGCTAAATTGTTTATAAAGGCGAGGAATTTGTATCTATCAATTACTATTCCAGTTGTCAGTTTACATTGCTTACCCTCTATTATCACATCAAAACAAAAAGAGCCGC,ATGGTGAGCAAGGGCGAGGAGCTGTTCACCGGGGTGGTGCCCATCCTGGTC,test,RPL8A,7.90070623035797,-0.4093981981277466
RPL8A_549,CCGACGCAAACAAATTGGAAAAACCAACGCAAAAAAAAAAAGACGCTAAATTGTTTATAAAGGCGAGGAATTTGTATCTATCAATTACTATTCCAGTTGTCAGTTTACATTGCTTACCCTCTATTATCACATCAAAACAACACCTCCCGC,ATGGTGAGCAAGGGCGAGGAGCTGTTCACCGGGGTGGTGCCCATCCTGGTC,test,RPL8A,3.18052190821986,-0.0654752179980278
RPL8A_550,CCGACGCAAACAAATTGGAAAAACCAACGCAAAAAAAAAAAGACGCTAAATTGTTTATAAAGGCGAGGAATTTGTATCTATCAATTACTATTCCAGTTGTCAGTTTACATTGCTTACCCTCTATTATCACATCAAAACAAACCCCCCCGC,ATGGTGAGCAAGGGCGAGGAGCTGTTCACCGGGGTGGTGCCCATCCTGGTC,test,RPL8A,8.16530622076177,-0.16755765676498413
RPL8A_551,CCGACGCAAACAAATTGGAAAAACCAACGCAAAAAAAAAAAGACGCTAAATTGTTTATAAAGGCGAGGAATTTGTATCTATCAATTACTATTCCAGTTGTCAGTTTACATTGCTTACCCTCTATTATCACATCAAAACAACCCACCCCGC,ATGGTGAGCAAGGGCGAGGAGCTGTTCACCGGGGTGGTGCCCATCCTGGTC,test,RPL8A,6.19552382987301,-0.05386824905872345
RPL8A_552,CCGACGCAAACAAATTGGAAAAACCAACGCAAAAAAAAAAAGACGCTAAATTGTTTATAAAGGCGAGGAATTTGTATCTATCAATTACTATTCCAGTTGTCAGTTTACATTGCTTACCCTCTATTATCACATCAAAACAATACCACCCGC,ATGGTGAGCAAGGGCGAGGAGCTGTTCACCGGGGTGGTGCCCATCCTGGTC,test,RPL8A,4.7636050348683,-0.205136239528656
RPL8A_553,CCGACGCAAACAAATTGGAAAAACCAACGCAAAAAAAAAAAGACGCTAAATTGTTTATAAAGGCGAGGAATTTGTATCTATCAATTACTATTCCAGTTGTCAGTTTACATTGCTTACCCTCTATTATCACATCAAAACAAATCAACCCGC,ATGGTGAGCAAGGGCGAGGAGCTGTTCACCGGGGTGGTGCCCATCCTGGTC,test,RPL8A,7.88299084253191,-0.1500985026359558
RPL8A_554,CCGACGCAAACAAATTGGAAAAACCAACGCAAAAAAAAAAAGACGCTAAATTGTTTATAAAGGCGAGGAATTTGTATCTATCAATTACTATTCCAGTTGTCAGTTTACATTGCTTACCCTCTATTATCACATCAAAACAAAAAAACCCGC,ATGGTGAGCAAGGGCGAGGAGCTGTTCACCGGGGTGGTGCCCATCCTGGTC,test,RPL8A,8.39601693655053,-0.238134503364563
RPL8A_555,CCGACGCAAACAAATTGGAAAAACCAACGCAAAAAAAAAAAGACGCTAAATTGTTTATAAAGGCGAGGAATTTGTATCTATCAATTACTATTCCAGTTGTCAGTTTACATTGCTTACCCTCTATTATCACATCAAAACAATCACTACCGC,ATGGTGAGCAAGGGCGAGGAGCTGTTCACCGGGGTGGTGCCCATCCTGGTC,test,RPL8A,5.44765919322273,-0.05243317037820816
RPL8A_556,CCGACGCAAACAAATTGGAAAAACCAACGCAAAAAAAAAAAGACGCTAAATTGTTTATAAAGGCGAGGAATTTGTATCTATCAATTACTATTCCAGTTGTCAGTTTACATTGCTTACCCTCTATTATCACATCAAAACAACTATCACCGC,ATGGTGAGCAAGGGCGAGGAGCTGTTCACCGGGGTGGTGCCCATCCTGGTC,test,RPL8A,2.45491314956959,-0.03392939269542694
RPL8A_557,CCGACGCAAACAAATTGGAAAAACCAACGCAAAAAAAAAAAGACGCTAAATTGTTTATAAAGGCGAGGAATTTGTATCTATCAATTACTATTCCAGTTGTCAGTTTACATTGCTTACCCTCTATTATCACATCAAAACAACAAAATACGC,ATGGTGAGCAAGGGCGAGGAGCTGTTCACCGGGGTGGTGCCCATCCTGGTC,test,RPL8A,8.80918153109262,-0.2189714014530182
RPL8A_558,CCGACGCAAACAAATTGGAAAAACCAACGCAAAAAAAAAAAGACGCTAAATTGTTTATAAAGGCGAGGAATTTGTATCTATCAATTACTATTCCAGTTGTCAGTTTACATTGCTTACCCTCTATTATCACATCAAAACAACCCACCACGC,ATGGTGAGCAAGGGCGAGGAGCTGTTCACCGGGGTGGTGCCCATCCTGGTC,test,RPL8A,5.42734445395798,-0.023900263011455536
RPL8A_559,CCGACGCAAACAAATTGGAAAAACCAACGCAAAAAAAAAAAGACGCTAAATTGTTTATAAAGGCGAGGAATTTGTATCTATCAATTACTATTCCAGTTGTCAGTTTACATTGCTTACCCTCTATTATCACATCAAAACAAAACACCACGC,ATGGTGAGCAAGGGCGAGGAGCTGTTCACCGGGGTGGTGCCCATCCTGGTC,test,RPL8A,4.8554519652144,-0.19274598360061646
RPL8A_560,CCGACGCAAACAAATTGGAAAAACCAACGCAAAAAAAAAAAGACGCTAAATTGTTTATAAAGGCGAGGAATTTGTATCTATCAATTACTATTCCAGTTGTCAGTTTACATTGCTTACCCTCTATTATCACATCAAAACAAAAGCTAACGC,ATGGTGAGCAAGGGCGAGGAGCTGTTCACCGGGGTGGTGCCCATCCTGGTC,test,RPL8A,7.1976439603372,-0.4464467465877533
RPL8A_561,CCGACGCAAACAAATTGGAAAAACCAACGCAAAAAAAAAAAGACGCTAAATTGTTTATAAAGGCGAGGAATTTGTATCTATCAATTACTATTCCAGTTGTCAGTTTACATTGCTTACCCTCTATTATCACATCAAAACAAACCCCAACGC,ATGGTGAGCAAGGGCGAGGAGCTGTTCACCGGGGTGGTGCCCATCCTGGTC,test,RPL8A,5.28876722243778,-0.4246872663497925
RPL8A_562,CCGACGCAAACAAATTGGAAAAACCAACGCAAAAAAAAAAAGACGCTAAATTGTTTATAAAGGCGAGGAATTTGTATCTATCAATTACTATTCCAGTTGTCAGTTTACATTGCTTACCCTCTATTATCACATCAAAACAAGTAAAAACGC,ATGGTGAGCAAGGGCGAGGAGCTGTTCACCGGGGTGGTGCCCATCCTGGTC,test,RPL8A,7.3313939077573,-0.4019488990306854
RPL8A_563,CCGACGCAAACAAATTGGAAAAACCAACGCAAAAAAAAAAAGACGCTAAATTGTTTATAAAGGCGAGGAATTTGTATCTATCAATTACTATTCCAGTTGTCAGTTTACATTGCTTACCCTCTATTATCACATCAAAACAAAAAAAAACGC,ATGGTGAGCAAGGGCGAGGAGCTGTTCACCGGGGTGGTGCCCATCCTGGTC,test,RPL8A,7.52017107952966,-0.4576241374015808
RPL8A_564,CCGACGCAAACAAATTGGAAAAACCAACGCAAAAAAAAAAAGACGCTAAATTGTTTATAAAGGCGAGGAATTTGTATCTATCAATTACTATTCCAGTTGTCAGTTTACATTGCTTACCCTCTATTATCACATCAAAACAAATCCAGTAGC,ATGGTGAGCAAGGGCGAGGAGCTGTTCACCGGGGTGGTGCCCATCCTGGTC,test,RPL8A,9.87546417508763,-0.40962502360343933
RPL8A_565,CCGACGCAAACAAATTGGAAAAACCAACGCAAAAAAAAAAAGACGCTAAATTGTTTATAAAGGCGAGGAATTTGTATCTATCAATTACTATTCCAGTTGTCAGTTTACATTGCTTACCCTCTATTATCACATCAAAACAAATTTCCTAGC,ATGGTGAGCAAGGGCGAGGAGCTGTTCACCGGGGTGGTGCCCATCCTGGTC,test,RPL8A,10.813884313143,-0.1389426589012146
RPL8A_566,CCGACGCAAACAAATTGGAAAAACCAACGCAAAAAAAAAAAGACGCTAAATTGTTTATAAAGGCGAGGAATTTGTATCTATCAATTACTATTCCAGTTGTCAGTTTACATTGCTTACCCTCTATTATCACATCAAAACAAAAAAACTAGC,ATGGTGAGCAAGGGCGAGGAGCTGTTCACCGGGGTGGTGCCCATCCTGGTC,test,RPL8A,10.9501189925967,-0.3461684286594391
RPL8A_567,CCGACGCAAACAAATTGGAAAAACCAACGCAAAAAAAAAAAGACGCTAAATTGTTTATAAAGGCGAGGAATTTGTATCTATCAATTACTATTCCAGTTGTCAGTTTACATTGCTTACCCTCTATTATCACATCAAAACAATCAACATAGC,ATGGTGAGCAAGGGCGAGGAGCTGTTCACCGGGGTGGTGCCCATCCTGGTC,test,RPL8A,9.85703990195016,0.012384846806526184
RPL8A_568,CCGACGCAAACAAATTGGAAAAACCAACGCAAAAAAAAAAAGACGCTAAATTGTTTATAAAGGCGAGGAATTTGTATCTATCAATTACTATTCCAGTTGTCAGTTTACATTGCTTACCCTCTATTATCACATCAAAACAACGACCCGAGC,ATGGTGAGCAAGGGCGAGGAGCTGTTCACCGGGGTGGTGCCCATCCTGGTC,test,RPL8A,9.26634557089236,-0.4093460738658905
RPL8A_569,CCGACGCAAACAAATTGGAAAAACCAACGCAAAAAAAAAAAGACGCTAAATTGTTTATAAAGGCGAGGAATTTGTATCTATCAATTACTATTCCAGTTGTCAGTTTACATTGCTTACCCTCTATTATCACATCAAAACAAAAAACCGAGC,ATGGTGAGCAAGGGCGAGGAGCTGTTCACCGGGGTGGTGCCCATCCTGGTC,test,RPL8A,10.9577581613434,-0.4510471224784851
RPL8A_570,CCGACGCAAACAAATTGGAAAAACCAACGCAAAAAAAAAAAGACGCTAAATTGTTTATAAAGGCGAGGAATTTGTATCTATCAATTACTATTCCAGTTGTCAGTTTACATTGCTTACCCTCTATTATCACATCAAAACAATATGGTCAGC,ATGGTGAGCAAGGGCGAGGAGCTGTTCACCGGGGTGGTGCCCATCCTGGTC,test,RPL8A,7.77385078037186,-0.16732555627822876
RPL8A_571,CCGACGCAAACAAATTGGAAAAACCAACGCAAAAAAAAAAAGACGCTAAATTGTTTATAAAGGCGAGGAATTTGTATCTATCAATTACTATTCCAGTTGTCAGTTTACATTGCTTACCCTCTATTATCACATCAAAACAAATCGCTCAGC,ATGGTGAGCAAGGGCGAGGAGCTGTTCACCGGGGTGGTGCCCATCCTGGTC,test,RPL8A,10.1433626966616,-0.27535194158554077
RPL8A_572,CCGACGCAAACAAATTGGAAAAACCAACGCAAAAAAAAAAAGACGCTAAATTGTTTATAAAGGCGAGGAATTTGTATCTATCAATTACTATTCCAGTTGTCAGTTTACATTGCTTACCCTCTATTATCACATCAAAACAAACGGATCAGC,ATGGTGAGCAAGGGCGAGGAGCTGTTCACCGGGGTGGTGCCCATCCTGGTC,test,RPL8A,8.53203567867352,-0.3499646484851837
RPL8A_573,CCGACGCAAACAAATTGGAAAAACCAACGCAAAAAAAAAAAGACGCTAAATTGTTTATAAAGGCGAGGAATTTGTATCTATCAATTACTATTCCAGTTGTCAGTTTACATTGCTTACCCTCTATTATCACATCAAAACAACTAAAGCAGC,ATGGTGAGCAAGGGCGAGGAGCTGTTCACCGGGGTGGTGCCCATCCTGGTC,test,RPL8A,10.0985466284212,0.31636956334114075
RPL8A_574,CCGACGCAAACAAATTGGAAAAACCAACGCAAAAAAAAAAAGACGCTAAATTGTTTATAAAGGCGAGGAATTTGTATCTATCAATTACTATTCCAGTTGTCAGTTTACATTGCTTACCCTCTATTATCACATCAAAACAATCCGGCCAGC,ATGGTGAGCAAGGGCGAGGAGCTGTTCACCGGGGTGGTGCCCATCCTGGTC,test,RPL8A,8.10265268387551,-0.3391728103160858
RPL8A_575,CCGACGCAAACAAATTGGAAAAACCAACGCAAAAAAAAAAAGACGCTAAATTGTTTATAAAGGCGAGGAATTTGTATCTATCAATTACTATTCCAGTTGTCAGTTTACATTGCTTACCCTCTATTATCACATCAAAACAACTATCCCAGC,ATGGTGAGCAAGGGCGAGGAGCTGTTCACCGGGGTGGTGCCCATCCTGGTC,test,RPL8A,11.0081602255145,-0.04888352006673813
RPL8A_576,CCGACGCAAACAAATTGGAAAAACCAACGCAAAAAAAAAAAGACGCTAAATTGTTTATAAAGGCGAGGAATTTGTATCTATCAATTACTATTCCAGTTGTCAGTTTACATTGCTTACCCTCTATTATCACATCAAAACAACACCCCCAGC,ATGGTGAGCAAGGGCGAGGAGCTGTTCACCGGGGTGGTGCCCATCCTGGTC,test,RPL8A,7.80186612287923,-0.29930850863456726
RPL8A_577,CCGACGCAAACAAATTGGAAAAACCAACGCAAAAAAAAAAAGACGCTAAATTGTTTATAAAGGCGAGGAATTTGTATCTATCAATTACTATTCCAGTTGTCAGTTTACATTGCTTACCCTCTATTATCACATCAAAACAACCAACCCAGC,ATGGTGAGCAAGGGCGAGGAGCTGTTCACCGGGGTGGTGCCCATCCTGGTC,test,RPL8A,8.8171218776907,0.019439375028014183
RPL8A_578,CCGACGCAAACAAATTGGAAAAACCAACGCAAAAAAAAAAAGACGCTAAATTGTTTATAAAGGCGAGGAATTTGTATCTATCAATTACTATTCCAGTTGTCAGTTTACATTGCTTACCCTCTATTATCACATCAAAACAAGCCTACCAGC,ATGGTGAGCAAGGGCGAGGAGCTGTTCACCGGGGTGGTGCCCATCCTGGTC,test,RPL8A,9.59899256176267,0.02353004738688469
RPL8A_579,CCGACGCAAACAAATTGGAAAAACCAACGCAAAAAAAAAAAGACGCTAAATTGTTTATAAAGGCGAGGAATTTGTATCTATCAATTACTATTCCAGTTGTCAGTTTACATTGCTTACCCTCTATTATCACATCAAAACAAACTGGACAGC,ATGGTGAGCAAGGGCGAGGAGCTGTTCACCGGGGTGGTGCCCATCCTGGTC,test,RPL8A,5.61042536162791,-0.3117220401763916
RPL8A_580,CCGACGCAAACAAATTGGAAAAACCAACGCAAAAAAAAAAAGACGCTAAATTGTTTATAAAGGCGAGGAATTTGTATCTATCAATTACTATTCCAGTTGTCAGTTTACATTGCTTACCCTCTATTATCACATCAAAACAAAACAGACAGC,ATGGTGAGCAAGGGCGAGGAGCTGTTCACCGGGGTGGTGCCCATCCTGGTC,test,RPL8A,7.11680128097622,-0.43854668736457825
RPL8A_581,CCGACGCAAACAAATTGGAAAAACCAACGCAAAAAAAAAAAGACGCTAAATTGTTTATAAAGGCGAGGAATTTGTATCTATCAATTACTATTCCAGTTGTCAGTTTACATTGCTTACCCTCTATTATCACATCAAAACAAACAAGACAGC,ATGGTGAGCAAGGGCGAGGAGCTGTTCACCGGGGTGGTGCCCATCCTGGTC,test,RPL8A,7.73902835670103,-0.37475234270095825
RPL8A_582,CCGACGCAAACAAATTGGAAAAACCAACGCAAAAAAAAAAAGACGCTAAATTGTTTATAAAGGCGAGGAATTTGTATCTATCAATTACTATTCCAGTTGTCAGTTTACATTGCTTACCCTCTATTATCACATCAAAACAAAGCACACAGC,ATGGTGAGCAAGGGCGAGGAGCTGTTCACCGGGGTGGTGCCCATCCTGGTC,test,RPL8A,10.4902240725766,-0.3088608384132385
RPL8A_583,CCGACGCAAACAAATTGGAAAAACCAACGCAAAAAAAAAAAGACGCTAAATTGTTTATAAAGGCGAGGAATTTGTATCTATCAATTACTATTCCAGTTGTCAGTTTACATTGCTTACCCTCTATTATCACATCAAAACAAGACACACAGC,ATGGTGAGCAAGGGCGAGGAGCTGTTCACCGGGGTGGTGCCCATCCTGGTC,test,RPL8A,6.45750963113671,-0.38587409257888794
RPL8A_584,CCGACGCAAACAAATTGGAAAAACCAACGCAAAAAAAAAAAGACGCTAAATTGTTTATAAAGGCGAGGAATTTGTATCTATCAATTACTATTCCAGTTGTCAGTTTACATTGCTTACCCTCTATTATCACATCAAAACAAAACGTTAAGC,ATGGTGAGCAAGGGCGAGGAGCTGTTCACCGGGGTGGTGCCCATCCTGGTC,test,RPL8A,12.1184542164169,-0.37246134877204895
RPL8A_585,CCGACGCAAACAAATTGGAAAAACCAACGCAAAAAAAAAAAGACGCTAAATTGTTTATAAAGGCGAGGAATTTGTATCTATCAATTACTATTCCAGTTGTCAGTTTACATTGCTTACCCTCTATTATCACATCAAAACAAAAGGGGAAGC,ATGGTGAGCAAGGGCGAGGAGCTGTTCACCGGGGTGGTGCCCATCCTGGTC,test,RPL8A,5.99942125672663,-0.38435065746307373
RPL8A_586,CCGACGCAAACAAATTGGAAAAACCAACGCAAAAAAAAAAAGACGCTAAATTGTTTATAAAGGCGAGGAATTTGTATCTATCAATTACTATTCCAGTTGTCAGTTTACATTGCTTACCCTCTATTATCACATCAAAACAACGACCGAAGC,ATGGTGAGCAAGGGCGAGGAGCTGTTCACCGGGGTGGTGCCCATCCTGGTC,test,RPL8A,8.10934974697957,-0.43363311886787415
RPL8A_587,CCGACGCAAACAAATTGGAAAAACCAACGCAAAAAAAAAAAGACGCTAAATTGTTTATAAAGGCGAGGAATTTGTATCTATCAATTACTATTCCAGTTGTCAGTTTACATTGCTTACCCTCTATTATCACATCAAAACAATATACGAAGC,ATGGTGAGCAAGGGCGAGGAGCTGTTCACCGGGGTGGTGCCCATCCTGGTC,test,RPL8A,12.4354911114977,0.14476488530635834
RPL8A_588,CCGACGCAAACAAATTGGAAAAACCAACGCAAAAAAAAAAAGACGCTAAATTGTTTATAAAGGCGAGGAATTTGTATCTATCAATTACTATTCCAGTTGTCAGTTTACATTGCTTACCCTCTATTATCACATCAAAACAACAAGAGAAGC,ATGGTGAGCAAGGGCGAGGAGCTGTTCACCGGGGTGGTGCCCATCCTGGTC,test,RPL8A,11.4223834824275,-0.219621479511261
RPL8A_589,CCGACGCAAACAAATTGGAAAAACCAACGCAAAAAAAAAAAGACGCTAAATTGTTTATAAAGGCGAGGAATTTGTATCTATCAATTACTATTCCAGTTGTCAGTTTACATTGCTTACCCTCTATTATCACATCAAAACAAAATCAGAAGC,ATGGTGAGCAAGGGCGAGGAGCTGTTCACCGGGGTGGTGCCCATCCTGGTC,test,RPL8A,11.2053945568445,-0.42484137415885925
RPL8A_590,CCGACGCAAACAAATTGGAAAAACCAACGCAAAAAAAAAAAGACGCTAAATTGTTTATAAAGGCGAGGAATTTGTATCTATCAATTACTATTCCAGTTGTCAGTTTACATTGCTTACCCTCTATTATCACATCAAAACAACCAGCCAAGC,ATGGTGAGCAAGGGCGAGGAGCTGTTCACCGGGGTGGTGCCCATCCTGGTC,test,RPL8A,10.9136936043833,-0.4369455873966217
RPL8A_591,CCGACGCAAACAAATTGGAAAAACCAACGCAAAAAAAAAAAGACGCTAAATTGTTTATAAAGGCGAGGAATTTGTATCTATCAATTACTATTCCAGTTGTCAGTTTACATTGCTTACCCTCTATTATCACATCAAAACAAACACCCAAGC,ATGGTGAGCAAGGGCGAGGAGCTGTTCACCGGGGTGGTGCCCATCCTGGTC,test,RPL8A,3.21047367150945,-0.47156935930252075
RPL8A_592,CCGACGCAAACAAATTGGAAAAACCAACGCAAAAAAAAAAAGACGCTAAATTGTTTATAAAGGCGAGGAATTTGTATCTATCAATTACTATTCCAGTTGTCAGTTTACATTGCTTACCCTCTATTATCACATCAAAACAAACAACCAAGC,ATGGTGAGCAAGGGCGAGGAGCTGTTCACCGGGGTGGTGCCCATCCTGGTC,test,RPL8A,10.6712918265826,-0.32469382882118225
RPL8A_593,CCGACGCAAACAAATTGGAAAAACCAACGCAAAAAAAAAAAGACGCTAAATTGTTTATAAAGGCGAGGAATTTGTATCTATCAATTACTATTCCAGTTGTCAGTTTACATTGCTTACCCTCTATTATCACATCAAAACAAATGAACAAGC,ATGGTGAGCAAGGGCGAGGAGCTGTTCACCGGGGTGGTGCCCATCCTGGTC,test,RPL8A,6.49031770289773,-0.425862193107605
RPL8A_594,CCGACGCAAACAAATTGGAAAAACCAACGCAAAAAAAAAAAGACGCTAAATTGTTTATAAAGGCGAGGAATTTGTATCTATCAATTACTATTCCAGTTGTCAGTTTACATTGCTTACCCTCTATTATCACATCAAAACAATCGAACAAGC,ATGGTGAGCAAGGGCGAGGAGCTGTTCACCGGGGTGGTGCCCATCCTGGTC,test,RPL8A,10.8916674990159,-0.3497815728187561
RPL8A_595,CCGACGCAAACAAATTGGAAAAACCAACGCAAAAAAAAAAAGACGCTAAATTGTTTATAAAGGCGAGGAATTTGTATCTATCAATTACTATTCCAGTTGTCAGTTTACATTGCTTACCCTCTATTATCACATCAAAACAAAGAAACAAGC,ATGGTGAGCAAGGGCGAGGAGCTGTTCACCGGGGTGGTGCCCATCCTGGTC,test,RPL8A,10.9414775159018,-0.39249321818351746
RPL8A_596,CCGACGCAAACAAATTGGAAAAACCAACGCAAAAAAAAAAAGACGCTAAATTGTTTATAAAGGCGAGGAATTTGTATCTATCAATTACTATTCCAGTTGTCAGTTTACATTGCTTACCCTCTATTATCACATCAAAACAAAGTCCAAAGC,ATGGTGAGCAAGGGCGAGGAGCTGTTCACCGGGGTGGTGCCCATCCTGGTC,test,RPL8A,11.1946715274533,-0.44005414843559265
RPL8A_597,CCGACGCAAACAAATTGGAAAAACCAACGCAAAAAAAAAAAGACGCTAAATTGTTTATAAAGGCGAGGAATTTGTATCTATCAATTACTATTCCAGTTGTCAGTTTACATTGCTTACCCTCTATTATCACATCAAAACAACATACAAAGC,ATGGTGAGCAAGGGCGAGGAGCTGTTCACCGGGGTGGTGCCCATCCTGGTC,test,RPL8A,11.6820303058089,-0.022011645138263702
RPL8A_598,CCGACGCAAACAAATTGGAAAAACCAACGCAAAAAAAAAAAGACGCTAAATTGTTTATAAAGGCGAGGAATTTGTATCTATCAATTACTATTCCAGTTGTCAGTTTACATTGCTTACCCTCTATTATCACATCAAAACAACCGACAAAGC,ATGGTGAGCAAGGGCGAGGAGCTGTTCACCGGGGTGGTGCCCATCCTGGTC,test,RPL8A,9.15695344601903,-0.44985270500183105
RPL8A_599,CCGACGCAAACAAATTGGAAAAACCAACGCAAAAAAAAAAAGACGCTAAATTGTTTATAAAGGCGAGGAATTTGTATCTATCAATTACTATTCCAGTTGTCAGTTTACATTGCTTACCCTCTATTATCACATCAAAACAACAGGCGTTCC,ATGGTGAGCAAGGGCGAGGAGCTGTTCACCGGGGTGGTGCCCATCCTGGTC,test,RPL8A,4.29181862040304,0.0015119574964046478
RPL8A_600,CCGACGCAAACAAATTGGAAAAACCAACGCAAAAAAAAAAAGACGCTAAATTGTTTATAAAGGCGAGGAATTTGTATCTATCAATTACTATTCCAGTTGTCAGTTTACATTGCTTACCCTCTATTATCACATCAAAACAAGAACCCTTCC,ATGGTGAGCAAGGGCGAGGAGCTGTTCACCGGGGTGGTGCCCATCCTGGTC,test,RPL8A,7.12319108230149,0.0013579335063695908
RPL8A_601,CCGACGCAAACAAATTGGAAAAACCAACGCAAAAAAAAAAAGACGCTAAATTGTTTATAAAGGCGAGGAATTTGTATCTATCAATTACTATTCCAGTTGTCAGTTTACATTGCTTACCCTCTATTATCACATCAAAACAACGGAAATTCC,ATGGTGAGCAAGGGCGAGGAGCTGTTCACCGGGGTGGTGCCCATCCTGGTC,test,RPL8A,6.1599381885316,-0.13620814681053162
RPL8A_602,CCGACGCAAACAAATTGGAAAAACCAACGCAAAAAAAAAAAGACGCTAAATTGTTTATAAAGGCGAGGAATTTGTATCTATCAATTACTATTCCAGTTGTCAGTTTACATTGCTTACCCTCTATTATCACATCAAAACAACCCAAATTCC,ATGGTGAGCAAGGGCGAGGAGCTGTTCACCGGGGTGGTGCCCATCCTGGTC,test,RPL8A,6.59191805487386,-0.25158753991127014
RPL8A_603,CCGACGCAAACAAATTGGAAAAACCAACGCAAAAAAAAAAAGACGCTAAATTGTTTATAAAGGCGAGGAATTTGTATCTATCAATTACTATTCCAGTTGTCAGTTTACATTGCTTACCCTCTATTATCACATCAAAACAAAACTAGGTCC,ATGGTGAGCAAGGGCGAGGAGCTGTTCACCGGGGTGGTGCCCATCCTGGTC,test,RPL8A,7.2275668028386,-0.07363108545541763
RPL8A_604,CCGACGCAAACAAATTGGAAAAACCAACGCAAAAAAAAAAAGACGCTAAATTGTTTATAAAGGCGAGGAATTTGTATCTATCAATTACTATTCCAGTTGTCAGTTTACATTGCTTACCCTCTATTATCACATCAAAACAAGCCTGCGTCC,ATGGTGAGCAAGGGCGAGGAGCTGTTCACCGGGGTGGTGCCCATCCTGGTC,test,RPL8A,7.29699272836293,0.010700834915041924
RPL8A_605,CCGACGCAAACAAATTGGAAAAACCAACGCAAAAAAAAAAAGACGCTAAATTGTTTATAAAGGCGAGGAATTTGTATCTATCAATTACTATTCCAGTTGTCAGTTTACATTGCTTACCCTCTATTATCACATCAAAACAACAGCGCGTCC,ATGGTGAGCAAGGGCGAGGAGCTGTTCACCGGGGTGGTGCCCATCCTGGTC,test,RPL8A,8.83983885729375,-0.23260951042175293
RPL8A_606,CCGACGCAAACAAATTGGAAAAACCAACGCAAAAAAAAAAAGACGCTAAATTGTTTATAAAGGCGAGGAATTTGTATCTATCAATTACTATTCCAGTTGTCAGTTTACATTGCTTACCCTCTATTATCACATCAAAACAACACAGCGTCC,ATGGTGAGCAAGGGCGAGGAGCTGTTCACCGGGGTGGTGCCCATCCTGGTC,test,RPL8A,7.67892542341953,-0.044133298099040985
RPL8A_607,CCGACGCAAACAAATTGGAAAAACCAACGCAAAAAAAAAAAGACGCTAAATTGTTTATAAAGGCGAGGAATTTGTATCTATCAATTACTATTCCAGTTGTCAGTTTACATTGCTTACCCTCTATTATCACATCAAAACAAAATTTAGTCC,ATGGTGAGCAAGGGCGAGGAGCTGTTCACCGGGGTGGTGCCCATCCTGGTC,test,RPL8A,7.02119850947097,-0.06932011991739273
RPL8A_608,CCGACGCAAACAAATTGGAAAAACCAACGCAAAAAAAAAAAGACGCTAAATTGTTTATAAAGGCGAGGAATTTGTATCTATCAATTACTATTCCAGTTGTCAGTTTACATTGCTTACCCTCTATTATCACATCAAAACAAACACAAGTCC,ATGGTGAGCAAGGGCGAGGAGCTGTTCACCGGGGTGGTGCCCATCCTGGTC,test,RPL8A,8.15328189746873,-0.2620387673377991
RPL8A_609,CCGACGCAAACAAATTGGAAAAACCAACGCAAAAAAAAAAAGACGCTAAATTGTTTATAAAGGCGAGGAATTTGTATCTATCAATTACTATTCCAGTTGTCAGTTTACATTGCTTACCCTCTATTATCACATCAAAACAAGCTCCGCTCC,ATGGTGAGCAAGGGCGAGGAGCTGTTCACCGGGGTGGTGCCCATCCTGGTC,test,RPL8A,8.45155517561724,3.98196280002594e-05
RPL8A_610,CCGACGCAAACAAATTGGAAAAACCAACGCAAAAAAAAAAAGACGCTAAATTGTTTATAAAGGCGAGGAATTTGTATCTATCAATTACTATTCCAGTTGTCAGTTTACATTGCTTACCCTCTATTATCACATCAAAACAAAACGTCCTCC,ATGGTGAGCAAGGGCGAGGAGCTGTTCACCGGGGTGGTGCCCATCCTGGTC,test,RPL8A,10.1123948105097,-0.0006918571889400482
RPL8A_611,CCGACGCAAACAAATTGGAAAAACCAACGCAAAAAAAAAAAGACGCTAAATTGTTTATAAAGGCGAGGAATTTGTATCTATCAATTACTATTCCAGTTGTCAGTTTACATTGCTTACCCTCTATTATCACATCAAAACAACAAGCCCTCC,ATGGTGAGCAAGGGCGAGGAGCTGTTCACCGGGGTGGTGCCCATCCTGGTC,test,RPL8A,11.5484650349062,0.010055921971797943
RPL8A_612,CCGACGCAAACAAATTGGAAAAACCAACGCAAAAAAAAAAAGACGCTAAATTGTTTATAAAGGCGAGGAATTTGTATCTATCAATTACTATTCCAGTTGTCAGTTTACATTGCTTACCCTCTATTATCACATCAAAACAAAAAACCCTCC,ATGGTGAGCAAGGGCGAGGAGCTGTTCACCGGGGTGGTGCCCATCCTGGTC,test,RPL8A,10.0543530452124,-0.08413417637348175
RPL8A_613,CCGACGCAAACAAATTGGAAAAACCAACGCAAAAAAAAAAAGACGCTAAATTGTTTATAAAGGCGAGGAATTTGTATCTATCAATTACTATTCCAGTTGTCAGTTTACATTGCTTACCCTCTATTATCACATCAAAACAATACAACCTCC,ATGGTGAGCAAGGGCGAGGAGCTGTTCACCGGGGTGGTGCCCATCCTGGTC,test,RPL8A,7.36362498713329,0.01521054096519947
RPL8A_614,CCGACGCAAACAAATTGGAAAAACCAACGCAAAAAAAAAAAGACGCTAAATTGTTTATAAAGGCGAGGAATTTGTATCTATCAATTACTATTCCAGTTGTCAGTTTACATTGCTTACCCTCTATTATCACATCAAAACAACCAAACCTCC,ATGGTGAGCAAGGGCGAGGAGCTGTTCACCGGGGTGGTGCCCATCCTGGTC,test,RPL8A,6.3741687823852,-0.03267109766602516
RPL8A_615,CCGACGCAAACAAATTGGAAAAACCAACGCAAAAAAAAAAAGACGCTAAATTGTTTATAAAGGCGAGGAATTTGTATCTATCAATTACTATTCCAGTTGTCAGTTTACATTGCTTACCCTCTATTATCACATCAAAACAACAAACACTCC,ATGGTGAGCAAGGGCGAGGAGCTGTTCACCGGGGTGGTGCCCATCCTGGTC,test,RPL8A,8.47305133644278,-0.09377016872167587
RPL8A_616,CCGACGCAAACAAATTGGAAAAACCAACGCAAAAAAAAAAAGACGCTAAATTGTTTATAAAGGCGAGGAATTTGTATCTATCAATTACTATTCCAGTTGTCAGTTTACATTGCTTACCCTCTATTATCACATCAAAACAAAACTAACTCC,ATGGTGAGCAAGGGCGAGGAGCTGTTCACCGGGGTGGTGCCCATCCTGGTC,test,RPL8A,9.52172694910597,-0.0016941986978054047
RPL8A_617,CCGACGCAAACAAATTGGAAAAACCAACGCAAAAAAAAAAAGACGCTAAATTGTTTATAAAGGCGAGGAATTTGTATCTATCAATTACTATTCCAGTTGTCAGTTTACATTGCTTACCCTCTATTATCACATCAAAACAACACGAACTCC,ATGGTGAGCAAGGGCGAGGAGCTGTTCACCGGGGTGGTGCCCATCCTGGTC,test,RPL8A,8.91768637227382,-0.12125218659639359
RPL8A_618,CCGACGCAAACAAATTGGAAAAACCAACGCAAAAAAAAAAAGACGCTAAATTGTTTATAAAGGCGAGGAATTTGTATCTATCAATTACTATTCCAGTTGTCAGTTTACATTGCTTACCCTCTATTATCACATCAAAACAATACGGTATCC,ATGGTGAGCAAGGGCGAGGAGCTGTTCACCGGGGTGGTGCCCATCCTGGTC,test,RPL8A,8.66848867867391,-0.3759627938270569
RPL8A_619,CCGACGCAAACAAATTGGAAAAACCAACGCAAAAAAAAAAAGACGCTAAATTGTTTATAAAGGCGAGGAATTTGTATCTATCAATTACTATTCCAGTTGTCAGTTTACATTGCTTACCCTCTATTATCACATCAAAACAAACCAGTATCC,ATGGTGAGCAAGGGCGAGGAGCTGTTCACCGGGGTGGTGCCCATCCTGGTC,test,RPL8A,9.42893790157158,-0.16477897763252258
RPL8A_620,CCGACGCAAACAAATTGGAAAAACCAACGCAAAAAAAAAAAGACGCTAAATTGTTTATAAAGGCGAGGAATTTGTATCTATCAATTACTATTCCAGTTGTCAGTTTACATTGCTTACCCTCTATTATCACATCAAAACAAACCACGATCC,ATGGTGAGCAAGGGCGAGGAGCTGTTCACCGGGGTGGTGCCCATCCTGGTC,test,RPL8A,8.26313549534645,0.04457622393965721
RPL8A_621,CCGACGCAAACAAATTGGAAAAACCAACGCAAAAAAAAAAAGACGCTAAATTGTTTATAAAGGCGAGGAATTTGTATCTATCAATTACTATTCCAGTTGTCAGTTTACATTGCTTACCCTCTATTATCACATCAAAACAAGCCCTCATCC,ATGGTGAGCAAGGGCGAGGAGCTGTTCACCGGGGTGGTGCCCATCCTGGTC,test,RPL8A,6.36551080963476,-0.017761722207069397
RPL8A_622,CCGACGCAAACAAATTGGAAAAACCAACGCAAAAAAAAAAAGACGCTAAATTGTTTATAAAGGCGAGGAATTTGTATCTATCAATTACTATTCCAGTTGTCAGTTTACATTGCTTACCCTCTATTATCACATCAAAACAAAAAGCCATCC,ATGGTGAGCAAGGGCGAGGAGCTGTTCACCGGGGTGGTGCCCATCCTGGTC,test,RPL8A,9.22199744047646,0.005531447008252144
RPL8A_623,CCGACGCAAACAAATTGGAAAAACCAACGCAAAAAAAAAAAGACGCTAAATTGTTTATAAAGGCGAGGAATTTGTATCTATCAATTACTATTCCAGTTGTCAGTTTACATTGCTTACCCTCTATTATCACATCAAAACAAAAGCCCATCC,ATGGTGAGCAAGGGCGAGGAGCTGTTCACCGGGGTGGTGCCCATCCTGGTC,test,RPL8A,8.84209119489692,-0.04837962985038757
RPL8A_624,CCGACGCAAACAAATTGGAAAAACCAACGCAAAAAAAAAAAGACGCTAAATTGTTTATAAAGGCGAGGAATTTGTATCTATCAATTACTATTCCAGTTGTCAGTTTACATTGCTTACCCTCTATTATCACATCAAAACAAAGAACCATCC,ATGGTGAGCAAGGGCGAGGAGCTGTTCACCGGGGTGGTGCCCATCCTGGTC,test,RPL8A,7.82120835820244,0.04538949206471443
RPL8A_625,CCGACGCAAACAAATTGGAAAAACCAACGCAAAAAAAAAAAGACGCTAAATTGTTTATAAAGGCGAGGAATTTGTATCTATCAATTACTATTCCAGTTGTCAGTTTACATTGCTTACCCTCTATTATCACATCAAAACAACCCAACATCC,ATGGTGAGCAAGGGCGAGGAGCTGTTCACCGGGGTGGTGCCCATCCTGGTC,test,RPL8A,5.26138006668685,-0.019641365855932236
RPL8A_626,CCGACGCAAACAAATTGGAAAAACCAACGCAAAAAAAAAAAGACGCTAAATTGTTTATAAAGGCGAGGAATTTGTATCTATCAATTACTATTCCAGTTGTCAGTTTACATTGCTTACCCTCTATTATCACATCAAAACAAGTCCGAATCC,ATGGTGAGCAAGGGCGAGGAGCTGTTCACCGGGGTGGTGCCCATCCTGGTC,test,RPL8A,8.87001570487994,-0.42077207565307617
RPL8A_627,CCGACGCAAACAAATTGGAAAAACCAACGCAAAAAAAAAAAGACGCTAAATTGTTTATAAAGGCGAGGAATTTGTATCTATCAATTACTATTCCAGTTGTCAGTTTACATTGCTTACCCTCTATTATCACATCAAAACAAATCGCAATCC,ATGGTGAGCAAGGGCGAGGAGCTGTTCACCGGGGTGGTGCCCATCCTGGTC,test,RPL8A,8.65156073595718,-0.14878356456756592
RPL8A_628,CCGACGCAAACAAATTGGAAAAACCAACGCAAAAAAAAAAAGACGCTAAATTGTTTATAAAGGCGAGGAATTTGTATCTATCAATTACTATTCCAGTTGTCAGTTTACATTGCTTACCCTCTATTATCACATCAAAACAAACCCCAATCC,ATGGTGAGCAAGGGCGAGGAGCTGTTCACCGGGGTGGTGCCCATCCTGGTC,test,RPL8A,9.17998616981283,-0.2515770196914673
RPL8A_629,CCGACGCAAACAAATTGGAAAAACCAACGCAAAAAAAAAAAGACGCTAAATTGTTTATAAAGGCGAGGAATTTGTATCTATCAATTACTATTCCAGTTGTCAGTTTACATTGCTTACCCTCTATTATCACATCAAAACAAAAAAAAATCC,ATGGTGAGCAAGGGCGAGGAGCTGTTCACCGGGGTGGTGCCCATCCTGGTC,test,RPL8A,10.0897462203992,-0.23240160942077637
RPL8A_630,CCGACGCAAACAAATTGGAAAAACCAACGCAAAAAAAAAAAGACGCTAAATTGTTTATAAAGGCGAGGAATTTGTATCTATCAATTACTATTCCAGTTGTCAGTTTACATTGCTTACCCTCTATTATCACATCAAAACAACGGGCCTGCC,ATGGTGAGCAAGGGCGAGGAGCTGTTCACCGGGGTGGTGCCCATCCTGGTC,test,RPL8A,7.72965380563116,-0.124862439930439
RPL8A_631,CCGACGCAAACAAATTGGAAAAACCAACGCAAAAAAAAAAAGACGCTAAATTGTTTATAAAGGCGAGGAATTTGTATCTATCAATTACTATTCCAGTTGTCAGTTTACATTGCTTACCCTCTATTATCACATCAAAACAAAAACCCTGCC,ATGGTGAGCAAGGGCGAGGAGCTGTTCACCGGGGTGGTGCCCATCCTGGTC,test,RPL8A,10.7047268616799,-0.21343755722045898
RPL8A_632,CCGACGCAAACAAATTGGAAAAACCAACGCAAAAAAAAAAAGACGCTAAATTGTTTATAAAGGCGAGGAATTTGTATCTATCAATTACTATTCCAGTTGTCAGTTTACATTGCTTACCCTCTATTATCACATCAAAACAACATACCTGCC,ATGGTGAGCAAGGGCGAGGAGCTGTTCACCGGGGTGGTGCCCATCCTGGTC,test,RPL8A,10.2389294524019,-0.04414737969636917
RPL8A_633,CCGACGCAAACAAATTGGAAAAACCAACGCAAAAAAAAAAAGACGCTAAATTGTTTATAAAGGCGAGGAATTTGTATCTATCAATTACTATTCCAGTTGTCAGTTTACATTGCTTACCCTCTATTATCACATCAAAACAAATATACTGCC,ATGGTGAGCAAGGGCGAGGAGCTGTTCACCGGGGTGGTGCCCATCCTGGTC,test,RPL8A,11.5717013780031,-0.04841780662536621
RPL8A_634,CCGACGCAAACAAATTGGAAAAACCAACGCAAAAAAAAAAAGACGCTAAATTGTTTATAAAGGCGAGGAATTTGTATCTATCAATTACTATTCCAGTTGTCAGTTTACATTGCTTACCCTCTATTATCACATCAAAACAAGCACACTGCC,ATGGTGAGCAAGGGCGAGGAGCTGTTCACCGGGGTGGTGCCCATCCTGGTC,test,RPL8A,8.92358268864176,-0.08261438459157944
RPL8A_635,CCGACGCAAACAAATTGGAAAAACCAACGCAAAAAAAAAAAGACGCTAAATTGTTTATAAAGGCGAGGAATTTGTATCTATCAATTACTATTCCAGTTGTCAGTTTACATTGCTTACCCTCTATTATCACATCAAAACAATCCCTATGCC,ATGGTGAGCAAGGGCGAGGAGCTGTTCACCGGGGTGGTGCCCATCCTGGTC,test,RPL8A,3.99134290627219,-0.25283730030059814
RPL8A_636,CCGACGCAAACAAATTGGAAAAACCAACGCAAAAAAAAAAAGACGCTAAATTGTTTATAAAGGCGAGGAATTTGTATCTATCAATTACTATTCCAGTTGTCAGTTTACATTGCTTACCCTCTATTATCACATCAAAACAACGAACTGGCC,ATGGTGAGCAAGGGCGAGGAGCTGTTCACCGGGGTGGTGCCCATCCTGGTC,test,RPL8A,10.9567410702245,-0.11407951265573502
RPL8A_637,CCGACGCAAACAAATTGGAAAAACCAACGCAAAAAAAAAAAGACGCTAAATTGTTTATAAAGGCGAGGAATTTGTATCTATCAATTACTATTCCAGTTGTCAGTTTACATTGCTTACCCTCTATTATCACATCAAAACAACAAACGGGCC,ATGGTGAGCAAGGGCGAGGAGCTGTTCACCGGGGTGGTGCCCATCCTGGTC,test,RPL8A,7.30001070466697,-0.3798763155937195
RPL8A_638,CCGACGCAAACAAATTGGAAAAACCAACGCAAAAAAAAAAAGACGCTAAATTGTTTATAAAGGCGAGGAATTTGTATCTATCAATTACTATTCCAGTTGTCAGTTTACATTGCTTACCCTCTATTATCACATCAAAACAACACTGCGGCC,ATGGTGAGCAAGGGCGAGGAGCTGTTCACCGGGGTGGTGCCCATCCTGGTC,test,RPL8A,8.36283232040509,-0.2494187355041504
RPL8A_639,CCGACGCAAACAAATTGGAAAAACCAACGCAAAAAAAAAAAGACGCTAAATTGTTTATAAAGGCGAGGAATTTGTATCTATCAATTACTATTCCAGTTGTCAGTTTACATTGCTTACCCTCTATTATCACATCAAAACAAGAATACGGCC,ATGGTGAGCAAGGGCGAGGAGCTGTTCACCGGGGTGGTGCCCATCCTGGTC,test,RPL8A,10.0281856756184,-0.3674626350402832
RPL8A_640,CCGACGCAAACAAATTGGAAAAACCAACGCAAAAAAAAAAAGACGCTAAATTGTTTATAAAGGCGAGGAATTTGTATCTATCAATTACTATTCCAGTTGTCAGTTTACATTGCTTACCCTCTATTATCACATCAAAACAAAAAGACGGCC,ATGGTGAGCAAGGGCGAGGAGCTGTTCACCGGGGTGGTGCCCATCCTGGTC,test,RPL8A,8.00682944925302,-0.4056411683559418
RPL8A_641,CCGACGCAAACAAATTGGAAAAACCAACGCAAAAAAAAAAAGACGCTAAATTGTTTATAAAGGCGAGGAATTTGTATCTATCAATTACTATTCCAGTTGTCAGTTTACATTGCTTACCCTCTATTATCACATCAAAACAAACACACGGCC,ATGGTGAGCAAGGGCGAGGAGCTGTTCACCGGGGTGGTGCCCATCCTGGTC,test,RPL8A,9.98933200952192,-0.4099770188331604
RPL8A_642,CCGACGCAAACAAATTGGAAAAACCAACGCAAAAAAAAAAAGACGCTAAATTGTTTATAAAGGCGAGGAATTTGTATCTATCAATTACTATTCCAGTTGTCAGTTTACATTGCTTACCCTCTATTATCACATCAAAACAAACCACAGGCC,ATGGTGAGCAAGGGCGAGGAGCTGTTCACCGGGGTGGTGCCCATCCTGGTC,test,RPL8A,7.99892969043171,-0.33953750133514404
RPL8A_643,CCGACGCAAACAAATTGGAAAAACCAACGCAAAAAAAAAAAGACGCTAAATTGTTTATAAAGGCGAGGAATTTGTATCTATCAATTACTATTCCAGTTGTCAGTTTACATTGCTTACCCTCTATTATCACATCAAAACAATTCATTCGCC,ATGGTGAGCAAGGGCGAGGAGCTGTTCACCGGGGTGGTGCCCATCCTGGTC,test,RPL8A,5.58346039055532,-0.06836209446191788
RPL8A_644,CCGACGCAAACAAATTGGAAAAACCAACGCAAAAAAAAAAAGACGCTAAATTGTTTATAAAGGCGAGGAATTTGTATCTATCAATTACTATTCCAGTTGTCAGTTTACATTGCTTACCCTCTATTATCACATCAAAACAACCACCGCGCC,ATGGTGAGCAAGGGCGAGGAGCTGTTCACCGGGGTGGTGCCCATCCTGGTC,test,RPL8A,6.70712477825034,-0.13497093319892883
RPL8A_645,CCGACGCAAACAAATTGGAAAAACCAACGCAAAAAAAAAAAGACGCTAAATTGTTTATAAAGGCGAGGAATTTGTATCTATCAATTACTATTCCAGTTGTCAGTTTACATTGCTTACCCTCTATTATCACATCAAAACAAAGCACGCGCC,ATGGTGAGCAAGGGCGAGGAGCTGTTCACCGGGGTGGTGCCCATCCTGGTC,test,RPL8A,9.55013532514433,-0.1880989372730255
RPL8A_646,CCGACGCAAACAAATTGGAAAAACCAACGCAAAAAAAAAAAGACGCTAAATTGTTTATAAAGGCGAGGAATTTGTATCTATCAATTACTATTCCAGTTGTCAGTTTACATTGCTTACCCTCTATTATCACATCAAAACAATTAGAGCGCC,ATGGTGAGCAAGGGCGAGGAGCTGTTCACCGGGGTGGTGCCCATCCTGGTC,test,RPL8A,8.75835618541436,-0.4346967935562134
RPL8A_647,CCGACGCAAACAAATTGGAAAAACCAACGCAAAAAAAAAAAGACGCTAAATTGTTTATAAAGGCGAGGAATTTGTATCTATCAATTACTATTCCAGTTGTCAGTTTACATTGCTTACCCTCTATTATCACATCAAAACAAAAATTCCGCC,ATGGTGAGCAAGGGCGAGGAGCTGTTCACCGGGGTGGTGCCCATCCTGGTC,test,RPL8A,9.86653894696967,-0.16066795587539673
RPL8A_648,CCGACGCAAACAAATTGGAAAAACCAACGCAAAAAAAAAAAGACGCTAAATTGTTTATAAAGGCGAGGAATTTGTATCTATCAATTACTATTCCAGTTGTCAGTTTACATTGCTTACCCTCTATTATCACATCAAAACAATCAGTCCGCC,ATGGTGAGCAAGGGCGAGGAGCTGTTCACCGGGGTGGTGCCCATCCTGGTC,test,RPL8A,11.1651683152487,-0.12810879945755005
RPL8A_649,CCGACGCAAACAAATTGGAAAAACCAACGCAAAAAAAAAAAGACGCTAAATTGTTTATAAAGGCGAGGAATTTGTATCTATCAATTACTATTCCAGTTGTCAGTTTACATTGCTTACCCTCTATTATCACATCAAAACAACAGACCCGCC,ATGGTGAGCAAGGGCGAGGAGCTGTTCACCGGGGTGGTGCCCATCCTGGTC,test,RPL8A,8.72976278204676,0.0788847953081131
RPL8A_650,CCGACGCAAACAAATTGGAAAAACCAACGCAAAAAAAAAAAGACGCTAAATTGTTTATAAAGGCGAGGAATTTGTATCTATCAATTACTATTCCAGTTGTCAGTTTACATTGCTTACCCTCTATTATCACATCAAAACAAAAAACCCGCC,ATGGTGAGCAAGGGCGAGGAGCTGTTCACCGGGGTGGTGCCCATCCTGGTC,test,RPL8A,11.245564958986,-0.15699970722198486
RPL8A_651,CCGACGCAAACAAATTGGAAAAACCAACGCAAAAAAAAAAAGACGCTAAATTGTTTATAAAGGCGAGGAATTTGTATCTATCAATTACTATTCCAGTTGTCAGTTTACATTGCTTACCCTCTATTATCACATCAAAACAATCTGACCGCC,ATGGTGAGCAAGGGCGAGGAGCTGTTCACCGGGGTGGTGCCCATCCTGGTC,test,RPL8A,8.55308035478688,-0.11594543606042862
RPL8A_652,CCGACGCAAACAAATTGGAAAAACCAACGCAAAAAAAAAAAGACGCTAAATTGTTTATAAAGGCGAGGAATTTGTATCTATCAATTACTATTCCAGTTGTCAGTTTACATTGCTTACCCTCTATTATCACATCAAAACAACAACACCGCC,ATGGTGAGCAAGGGCGAGGAGCTGTTCACCGGGGTGGTGCCCATCCTGGTC,test,RPL8A,4.25224346434024,-0.16847354173660278
RPL8A_653,CCGACGCAAACAAATTGGAAAAACCAACGCAAAAAAAAAAAGACGCTAAATTGTTTATAAAGGCGAGGAATTTGTATCTATCAATTACTATTCCAGTTGTCAGTTTACATTGCTTACCCTCTATTATCACATCAAAACAAATAAGACGCC,ATGGTGAGCAAGGGCGAGGAGCTGTTCACCGGGGTGGTGCCCATCCTGGTC,test,RPL8A,9.19415206014144,-0.2744868993759155
RPL8A_654,CCGACGCAAACAAATTGGAAAAACCAACGCAAAAAAAAAAAGACGCTAAATTGTTTATAAAGGCGAGGAATTTGTATCTATCAATTACTATTCCAGTTGTCAGTTTACATTGCTTACCCTCTATTATCACATCAAAACAAAACGAACGCC,ATGGTGAGCAAGGGCGAGGAGCTGTTCACCGGGGTGGTGCCCATCCTGGTC,test,RPL8A,9.75553305477526,-0.45077574253082275
RPL8A_655,CCGACGCAAACAAATTGGAAAAACCAACGCAAAAAAAAAAAGACGCTAAATTGTTTATAAAGGCGAGGAATTTGTATCTATCAATTACTATTCCAGTTGTCAGTTTACATTGCTTACCCTCTATTATCACATCAAAACAACCCAAACGCC,ATGGTGAGCAAGGGCGAGGAGCTGTTCACCGGGGTGGTGCCCATCCTGGTC,test,RPL8A,8.6489960023394,-0.4036925733089447
RPL8A_656,CCGACGCAAACAAATTGGAAAAACCAACGCAAAAAAAAAAAGACGCTAAATTGTTTATAAAGGCGAGGAATTTGTATCTATCAATTACTATTCCAGTTGTCAGTTTACATTGCTTACCCTCTATTATCACATCAAAACAAAGAAAACGCC,ATGGTGAGCAAGGGCGAGGAGCTGTTCACCGGGGTGGTGCCCATCCTGGTC,test,RPL8A,9.31169137280231,-0.4266408681869507
RPL8A_657,CCGACGCAAACAAATTGGAAAAACCAACGCAAAAAAAAAAAGACGCTAAATTGTTTATAAAGGCGAGGAATTTGTATCTATCAATTACTATTCCAGTTGTCAGTTTACATTGCTTACCCTCTATTATCACATCAAAACAACAAAAACGCC,ATGGTGAGCAAGGGCGAGGAGCTGTTCACCGGGGTGGTGCCCATCCTGGTC,test,RPL8A,9.99230231749983,-0.3839336633682251
RPL8A_658,CCGACGCAAACAAATTGGAAAAACCAACGCAAAAAAAAAAAGACGCTAAATTGTTTATAAAGGCGAGGAATTTGTATCTATCAATTACTATTCCAGTTGTCAGTTTACATTGCTTACCCTCTATTATCACATCAAAACAAAACAGTAGCC,ATGGTGAGCAAGGGCGAGGAGCTGTTCACCGGGGTGGTGCCCATCCTGGTC,test,RPL8A,10.6875927695474,-0.16295641660690308
RPL8A_659,CCGACGCAAACAAATTGGAAAAACCAACGCAAAAAAAAAAAGACGCTAAATTGTTTATAAAGGCGAGGAATTTGTATCTATCAATTACTATTCCAGTTGTCAGTTTACATTGCTTACCCTCTATTATCACATCAAAACAAGTACGGAGCC,ATGGTGAGCAAGGGCGAGGAGCTGTTCACCGGGGTGGTGCCCATCCTGGTC,test,RPL8A,11.438434336869,-0.4066822826862335
RPL8A_660,CCGACGCAAACAAATTGGAAAAACCAACGCAAAAAAAAAAAGACGCTAAATTGTTTATAAAGGCGAGGAATTTGTATCTATCAATTACTATTCCAGTTGTCAGTTTACATTGCTTACCCTCTATTATCACATCAAAACAACTACGGAGCC,ATGGTGAGCAAGGGCGAGGAGCTGTTCACCGGGGTGGTGCCCATCCTGGTC,test,RPL8A,10.0897405701109,-0.2955789566040039
RPL8A_661,CCGACGCAAACAAATTGGAAAAACCAACGCAAAAAAAAAAAGACGCTAAATTGTTTATAAAGGCGAGGAATTTGTATCTATCAATTACTATTCCAGTTGTCAGTTTACATTGCTTACCCTCTATTATCACATCAAAACAAAATAGGAGCC,ATGGTGAGCAAGGGCGAGGAGCTGTTCACCGGGGTGGTGCCCATCCTGGTC,test,RPL8A,10.387352210286,-0.4155042767524719
RPL8A_662,CCGACGCAAACAAATTGGAAAAACCAACGCAAAAAAAAAAAGACGCTAAATTGTTTATAAAGGCGAGGAATTTGTATCTATCAATTACTATTCCAGTTGTCAGTTTACATTGCTTACCCTCTATTATCACATCAAAACAACCCCCGAGCC,ATGGTGAGCAAGGGCGAGGAGCTGTTCACCGGGGTGGTGCCCATCCTGGTC,test,RPL8A,9.0548508039121,-0.36128634214401245
RPL8A_663,CCGACGCAAACAAATTGGAAAAACCAACGCAAAAAAAAAAAGACGCTAAATTGTTTATAAAGGCGAGGAATTTGTATCTATCAATTACTATTCCAGTTGTCAGTTTACATTGCTTACCCTCTATTATCACATCAAAACAATCCCTCAGCC,ATGGTGAGCAAGGGCGAGGAGCTGTTCACCGGGGTGGTGCCCATCCTGGTC,test,RPL8A,10.2223505063795,-0.13832518458366394
RPL8A_664,CCGACGCAAACAAATTGGAAAAACCAACGCAAAAAAAAAAAGACGCTAAATTGTTTATAAAGGCGAGGAATTTGTATCTATCAATTACTATTCCAGTTGTCAGTTTACATTGCTTACCCTCTATTATCACATCAAAACAATCAACCAGCC,ATGGTGAGCAAGGGCGAGGAGCTGTTCACCGGGGTGGTGCCCATCCTGGTC,test,RPL8A,9.68536046254895,-0.13691407442092896
RPL8A_665,CCGACGCAAACAAATTGGAAAAACCAACGCAAAAAAAAAAAGACGCTAAATTGTTTATAAAGGCGAGGAATTTGTATCTATCAATTACTATTCCAGTTGTCAGTTTACATTGCTTACCCTCTATTATCACATCAAAACAACAAACCAGCC,ATGGTGAGCAAGGGCGAGGAGCTGTTCACCGGGGTGGTGCCCATCCTGGTC,test,RPL8A,10.7749806768533,-0.22719964385032654
RPL8A_666,CCGACGCAAACAAATTGGAAAAACCAACGCAAAAAAAAAAAGACGCTAAATTGTTTATAAAGGCGAGGAATTTGTATCTATCAATTACTATTCCAGTTGTCAGTTTACATTGCTTACCCTCTATTATCACATCAAAACAACGAAACAGCC,ATGGTGAGCAAGGGCGAGGAGCTGTTCACCGGGGTGGTGCCCATCCTGGTC,test,RPL8A,11.0572215050938,-0.16768252849578857
RPL8A_667,CCGACGCAAACAAATTGGAAAAACCAACGCAAAAAAAAAAAGACGCTAAATTGTTTATAAAGGCGAGGAATTTGTATCTATCAATTACTATTCCAGTTGTCAGTTTACATTGCTTACCCTCTATTATCACATCAAAACAACCAATAAGCC,ATGGTGAGCAAGGGCGAGGAGCTGTTCACCGGGGTGGTGCCCATCCTGGTC,test,RPL8A,9.28576902453923,-0.08125001192092896
RPL8A_668,CCGACGCAAACAAATTGGAAAAACCAACGCAAAAAAAAAAAGACGCTAAATTGTTTATAAAGGCGAGGAATTTGTATCTATCAATTACTATTCCAGTTGTCAGTTTACATTGCTTACCCTCTATTATCACATCAAAACAAAAAGGAAGCC,ATGGTGAGCAAGGGCGAGGAGCTGTTCACCGGGGTGGTGCCCATCCTGGTC,test,RPL8A,10.8091734795397,-0.39537957310676575
RPL8A_669,CCGACGCAAACAAATTGGAAAAACCAACGCAAAAAAAAAAAGACGCTAAATTGTTTATAAAGGCGAGGAATTTGTATCTATCAATTACTATTCCAGTTGTCAGTTTACATTGCTTACCCTCTATTATCACATCAAAACAAATGTCAAGCC,ATGGTGAGCAAGGGCGAGGAGCTGTTCACCGGGGTGGTGCCCATCCTGGTC,test,RPL8A,4.00227488793045,-0.4243282675743103
RPL8A_670,CCGACGCAAACAAATTGGAAAAACCAACGCAAAAAAAAAAAGACGCTAAATTGTTTATAAAGGCGAGGAATTTGTATCTATCAATTACTATTCCAGTTGTCAGTTTACATTGCTTACCCTCTATTATCACATCAAAACAAAGCTAAAGCC,ATGGTGAGCAAGGGCGAGGAGCTGTTCACCGGGGTGGTGCCCATCCTGGTC,test,RPL8A,10.6165064357881,-0.3868235945701599
RPL8A_671,CCGACGCAAACAAATTGGAAAAACCAACGCAAAAAAAAAAAGACGCTAAATTGTTTATAAAGGCGAGGAATTTGTATCTATCAATTACTATTCCAGTTGTCAGTTTACATTGCTTACCCTCTATTATCACATCAAAACAAAGGGAAAGCC,ATGGTGAGCAAGGGCGAGGAGCTGTTCACCGGGGTGGTGCCCATCCTGGTC,test,RPL8A,8.34349551657184,-0.3412778079509735
RPL8A_672,CCGACGCAAACAAATTGGAAAAACCAACGCAAAAAAAAAAAGACGCTAAATTGTTTATAAAGGCGAGGAATTTGTATCTATCAATTACTATTCCAGTTGTCAGTTTACATTGCTTACCCTCTATTATCACATCAAAACAACATCAAAGCC,ATGGTGAGCAAGGGCGAGGAGCTGTTCACCGGGGTGGTGCCCATCCTGGTC,test,RPL8A,9.4598293818095,-0.1134510412812233
RPL8A_673,CCGACGCAAACAAATTGGAAAAACCAACGCAAAAAAAAAAAGACGCTAAATTGTTTATAAAGGCGAGGAATTTGTATCTATCAATTACTATTCCAGTTGTCAGTTTACATTGCTTACCCTCTATTATCACATCAAAACAAGTCCAAAGCC,ATGGTGAGCAAGGGCGAGGAGCTGTTCACCGGGGTGGTGCCCATCCTGGTC,test,RPL8A,11.326949144842,-0.40655919909477234
RPL8A_674,CCGACGCAAACAAATTGGAAAAACCAACGCAAAAAAAAAAAGACGCTAAATTGTTTATAAAGGCGAGGAATTTGTATCTATCAATTACTATTCCAGTTGTCAGTTTACATTGCTTACCCTCTATTATCACATCAAAACAACCCAAAAGCC,ATGGTGAGCAAGGGCGAGGAGCTGTTCACCGGGGTGGTGCCCATCCTGGTC,test,RPL8A,10.2976632533289,-0.3620893657207489
RPL8A_675,CCGACGCAAACAAATTGGAAAAACCAACGCAAAAAAAAAAAGACGCTAAATTGTTTATAAAGGCGAGGAATTTGTATCTATCAATTACTATTCCAGTTGTCAGTTTACATTGCTTACCCTCTATTATCACATCAAAACAAGTAAAAAGCC,ATGGTGAGCAAGGGCGAGGAGCTGTTCACCGGGGTGGTGCCCATCCTGGTC,test,RPL8A,11.6837173877273,-0.3965629041194916
RPL8A_676,CCGACGCAAACAAATTGGAAAAACCAACGCAAAAAAAAAAAGACGCTAAATTGTTTATAAAGGCGAGGAATTTGTATCTATCAATTACTATTCCAGTTGTCAGTTTACATTGCTTACCCTCTATTATCACATCAAAACAACAAAGGTCCC,ATGGTGAGCAAGGGCGAGGAGCTGTTCACCGGGGTGGTGCCCATCCTGGTC,test,RPL8A,10.6043452617316,-0.05666027218103409
RPL8A_677,CCGACGCAAACAAATTGGAAAAACCAACGCAAAAAAAAAAAGACGCTAAATTGTTTATAAAGGCGAGGAATTTGTATCTATCAATTACTATTCCAGTTGTCAGTTTACATTGCTTACCCTCTATTATCACATCAAAACAAGAAAAGTCCC,ATGGTGAGCAAGGGCGAGGAGCTGTTCACCGGGGTGGTGCCCATCCTGGTC,test,RPL8A,9.79614998968966,-0.1073373481631279
RPL8A_678,CCGACGCAAACAAATTGGAAAAACCAACGCAAAAAAAAAAAGACGCTAAATTGTTTATAAAGGCGAGGAATTTGTATCTATCAATTACTATTCCAGTTGTCAGTTTACATTGCTTACCCTCTATTATCACATCAAAACAACACCGCTCCC,ATGGTGAGCAAGGGCGAGGAGCTGTTCACCGGGGTGGTGCCCATCCTGGTC,test,RPL8A,6.11164153456905,-0.045413143932819366
RPL8A_679,CCGACGCAAACAAATTGGAAAAACCAACGCAAAAAAAAAAAGACGCTAAATTGTTTATAAAGGCGAGGAATTTGTATCTATCAATTACTATTCCAGTTGTCAGTTTACATTGCTTACCCTCTATTATCACATCAAAACAAAAACGCTCCC,ATGGTGAGCAAGGGCGAGGAGCTGTTCACCGGGGTGGTGCCCATCCTGGTC,test,RPL8A,10.3902247204362,-0.11046413332223892
RPL8A_680,CCGACGCAAACAAATTGGAAAAACCAACGCAAAAAAAAAAAGACGCTAAATTGTTTATAAAGGCGAGGAATTTGTATCTATCAATTACTATTCCAGTTGTCAGTTTACATTGCTTACCCTCTATTATCACATCAAAACAAACCCACTCCC,ATGGTGAGCAAGGGCGAGGAGCTGTTCACCGGGGTGGTGCCCATCCTGGTC,test,RPL8A,10.243819607692,-0.0461854562163353
RPL8A_681,CCGACGCAAACAAATTGGAAAAACCAACGCAAAAAAAAAAAGACGCTAAATTGTTTATAAAGGCGAGGAATTTGTATCTATCAATTACTATTCCAGTTGTCAGTTTACATTGCTTACCCTCTATTATCACATCAAAACAAATCCTATCCC,ATGGTGAGCAAGGGCGAGGAGCTGTTCACCGGGGTGGTGCCCATCCTGGTC,test,RPL8A,10.1463529917648,-0.06158950924873352
RPL8A_682,CCGACGCAAACAAATTGGAAAAACCAACGCAAAAAAAAAAAGACGCTAAATTGTTTATAAAGGCGAGGAATTTGTATCTATCAATTACTATTCCAGTTGTCAGTTTACATTGCTTACCCTCTATTATCACATCAAAACAACACGGATCCC,ATGGTGAGCAAGGGCGAGGAGCTGTTCACCGGGGTGGTGCCCATCCTGGTC,test,RPL8A,7.2373350155648,-0.154028058052063
RPL8A_683,CCGACGCAAACAAATTGGAAAAACCAACGCAAAAAAAAAAAGACGCTAAATTGTTTATAAAGGCGAGGAATTTGTATCTATCAATTACTATTCCAGTTGTCAGTTTACATTGCTTACCCTCTATTATCACATCAAAACAAGCTGAATCCC,ATGGTGAGCAAGGGCGAGGAGCTGTTCACCGGGGTGGTGCCCATCCTGGTC,test,RPL8A,11.0131532460554,-0.1562289595603943
RPL8A_684,CCGACGCAAACAAATTGGAAAAACCAACGCAAAAAAAAAAAGACGCTAAATTGTTTATAAAGGCGAGGAATTTGTATCTATCAATTACTATTCCAGTTGTCAGTTTACATTGCTTACCCTCTATTATCACATCAAAACAAGTACAATCCC,ATGGTGAGCAAGGGCGAGGAGCTGTTCACCGGGGTGGTGCCCATCCTGGTC,test,RPL8A,7.91633501704619,-0.004393467679619789
RPL8A_685,CCGACGCAAACAAATTGGAAAAACCAACGCAAAAAAAAAAAGACGCTAAATTGTTTATAAAGGCGAGGAATTTGTATCTATCAATTACTATTCCAGTTGTCAGTTTACATTGCTTACCCTCTATTATCACATCAAAACAATCCAAATCCC,ATGGTGAGCAAGGGCGAGGAGCTGTTCACCGGGGTGGTGCCCATCCTGGTC,test,RPL8A,9.35778512315492,-0.2229151725769043
RPL8A_686,CCGACGCAAACAAATTGGAAAAACCAACGCAAAAAAAAAAAGACGCTAAATTGTTTATAAAGGCGAGGAATTTGTATCTATCAATTACTATTCCAGTTGTCAGTTTACATTGCTTACCCTCTATTATCACATCAAAACAACGTCCTGCCC,ATGGTGAGCAAGGGCGAGGAGCTGTTCACCGGGGTGGTGCCCATCCTGGTC,test,RPL8A,8.88735295032464,-0.09781824797391891
RPL8A_687,CCGACGCAAACAAATTGGAAAAACCAACGCAAAAAAAAAAAGACGCTAAATTGTTTATAAAGGCGAGGAATTTGTATCTATCAATTACTATTCCAGTTGTCAGTTTACATTGCTTACCCTCTATTATCACATCAAAACAAACGCGGGCCC,ATGGTGAGCAAGGGCGAGGAGCTGTTCACCGGGGTGGTGCCCATCCTGGTC,test,RPL8A,5.99735033010318,-0.4046679437160492
RPL8A_688,CCGACGCAAACAAATTGGAAAAACCAACGCAAAAAAAAAAAGACGCTAAATTGTTTATAAAGGCGAGGAATTTGTATCTATCAATTACTATTCCAGTTGTCAGTTTACATTGCTTACCCTCTATTATCACATCAAAACAAAACTTCGCCC,ATGGTGAGCAAGGGCGAGGAGCTGTTCACCGGGGTGGTGCCCATCCTGGTC,test,RPL8A,6.14935067763718,-0.06197350472211838
RPL8A_689,CCGACGCAAACAAATTGGAAAAACCAACGCAAAAAAAAAAAGACGCTAAATTGTTTATAAAGGCGAGGAATTTGTATCTATCAATTACTATTCCAGTTGTCAGTTTACATTGCTTACCCTCTATTATCACATCAAAACAACATCTCGCCC,ATGGTGAGCAAGGGCGAGGAGCTGTTCACCGGGGTGGTGCCCATCCTGGTC,test,RPL8A,9.58272122735481,-0.02423812821507454
RPL8A_690,CCGACGCAAACAAATTGGAAAAACCAACGCAAAAAAAAAAAGACGCTAAATTGTTTATAAAGGCGAGGAATTTGTATCTATCAATTACTATTCCAGTTGTCAGTTTACATTGCTTACCCTCTATTATCACATCAAAACAAACAATCGCCC,ATGGTGAGCAAGGGCGAGGAGCTGTTCACCGGGGTGGTGCCCATCCTGGTC,test,RPL8A,7.67873069652614,0.0016533676534891129
RPL8A_691,CCGACGCAAACAAATTGGAAAAACCAACGCAAAAAAAAAAAGACGCTAAATTGTTTATAAAGGCGAGGAATTTGTATCTATCAATTACTATTCCAGTTGTCAGTTTACATTGCTTACCCTCTATTATCACATCAAAACAACGAAGCGCCC,ATGGTGAGCAAGGGCGAGGAGCTGTTCACCGGGGTGGTGCCCATCCTGGTC,test,RPL8A,9.77996419968007,-0.07029759138822556
RPL8A_692,CCGACGCAAACAAATTGGAAAAACCAACGCAAAAAAAAAAAGACGCTAAATTGTTTATAAAGGCGAGGAATTTGTATCTATCAATTACTATTCCAGTTGTCAGTTTACATTGCTTACCCTCTATTATCACATCAAAACAACCCGTAGCCC,ATGGTGAGCAAGGGCGAGGAGCTGTTCACCGGGGTGGTGCCCATCCTGGTC,test,RPL8A,7.34118576187726,-0.4227144420146942
RPL8A_693,CCGACGCAAACAAATTGGAAAAACCAACGCAAAAAAAAAAAGACGCTAAATTGTTTATAAAGGCGAGGAATTTGTATCTATCAATTACTATTCCAGTTGTCAGTTTACATTGCTTACCCTCTATTATCACATCAAAACAACAACTAGCCC,ATGGTGAGCAAGGGCGAGGAGCTGTTCACCGGGGTGGTGCCCATCCTGGTC,test,RPL8A,7.46731853829139,-0.18329602479934692
RPL8A_694,CCGACGCAAACAAATTGGAAAAACCAACGCAAAAAAAAAAAGACGCTAAATTGTTTATAAAGGCGAGGAATTTGTATCTATCAATTACTATTCCAGTTGTCAGTTTACATTGCTTACCCTCTATTATCACATCAAAACAAGAACCAGCCC,ATGGTGAGCAAGGGCGAGGAGCTGTTCACCGGGGTGGTGCCCATCCTGGTC,test,RPL8A,6.89429573664575,-0.21806368231773376
RPL8A_695,CCGACGCAAACAAATTGGAAAAACCAACGCAAAAAAAAAAAGACGCTAAATTGTTTATAAAGGCGAGGAATTTGTATCTATCAATTACTATTCCAGTTGTCAGTTTACATTGCTTACCCTCTATTATCACATCAAAACAAAACTAAGCCC,ATGGTGAGCAAGGGCGAGGAGCTGTTCACCGGGGTGGTGCCCATCCTGGTC,test,RPL8A,10.1172105379226,-0.3728385865688324
RPL8A_696,CCGACGCAAACAAATTGGAAAAACCAACGCAAAAAAAAAAAGACGCTAAATTGTTTATAAAGGCGAGGAATTTGTATCTATCAATTACTATTCCAGTTGTCAGTTTACATTGCTTACCCTCTATTATCACATCAAAACAACCCGAAGCCC,ATGGTGAGCAAGGGCGAGGAGCTGTTCACCGGGGTGGTGCCCATCCTGGTC,test,RPL8A,7.3596889062679,-0.3997935950756073
RPL8A_697,CCGACGCAAACAAATTGGAAAAACCAACGCAAAAAAAAAAAGACGCTAAATTGTTTATAAAGGCGAGGAATTTGTATCTATCAATTACTATTCCAGTTGTCAGTTTACATTGCTTACCCTCTATTATCACATCAAAACAAAAAAGTCCCC,ATGGTGAGCAAGGGCGAGGAGCTGTTCACCGGGGTGGTGCCCATCCTGGTC,test,RPL8A,11.0843265667099,-0.14735645055770874
RPL8A_698,CCGACGCAAACAAATTGGAAAAACCAACGCAAAAAAAAAAAGACGCTAAATTGTTTATAAAGGCGAGGAATTTGTATCTATCAATTACTATTCCAGTTGTCAGTTTACATTGCTTACCCTCTATTATCACATCAAAACAATTCGCTCCCC,ATGGTGAGCAAGGGCGAGGAGCTGTTCACCGGGGTGGTGCCCATCCTGGTC,test,RPL8A,9.91964246643068,-0.044743217527866364
RPL8A_699,CCGACGCAAACAAATTGGAAAAACCAACGCAAAAAAAAAAAGACGCTAAATTGTTTATAAAGGCGAGGAATTTGTATCTATCAATTACTATTCCAGTTGTCAGTTTACATTGCTTACCCTCTATTATCACATCAAAACAACCAACTCCCC,ATGGTGAGCAAGGGCGAGGAGCTGTTCACCGGGGTGGTGCCCATCCTGGTC,test,RPL8A,7.53884976139489,-0.029830802232027054
RPL8A_700,CCGACGCAAACAAATTGGAAAAACCAACGCAAAAAAAAAAAGACGCTAAATTGTTTATAAAGGCGAGGAATTTGTATCTATCAATTACTATTCCAGTTGTCAGTTTACATTGCTTACCCTCTATTATCACATCAAAACAAGGGTATCCCC,ATGGTGAGCAAGGGCGAGGAGCTGTTCACCGGGGTGGTGCCCATCCTGGTC,test,RPL8A,5.87432052194065,-0.12551799416542053
RPL8A_701,CCGACGCAAACAAATTGGAAAAACCAACGCAAAAAAAAAAAGACGCTAAATTGTTTATAAAGGCGAGGAATTTGTATCTATCAATTACTATTCCAGTTGTCAGTTTACATTGCTTACCCTCTATTATCACATCAAAACAACAACATCCCC,ATGGTGAGCAAGGGCGAGGAGCTGTTCACCGGGGTGGTGCCCATCCTGGTC,test,RPL8A,6.8711998062309,-0.028792180120944977
RPL8A_702,CCGACGCAAACAAATTGGAAAAACCAACGCAAAAAAAAAAAGACGCTAAATTGTTTATAAAGGCGAGGAATTTGTATCTATCAATTACTATTCCAGTTGTCAGTTTACATTGCTTACCCTCTATTATCACATCAAAACAATACGGGCCCC,ATGGTGAGCAAGGGCGAGGAGCTGTTCACCGGGGTGGTGCCCATCCTGGTC,test,RPL8A,6.53797058148132,-0.22417807579040527
RPL8A_703,CCGACGCAAACAAATTGGAAAAACCAACGCAAAAAAAAAAAGACGCTAAATTGTTTATAAAGGCGAGGAATTTGTATCTATCAATTACTATTCCAGTTGTCAGTTTACATTGCTTACCCTCTATTATCACATCAAAACAATATCGGCCCC,ATGGTGAGCAAGGGCGAGGAGCTGTTCACCGGGGTGGTGCCCATCCTGGTC,test,RPL8A,10.3242524584325,-0.02831878885626793
RPL8A_704,CCGACGCAAACAAATTGGAAAAACCAACGCAAAAAAAAAAAGACGCTAAATTGTTTATAAAGGCGAGGAATTTGTATCTATCAATTACTATTCCAGTTGTCAGTTTACATTGCTTACCCTCTATTATCACATCAAAACAACAAAGGCCCC,ATGGTGAGCAAGGGCGAGGAGCTGTTCACCGGGGTGGTGCCCATCCTGGTC,test,RPL8A,10.6758295907191,-0.0909648910164833
RPL8A_705,CCGACGCAAACAAATTGGAAAAACCAACGCAAAAAAAAAAAGACGCTAAATTGTTTATAAAGGCGAGGAATTTGTATCTATCAATTACTATTCCAGTTGTCAGTTTACATTGCTTACCCTCTATTATCACATCAAAACAAAAAAGGCCCC,ATGGTGAGCAAGGGCGAGGAGCTGTTCACCGGGGTGGTGCCCATCCTGGTC,test,RPL8A,9.28566146281774,-0.2226637899875641
RPL8A_706,CCGACGCAAACAAATTGGAAAAACCAACGCAAAAAAAAAAAGACGCTAAATTGTTTATAAAGGCGAGGAATTTGTATCTATCAATTACTATTCCAGTTGTCAGTTTACATTGCTTACCCTCTATTATCACATCAAAACAACCTGCGCCCC,ATGGTGAGCAAGGGCGAGGAGCTGTTCACCGGGGTGGTGCCCATCCTGGTC,test,RPL8A,8.78361490063959,-0.08248545974493027
RPL8A_707,CCGACGCAAACAAATTGGAAAAACCAACGCAAAAAAAAAAAGACGCTAAATTGTTTATAAAGGCGAGGAATTTGTATCTATCAATTACTATTCCAGTTGTCAGTTTACATTGCTTACCCTCTATTATCACATCAAAACAAACCCAGCCCC,ATGGTGAGCAAGGGCGAGGAGCTGTTCACCGGGGTGGTGCCCATCCTGGTC,test,RPL8A,9.31820210899918,-0.2655513882637024
RPL8A_708,CCGACGCAAACAAATTGGAAAAACCAACGCAAAAAAAAAAAGACGCTAAATTGTTTATAAAGGCGAGGAATTTGTATCTATCAATTACTATTCCAGTTGTCAGTTTACATTGCTTACCCTCTATTATCACATCAAAACAACCACAGCCCC,ATGGTGAGCAAGGGCGAGGAGCTGTTCACCGGGGTGGTGCCCATCCTGGTC,test,RPL8A,6.76301501535755,-0.22606858611106873
RPL8A_709,CCGACGCAAACAAATTGGAAAAACCAACGCAAAAAAAAAAAGACGCTAAATTGTTTATAAAGGCGAGGAATTTGTATCTATCAATTACTATTCCAGTTGTCAGTTTACATTGCTTACCCTCTATTATCACATCAAAACAACCAAAGCCCC,ATGGTGAGCAAGGGCGAGGAGCTGTTCACCGGGGTGGTGCCCATCCTGGTC,test,RPL8A,7.98514033077443,-0.21556195616722107
RPL8A_710,CCGACGCAAACAAATTGGAAAAACCAACGCAAAAAAAAAAAGACGCTAAATTGTTTATAAAGGCGAGGAATTTGTATCTATCAATTACTATTCCAGTTGTCAGTTTACATTGCTTACCCTCTATTATCACATCAAAACAAATTGTCCCCC,ATGGTGAGCAAGGGCGAGGAGCTGTTCACCGGGGTGGTGCCCATCCTGGTC,test,RPL8A,10.9480275763402,-0.02709212526679039
RPL8A_711,CCGACGCAAACAAATTGGAAAAACCAACGCAAAAAAAAAAAGACGCTAAATTGTTTATAAAGGCGAGGAATTTGTATCTATCAATTACTATTCCAGTTGTCAGTTTACATTGCTTACCCTCTATTATCACATCAAAACAAACCTGCCCCC,ATGGTGAGCAAGGGCGAGGAGCTGTTCACCGGGGTGGTGCCCATCCTGGTC,test,RPL8A,10.3654100228317,-0.07827919721603394
RPL8A_712,CCGACGCAAACAAATTGGAAAAACCAACGCAAAAAAAAAAAGACGCTAAATTGTTTATAAAGGCGAGGAATTTGTATCTATCAATTACTATTCCAGTTGTCAGTTTACATTGCTTACCCTCTATTATCACATCAAAACAAAACGGCCCCC,ATGGTGAGCAAGGGCGAGGAGCTGTTCACCGGGGTGGTGCCCATCCTGGTC,test,RPL8A,8.53992620763817,-0.10275446623563766
RPL8A_713,CCGACGCAAACAAATTGGAAAAACCAACGCAAAAAAAAAAAGACGCTAAATTGTTTATAAAGGCGAGGAATTTGTATCTATCAATTACTATTCCAGTTGTCAGTTTACATTGCTTACCCTCTATTATCACATCAAAACAACACAGCCCCC,ATGGTGAGCAAGGGCGAGGAGCTGTTCACCGGGGTGGTGCCCATCCTGGTC,test,RPL8A,8.39927682624183,-0.17147952318191528
RPL8A_714,CCGACGCAAACAAATTGGAAAAACCAACGCAAAAAAAAAAAGACGCTAAATTGTTTATAAAGGCGAGGAATTTGTATCTATCAATTACTATTCCAGTTGTCAGTTTACATTGCTTACCCTCTATTATCACATCAAAACAACAAGCCCCCC,ATGGTGAGCAAGGGCGAGGAGCTGTTCACCGGGGTGGTGCCCATCCTGGTC,test,RPL8A,11.7225987027223,-0.06130518764257431
RPL8A_715,CCGACGCAAACAAATTGGAAAAACCAACGCAAAAAAAAAAAGACGCTAAATTGTTTATAAAGGCGAGGAATTTGTATCTATCAATTACTATTCCAGTTGTCAGTTTACATTGCTTACCCTCTATTATCACATCAAAACAACAACCCCCCC,ATGGTGAGCAAGGGCGAGGAGCTGTTCACCGGGGTGGTGCCCATCCTGGTC,test,RPL8A,6.83556582142313,-0.11704803258180618
RPL8A_716,CCGACGCAAACAAATTGGAAAAACCAACGCAAAAAAAAAAAGACGCTAAATTGTTTATAAAGGCGAGGAATTTGTATCTATCAATTACTATTCCAGTTGTCAGTTTACATTGCTTACCCTCTATTATCACATCAAAACAAAAACCCCCCC,ATGGTGAGCAAGGGCGAGGAGCTGTTCACCGGGGTGGTGCCCATCCTGGTC,test,RPL8A,9.15453646198864,-0.18663468956947327
RPL8A_717,CCGACGCAAACAAATTGGAAAAACCAACGCAAAAAAAAAAAGACGCTAAATTGTTTATAAAGGCGAGGAATTTGTATCTATCAATTACTATTCCAGTTGTCAGTTTACATTGCTTACCCTCTATTATCACATCAAAACAAAGCACCCCCC,ATGGTGAGCAAGGGCGAGGAGCTGTTCACCGGGGTGGTGCCCATCCTGGTC,test,RPL8A,8.89245174022704,-0.10041219741106033
RPL8A_718,CCGACGCAAACAAATTGGAAAAACCAACGCAAAAAAAAAAAGACGCTAAATTGTTTATAAAGGCGAGGAATTTGTATCTATCAATTACTATTCCAGTTGTCAGTTTACATTGCTTACCCTCTATTATCACATCAAAACAAAAAACCCCCC,ATGGTGAGCAAGGGCGAGGAGCTGTTCACCGGGGTGGTGCCCATCCTGGTC,test,RPL8A,10.3935087112612,-0.19199475646018982
RPL8A_719,CCGACGCAAACAAATTGGAAAAACCAACGCAAAAAAAAAAAGACGCTAAATTGTTTATAAAGGCGAGGAATTTGTATCTATCAATTACTATTCCAGTTGTCAGTTTACATTGCTTACCCTCTATTATCACATCAAAACAAAAACACCCCC,ATGGTGAGCAAGGGCGAGGAGCTGTTCACCGGGGTGGTGCCCATCCTGGTC,test,RPL8A,6.9512811325138,-0.18110156059265137
RPL8A_720,CCGACGCAAACAAATTGGAAAAACCAACGCAAAAAAAAAAAGACGCTAAATTGTTTATAAAGGCGAGGAATTTGTATCTATCAATTACTATTCCAGTTGTCAGTTTACATTGCTTACCCTCTATTATCACATCAAAACAATCCAACCCCC,ATGGTGAGCAAGGGCGAGGAGCTGTTCACCGGGGTGGTGCCCATCCTGGTC,test,RPL8A,9.26165098926077,-0.08670739084482193
RPL8A_721,CCGACGCAAACAAATTGGAAAAACCAACGCAAAAAAAAAAAGACGCTAAATTGTTTATAAAGGCGAGGAATTTGTATCTATCAATTACTATTCCAGTTGTCAGTTTACATTGCTTACCCTCTATTATCACATCAAAACAACACAACCCCC,ATGGTGAGCAAGGGCGAGGAGCTGTTCACCGGGGTGGTGCCCATCCTGGTC,test,RPL8A,7.32002190162646,-0.2189851701259613
RPL8A_722,CCGACGCAAACAAATTGGAAAAACCAACGCAAAAAAAAAAAGACGCTAAATTGTTTATAAAGGCGAGGAATTTGTATCTATCAATTACTATTCCAGTTGTCAGTTTACATTGCTTACCCTCTATTATCACATCAAAACAACCAAACCCCC,ATGGTGAGCAAGGGCGAGGAGCTGTTCACCGGGGTGGTGCCCATCCTGGTC,test,RPL8A,7.50082111168902,-0.18882346153259277
RPL8A_723,CCGACGCAAACAAATTGGAAAAACCAACGCAAAAAAAAAAAGACGCTAAATTGTTTATAAAGGCGAGGAATTTGTATCTATCAATTACTATTCCAGTTGTCAGTTTACATTGCTTACCCTCTATTATCACATCAAAACAAAAATTACCCC,ATGGTGAGCAAGGGCGAGGAGCTGTTCACCGGGGTGGTGCCCATCCTGGTC,test,RPL8A,10.1613369773646,-0.21921414136886597
RPL8A_724,CCGACGCAAACAAATTGGAAAAACCAACGCAAAAAAAAAAAGACGCTAAATTGTTTATAAAGGCGAGGAATTTGTATCTATCAATTACTATTCCAGTTGTCAGTTTACATTGCTTACCCTCTATTATCACATCAAAACAACGACGACCCC,ATGGTGAGCAAGGGCGAGGAGCTGTTCACCGGGGTGGTGCCCATCCTGGTC,test,RPL8A,5.25068160005586,0.004334654659032822
RPL8A_725,CCGACGCAAACAAATTGGAAAAACCAACGCAAAAAAAAAAAGACGCTAAATTGTTTATAAAGGCGAGGAATTTGTATCTATCAATTACTATTCCAGTTGTCAGTTTACATTGCTTACCCTCTATTATCACATCAAAACAATACAGACCCC,ATGGTGAGCAAGGGCGAGGAGCTGTTCACCGGGGTGGTGCCCATCCTGGTC,test,RPL8A,8.52752290422877,-0.0720062330365181
RPL8A_726,CCGACGCAAACAAATTGGAAAAACCAACGCAAAAAAAAAAAGACGCTAAATTGTTTATAAAGGCGAGGAATTTGTATCTATCAATTACTATTCCAGTTGTCAGTTTACATTGCTTACCCTCTATTATCACATCAAAACAACACAGACCCC,ATGGTGAGCAAGGGCGAGGAGCTGTTCACCGGGGTGGTGCCCATCCTGGTC,test,RPL8A,5.89311517525338,-0.2709190249443054
RPL8A_727,CCGACGCAAACAAATTGGAAAAACCAACGCAAAAAAAAAAAGACGCTAAATTGTTTATAAAGGCGAGGAATTTGTATCTATCAATTACTATTCCAGTTGTCAGTTTACATTGCTTACCCTCTATTATCACATCAAAACAAACAAGACCCC,ATGGTGAGCAAGGGCGAGGAGCTGTTCACCGGGGTGGTGCCCATCCTGGTC,test,RPL8A,3.1553395832055,-0.16270142793655396
RPL8A_728,CCGACGCAAACAAATTGGAAAAACCAACGCAAAAAAAAAAAGACGCTAAATTGTTTATAAAGGCGAGGAATTTGTATCTATCAATTACTATTCCAGTTGTCAGTTTACATTGCTTACCCTCTATTATCACATCAAAACAACAGGCACCCC,ATGGTGAGCAAGGGCGAGGAGCTGTTCACCGGGGTGGTGCCCATCCTGGTC,test,RPL8A,4.7468701289202,-0.06973717361688614
RPL8A_729,CCGACGCAAACAAATTGGAAAAACCAACGCAAAAAAAAAAAGACGCTAAATTGTTTATAAAGGCGAGGAATTTGTATCTATCAATTACTATTCCAGTTGTCAGTTTACATTGCTTACCCTCTATTATCACATCAAAACAAGACGCACCCC,ATGGTGAGCAAGGGCGAGGAGCTGTTCACCGGGGTGGTGCCCATCCTGGTC,test,RPL8A,2.0732528892735,-0.07891122251749039
RPL8A_730,CCGACGCAAACAAATTGGAAAAACCAACGCAAAAAAAAAAAGACGCTAAATTGTTTATAAAGGCGAGGAATTTGTATCTATCAATTACTATTCCAGTTGTCAGTTTACATTGCTTACCCTCTATTATCACATCAAAACAATATCCACCCC,ATGGTGAGCAAGGGCGAGGAGCTGTTCACCGGGGTGGTGCCCATCCTGGTC,test,RPL8A,7.8504290006967,-0.07268667966127396
RPL8A_731,CCGACGCAAACAAATTGGAAAAACCAACGCAAAAAAAAAAAGACGCTAAATTGTTTATAAAGGCGAGGAATTTGTATCTATCAATTACTATTCCAGTTGTCAGTTTACATTGCTTACCCTCTATTATCACATCAAAACAAAACCCACCCC,ATGGTGAGCAAGGGCGAGGAGCTGTTCACCGGGGTGGTGCCCATCCTGGTC,test,RPL8A,8.45570345622133,-0.19444331526756287
RPL8A_732,CCGACGCAAACAAATTGGAAAAACCAACGCAAAAAAAAAAAGACGCTAAATTGTTTATAAAGGCGAGGAATTTGTATCTATCAATTACTATTCCAGTTGTCAGTTTACATTGCTTACCCTCTATTATCACATCAAAACAAAGACCACCCC,ATGGTGAGCAAGGGCGAGGAGCTGTTCACCGGGGTGGTGCCCATCCTGGTC,test,RPL8A,5.06845873786445,-0.13344046473503113
RPL8A_733,CCGACGCAAACAAATTGGAAAAACCAACGCAAAAAAAAAAAGACGCTAAATTGTTTATAAAGGCGAGGAATTTGTATCTATCAATTACTATTCCAGTTGTCAGTTTACATTGCTTACCCTCTATTATCACATCAAAACAACCACCACCCC,ATGGTGAGCAAGGGCGAGGAGCTGTTCACCGGGGTGGTGCCCATCCTGGTC,test,RPL8A,3.85555755183901,-0.10571134835481644
RPL8A_734,CCGACGCAAACAAATTGGAAAAACCAACGCAAAAAAAAAAAGACGCTAAATTGTTTATAAAGGCGAGGAATTTGTATCTATCAATTACTATTCCAGTTGTCAGTTTACATTGCTTACCCTCTATTATCACATCAAAACAAAACACACCCC,ATGGTGAGCAAGGGCGAGGAGCTGTTCACCGGGGTGGTGCCCATCCTGGTC,test,RPL8A,5.74780975630492,-0.2003445029258728
RPL8A_735,CCGACGCAAACAAATTGGAAAAACCAACGCAAAAAAAAAAAGACGCTAAATTGTTTATAAAGGCGAGGAATTTGTATCTATCAATTACTATTCCAGTTGTCAGTTTACATTGCTTACCCTCTATTATCACATCAAAACAACTAACACCCC,ATGGTGAGCAAGGGCGAGGAGCTGTTCACCGGGGTGGTGCCCATCCTGGTC,test,RPL8A,6.16524356490369,-0.06607826799154282
RPL8A_736,CCGACGCAAACAAATTGGAAAAACCAACGCAAAAAAAAAAAGACGCTAAATTGTTTATAAAGGCGAGGAATTTGTATCTATCAATTACTATTCCAGTTGTCAGTTTACATTGCTTACCCTCTATTATCACATCAAAACAAATATAACCCC,ATGGTGAGCAAGGGCGAGGAGCTGTTCACCGGGGTGGTGCCCATCCTGGTC,test,RPL8A,9.2459469455293,-0.11865905672311783
RPL8A_737,CCGACGCAAACAAATTGGAAAAACCAACGCAAAAAAAAAAAGACGCTAAATTGTTTATAAAGGCGAGGAATTTGTATCTATCAATTACTATTCCAGTTGTCAGTTTACATTGCTTACCCTCTATTATCACATCAAAACAATACCAACCCC,ATGGTGAGCAAGGGCGAGGAGCTGTTCACCGGGGTGGTGCCCATCCTGGTC,test,RPL8A,6.82868108886654,-0.2811861038208008
RPL8A_738,CCGACGCAAACAAATTGGAAAAACCAACGCAAAAAAAAAAAGACGCTAAATTGTTTATAAAGGCGAGGAATTTGTATCTATCAATTACTATTCCAGTTGTCAGTTTACATTGCTTACCCTCTATTATCACATCAAAACAACATAAACCCC,ATGGTGAGCAAGGGCGAGGAGCTGTTCACCGGGGTGGTGCCCATCCTGGTC,test,RPL8A,8.77925570034419,-0.16819807887077332
RPL8A_739,CCGACGCAAACAAATTGGAAAAACCAACGCAAAAAAAAAAAGACGCTAAATTGTTTATAAAGGCGAGGAATTTGTATCTATCAATTACTATTCCAGTTGTCAGTTTACATTGCTTACCCTCTATTATCACATCAAAACAACCGAAACCCC,ATGGTGAGCAAGGGCGAGGAGCTGTTCACCGGGGTGGTGCCCATCCTGGTC,test,RPL8A,5.77169020873937,-0.26841139793395996
RPL8A_740,CCGACGCAAACAAATTGGAAAAACCAACGCAAAAAAAAAAAGACGCTAAATTGTTTATAAAGGCGAGGAATTTGTATCTATCAATTACTATTCCAGTTGTCAGTTTACATTGCTTACCCTCTATTATCACATCAAAACAAGAAAAACCCC,ATGGTGAGCAAGGGCGAGGAGCTGTTCACCGGGGTGGTGCCCATCCTGGTC,test,RPL8A,9.77391822675272,-0.1885542869567871
RPL8A_741,CCGACGCAAACAAATTGGAAAAACCAACGCAAAAAAAAAAAGACGCTAAATTGTTTATAAAGGCGAGGAATTTGTATCTATCAATTACTATTCCAGTTGTCAGTTTACATTGCTTACCCTCTATTATCACATCAAAACAAAACAGTACCC,ATGGTGAGCAAGGGCGAGGAGCTGTTCACCGGGGTGGTGCCCATCCTGGTC,test,RPL8A,9.53313037090945,-0.16733738780021667
RPL8A_742,CCGACGCAAACAAATTGGAAAAACCAACGCAAAAAAAAAAAGACGCTAAATTGTTTATAAAGGCGAGGAATTTGTATCTATCAATTACTATTCCAGTTGTCAGTTTACATTGCTTACCCTCTATTATCACATCAAAACAAAAAAGTACCC,ATGGTGAGCAAGGGCGAGGAGCTGTTCACCGGGGTGGTGCCCATCCTGGTC,test,RPL8A,11.1270589670115,-0.19189190864562988
RPL8A_743,CCGACGCAAACAAATTGGAAAAACCAACGCAAAAAAAAAAAGACGCTAAATTGTTTATAAAGGCGAGGAATTTGTATCTATCAATTACTATTCCAGTTGTCAGTTTACATTGCTTACCCTCTATTATCACATCAAAACAAAAATATACCC,ATGGTGAGCAAGGGCGAGGAGCTGTTCACCGGGGTGGTGCCCATCCTGGTC,test,RPL8A,10.3212184839552,-0.2240796983242035
RPL8A_744,CCGACGCAAACAAATTGGAAAAACCAACGCAAAAAAAAAAAGACGCTAAATTGTTTATAAAGGCGAGGAATTTGTATCTATCAATTACTATTCCAGTTGTCAGTTTACATTGCTTACCCTCTATTATCACATCAAAACAACGACATACCC,ATGGTGAGCAAGGGCGAGGAGCTGTTCACCGGGGTGGTGCCCATCCTGGTC,test,RPL8A,4.2507424208628,-0.1333259642124176
RPL8A_745,CCGACGCAAACAAATTGGAAAAACCAACGCAAAAAAAAAAAGACGCTAAATTGTTTATAAAGGCGAGGAATTTGTATCTATCAATTACTATTCCAGTTGTCAGTTTACATTGCTTACCCTCTATTATCACATCAAAACAACAAGGGACCC,ATGGTGAGCAAGGGCGAGGAGCTGTTCACCGGGGTGGTGCCCATCCTGGTC,test,RPL8A,4.33439947240662,-0.11613891273736954
RPL8A_746,CCGACGCAAACAAATTGGAAAAACCAACGCAAAAAAAAAAAGACGCTAAATTGTTTATAAAGGCGAGGAATTTGTATCTATCAATTACTATTCCAGTTGTCAGTTTACATTGCTTACCCTCTATTATCACATCAAAACAACATGCGACCC,ATGGTGAGCAAGGGCGAGGAGCTGTTCACCGGGGTGGTGCCCATCCTGGTC,test,RPL8A,7.67775306540638,-0.40439337491989136
RPL8A_747,CCGACGCAAACAAATTGGAAAAACCAACGCAAAAAAAAAAAGACGCTAAATTGTTTATAAAGGCGAGGAATTTGTATCTATCAATTACTATTCCAGTTGTCAGTTTACATTGCTTACCCTCTATTATCACATCAAAACAACCACCGACCC,ATGGTGAGCAAGGGCGAGGAGCTGTTCACCGGGGTGGTGCCCATCCTGGTC,test,RPL8A,3.70969446876287,-0.4619649052619934
RPL8A_748,CCGACGCAAACAAATTGGAAAAACCAACGCAAAAAAAAAAAGACGCTAAATTGTTTATAAAGGCGAGGAATTTGTATCTATCAATTACTATTCCAGTTGTCAGTTTACATTGCTTACCCTCTATTATCACATCAAAACAATCCACGACCC,ATGGTGAGCAAGGGCGAGGAGCTGTTCACCGGGGTGGTGCCCATCCTGGTC,test,RPL8A,8.62577179251512,-0.08309605717658997
RPL8A_749,CCGACGCAAACAAATTGGAAAAACCAACGCAAAAAAAAAAAGACGCTAAATTGTTTATAAAGGCGAGGAATTTGTATCTATCAATTACTATTCCAGTTGTCAGTTTACATTGCTTACCCTCTATTATCACATCAAAACAACAAAAGACCC,ATGGTGAGCAAGGGCGAGGAGCTGTTCACCGGGGTGGTGCCCATCCTGGTC,test,RPL8A,7.56310174862245,-0.280364990234375
RPL8A_750,CCGACGCAAACAAATTGGAAAAACCAACGCAAAAAAAAAAAGACGCTAAATTGTTTATAAAGGCGAGGAATTTGTATCTATCAATTACTATTCCAGTTGTCAGTTTACATTGCTTACCCTCTATTATCACATCAAAACAATCCATCACCC,ATGGTGAGCAAGGGCGAGGAGCTGTTCACCGGGGTGGTGCCCATCCTGGTC,test,RPL8A,6.22436056429689,-0.08116814494132996
RPL8A_751,CCGACGCAAACAAATTGGAAAAACCAACGCAAAAAAAAAAAGACGCTAAATTGTTTATAAAGGCGAGGAATTTGTATCTATCAATTACTATTCCAGTTGTCAGTTTACATTGCTTACCCTCTATTATCACATCAAAACAAACACGCACCC,ATGGTGAGCAAGGGCGAGGAGCTGTTCACCGGGGTGGTGCCCATCCTGGTC,test,RPL8A,7.77496939414135,-0.17060327529907227
RPL8A_752,CCGACGCAAACAAATTGGAAAAACCAACGCAAAAAAAAAAAGACGCTAAATTGTTTATAAAGGCGAGGAATTTGTATCTATCAATTACTATTCCAGTTGTCAGTTTACATTGCTTACCCTCTATTATCACATCAAAACAACACAGCACCC,ATGGTGAGCAAGGGCGAGGAGCTGTTCACCGGGGTGGTGCCCATCCTGGTC,test,RPL8A,5.70219082045034,-0.12653478980064392
RPL8A_753,CCGACGCAAACAAATTGGAAAAACCAACGCAAAAAAAAAAAGACGCTAAATTGTTTATAAAGGCGAGGAATTTGTATCTATCAATTACTATTCCAGTTGTCAGTTTACATTGCTTACCCTCTATTATCACATCAAAACAATCAACCACCC,ATGGTGAGCAAGGGCGAGGAGCTGTTCACCGGGGTGGTGCCCATCCTGGTC,test,RPL8A,7.12652652172939,0.00564933754503727
RPL8A_754,CCGACGCAAACAAATTGGAAAAACCAACGCAAAAAAAAAAAGACGCTAAATTGTTTATAAAGGCGAGGAATTTGTATCTATCAATTACTATTCCAGTTGTCAGTTTACATTGCTTACCCTCTATTATCACATCAAAACAAAAAACCACCC,ATGGTGAGCAAGGGCGAGGAGCTGTTCACCGGGGTGGTGCCCATCCTGGTC,test,RPL8A,9.55486447830127,-0.19871118664741516
RPL8A_755,CCGACGCAAACAAATTGGAAAAACCAACGCAAAAAAAAAAAGACGCTAAATTGTTTATAAAGGCGAGGAATTTGTATCTATCAATTACTATTCCAGTTGTCAGTTTACATTGCTTACCCTCTATTATCACATCAAAACAACCTTACACCC,ATGGTGAGCAAGGGCGAGGAGCTGTTCACCGGGGTGGTGCCCATCCTGGTC,test,RPL8A,5.10485500697027,-0.05081303417682648
RPL8A_756,CCGACGCAAACAAATTGGAAAAACCAACGCAAAAAAAAAAAGACGCTAAATTGTTTATAAAGGCGAGGAATTTGTATCTATCAATTACTATTCCAGTTGTCAGTTTACATTGCTTACCCTCTATTATCACATCAAAACAACTCAACACCC,ATGGTGAGCAAGGGCGAGGAGCTGTTCACCGGGGTGGTGCCCATCCTGGTC,test,RPL8A,5.56554637927341,-0.1438884437084198
RPL8A_757,CCGACGCAAACAAATTGGAAAAACCAACGCAAAAAAAAAAAGACGCTAAATTGTTTATAAAGGCGAGGAATTTGTATCTATCAATTACTATTCCAGTTGTCAGTTTACATTGCTTACCCTCTATTATCACATCAAAACAACCCCTAACCC,ATGGTGAGCAAGGGCGAGGAGCTGTTCACCGGGGTGGTGCCCATCCTGGTC,test,RPL8A,8.30482273746091,-0.26511773467063904
RPL8A_758,CCGACGCAAACAAATTGGAAAAACCAACGCAAAAAAAAAAAGACGCTAAATTGTTTATAAAGGCGAGGAATTTGTATCTATCAATTACTATTCCAGTTGTCAGTTTACATTGCTTACCCTCTATTATCACATCAAAACAACTCAGAACCC,ATGGTGAGCAAGGGCGAGGAGCTGTTCACCGGGGTGGTGCCCATCCTGGTC,test,RPL8A,10.3716866624249,0.27324947714805603
RPL8A_759,CCGACGCAAACAAATTGGAAAAACCAACGCAAAAAAAAAAAGACGCTAAATTGTTTATAAAGGCGAGGAATTTGTATCTATCAATTACTATTCCAGTTGTCAGTTTACATTGCTTACCCTCTATTATCACATCAAAACAAACAAGAACCC,ATGGTGAGCAAGGGCGAGGAGCTGTTCACCGGGGTGGTGCCCATCCTGGTC,test,RPL8A,11.3415092522218,-0.0026621613651514053
RPL8A_760,CCGACGCAAACAAATTGGAAAAACCAACGCAAAAAAAAAAAGACGCTAAATTGTTTATAAAGGCGAGGAATTTGTATCTATCAATTACTATTCCAGTTGTCAGTTTACATTGCTTACCCTCTATTATCACATCAAAACAATCCCCAACCC,ATGGTGAGCAAGGGCGAGGAGCTGTTCACCGGGGTGGTGCCCATCCTGGTC,test,RPL8A,7.62365503333169,-0.2817939519882202
RPL8A_761,CCGACGCAAACAAATTGGAAAAACCAACGCAAAAAAAAAAAGACGCTAAATTGTTTATAAAGGCGAGGAATTTGTATCTATCAATTACTATTCCAGTTGTCAGTTTACATTGCTTACCCTCTATTATCACATCAAAACAACACCCAACCC,ATGGTGAGCAAGGGCGAGGAGCTGTTCACCGGGGTGGTGCCCATCCTGGTC,test,RPL8A,4.45183514483034,-0.38063305616378784
RPL8A_762,CCGACGCAAACAAATTGGAAAAACCAACGCAAAAAAAAAAAGACGCTAAATTGTTTATAAAGGCGAGGAATTTGTATCTATCAATTACTATTCCAGTTGTCAGTTTACATTGCTTACCCTCTATTATCACATCAAAACAAACAACAACCC,ATGGTGAGCAAGGGCGAGGAGCTGTTCACCGGGGTGGTGCCCATCCTGGTC,test,RPL8A,7.0507811280918,-0.16833829879760742
RPL8A_763,CCGACGCAAACAAATTGGAAAAACCAACGCAAAAAAAAAAAGACGCTAAATTGTTTATAAAGGCGAGGAATTTGTATCTATCAATTACTATTCCAGTTGTCAGTTTACATTGCTTACCCTCTATTATCACATCAAAACAAAAAACAACCC,ATGGTGAGCAAGGGCGAGGAGCTGTTCACCGGGGTGGTGCCCATCCTGGTC,test,RPL8A,6.98620861743259,-0.41837257146835327
RPL8A_764,CCGACGCAAACAAATTGGAAAAACCAACGCAAAAAAAAAAAGACGCTAAATTGTTTATAAAGGCGAGGAATTTGTATCTATCAATTACTATTCCAGTTGTCAGTTTACATTGCTTACCCTCTATTATCACATCAAAACAACCTCAAACCC,ATGGTGAGCAAGGGCGAGGAGCTGTTCACCGGGGTGGTGCCCATCCTGGTC,test,RPL8A,7.76567763069478,-0.24210095405578613
RPL8A_765,CCGACGCAAACAAATTGGAAAAACCAACGCAAAAAAAAAAAGACGCTAAATTGTTTATAAAGGCGAGGAATTTGTATCTATCAATTACTATTCCAGTTGTCAGTTTACATTGCTTACCCTCTATTATCACATCAAAACAAGTCCAAACCC,ATGGTGAGCAAGGGCGAGGAGCTGTTCACCGGGGTGGTGCCCATCCTGGTC,test,RPL8A,10.0826677632501,-0.40315648913383484
RPL8A_766,CCGACGCAAACAAATTGGAAAAACCAACGCAAAAAAAAAAAGACGCTAAATTGTTTATAAAGGCGAGGAATTTGTATCTATCAATTACTATTCCAGTTGTCAGTTTACATTGCTTACCCTCTATTATCACATCAAAACAACAACAAACCC,ATGGTGAGCAAGGGCGAGGAGCTGTTCACCGGGGTGGTGCCCATCCTGGTC,test,RPL8A,7.95438785018273,-0.23094215989112854
RPL8A_767,CCGACGCAAACAAATTGGAAAAACCAACGCAAAAAAAAAAAGACGCTAAATTGTTTATAAAGGCGAGGAATTTGTATCTATCAATTACTATTCCAGTTGTCAGTTTACATTGCTTACCCTCTATTATCACATCAAAACAACGGAAAACCC,ATGGTGAGCAAGGGCGAGGAGCTGTTCACCGGGGTGGTGCCCATCCTGGTC,test,RPL8A,9.58363445625332,-0.3291721045970917
RPL8A_768,CCGACGCAAACAAATTGGAAAAACCAACGCAAAAAAAAAAAGACGCTAAATTGTTTATAAAGGCGAGGAATTTGTATCTATCAATTACTATTCCAGTTGTCAGTTTACATTGCTTACCCTCTATTATCACATCAAAACAAAACAAAACCC,ATGGTGAGCAAGGGCGAGGAGCTGTTCACCGGGGTGGTGCCCATCCTGGTC,test,RPL8A,10.0255739449998,-0.3706415593624115
RPL8A_769,CCGACGCAAACAAATTGGAAAAACCAACGCAAAAAAAAAAAGACGCTAAATTGTTTATAAAGGCGAGGAATTTGTATCTATCAATTACTATTCCAGTTGTCAGTTTACATTGCTTACCCTCTATTATCACATCAAAACAAAACTGCTACC,ATGGTGAGCAAGGGCGAGGAGCTGTTCACCGGGGTGGTGCCCATCCTGGTC,test,RPL8A,11.4760725467228,-0.2671796679496765
RPL8A_770,CCGACGCAAACAAATTGGAAAAACCAACGCAAAAAAAAAAAGACGCTAAATTGTTTATAAAGGCGAGGAATTTGTATCTATCAATTACTATTCCAGTTGTCAGTTTACATTGCTTACCCTCTATTATCACATCAAAACAAAGCGGCTACC,ATGGTGAGCAAGGGCGAGGAGCTGTTCACCGGGGTGGTGCCCATCCTGGTC,test,RPL8A,9.77567484023327,-0.17028945684432983
RPL8A_771,CCGACGCAAACAAATTGGAAAAACCAACGCAAAAAAAAAAAGACGCTAAATTGTTTATAAAGGCGAGGAATTTGTATCTATCAATTACTATTCCAGTTGTCAGTTTACATTGCTTACCCTCTATTATCACATCAAAACAACACAACTACC,ATGGTGAGCAAGGGCGAGGAGCTGTTCACCGGGGTGGTGCCCATCCTGGTC,test,RPL8A,8.90068869798006,-0.06349468231201172
RPL8A_772,CCGACGCAAACAAATTGGAAAAACCAACGCAAAAAAAAAAAGACGCTAAATTGTTTATAAAGGCGAGGAATTTGTATCTATCAATTACTATTCCAGTTGTCAGTTTACATTGCTTACCCTCTATTATCACATCAAAACAAGCCGTATACC,ATGGTGAGCAAGGGCGAGGAGCTGTTCACCGGGGTGGTGCCCATCCTGGTC,test,RPL8A,10.5804679754041,-0.31506794691085815
RPL8A_773,CCGACGCAAACAAATTGGAAAAACCAACGCAAAAAAAAAAAGACGCTAAATTGTTTATAAAGGCGAGGAATTTGTATCTATCAATTACTATTCCAGTTGTCAGTTTACATTGCTTACCCTCTATTATCACATCAAAACAAGTTAGATACC,ATGGTGAGCAAGGGCGAGGAGCTGTTCACCGGGGTGGTGCCCATCCTGGTC,test,RPL8A,10.5710043537812,-0.015689626336097717
RPL8A_774,CCGACGCAAACAAATTGGAAAAACCAACGCAAAAAAAAAAAGACGCTAAATTGTTTATAAAGGCGAGGAATTTGTATCTATCAATTACTATTCCAGTTGTCAGTTTACATTGCTTACCCTCTATTATCACATCAAAACAACACGAATACC,ATGGTGAGCAAGGGCGAGGAGCTGTTCACCGGGGTGGTGCCCATCCTGGTC,test,RPL8A,9.91917739203251,-0.2177751064300537
RPL8A_775,CCGACGCAAACAAATTGGAAAAACCAACGCAAAAAAAAAAAGACGCTAAATTGTTTATAAAGGCGAGGAATTTGTATCTATCAATTACTATTCCAGTTGTCAGTTTACATTGCTTACCCTCTATTATCACATCAAAACAAAAGCAATACC,ATGGTGAGCAAGGGCGAGGAGCTGTTCACCGGGGTGGTGCCCATCCTGGTC,test,RPL8A,7.94823768004279,-0.47844135761260986
RPL8A_776,CCGACGCAAACAAATTGGAAAAACCAACGCAAAAAAAAAAAGACGCTAAATTGTTTATAAAGGCGAGGAATTTGTATCTATCAATTACTATTCCAGTTGTCAGTTTACATTGCTTACCCTCTATTATCACATCAAAACAAACACAATACC,ATGGTGAGCAAGGGCGAGGAGCTGTTCACCGGGGTGGTGCCCATCCTGGTC,test,RPL8A,8.95164250362853,-0.33548182249069214
RPL8A_777,CCGACGCAAACAAATTGGAAAAACCAACGCAAAAAAAAAAAGACGCTAAATTGTTTATAAAGGCGAGGAATTTGTATCTATCAATTACTATTCCAGTTGTCAGTTTACATTGCTTACCCTCTATTATCACATCAAAACAATAACAATACC,ATGGTGAGCAAGGGCGAGGAGCTGTTCACCGGGGTGGTGCCCATCCTGGTC,test,RPL8A,8.48232569842481,-0.03339642658829689
RPL8A_778,CCGACGCAAACAAATTGGAAAAACCAACGCAAAAAAAAAAAGACGCTAAATTGTTTATAAAGGCGAGGAATTTGTATCTATCAATTACTATTCCAGTTGTCAGTTTACATTGCTTACCCTCTATTATCACATCAAAACAAAACAAATACC,ATGGTGAGCAAGGGCGAGGAGCTGTTCACCGGGGTGGTGCCCATCCTGGTC,test,RPL8A,10.5145488938671,-0.16265371441841125
RPL8A_779,CCGACGCAAACAAATTGGAAAAACCAACGCAAAAAAAAAAAGACGCTAAATTGTTTATAAAGGCGAGGAATTTGTATCTATCAATTACTATTCCAGTTGTCAGTTTACATTGCTTACCCTCTATTATCACATCAAAACAACCCATTGACC,ATGGTGAGCAAGGGCGAGGAGCTGTTCACCGGGGTGGTGCCCATCCTGGTC,test,RPL8A,8.51597521594908,-0.25029221177101135
RPL8A_780,CCGACGCAAACAAATTGGAAAAACCAACGCAAAAAAAAAAAGACGCTAAATTGTTTATAAAGGCGAGGAATTTGTATCTATCAATTACTATTCCAGTTGTCAGTTTACATTGCTTACCCTCTATTATCACATCAAAACAAAAGACTGACC,ATGGTGAGCAAGGGCGAGGAGCTGTTCACCGGGGTGGTGCCCATCCTGGTC,test,RPL8A,8.56957169333117,-0.3605073094367981
RPL8A_781,CCGACGCAAACAAATTGGAAAAACCAACGCAAAAAAAAAAAGACGCTAAATTGTTTATAAAGGCGAGGAATTTGTATCTATCAATTACTATTCCAGTTGTCAGTTTACATTGCTTACCCTCTATTATCACATCAAAACAACATTATGACC,ATGGTGAGCAAGGGCGAGGAGCTGTTCACCGGGGTGGTGCCCATCCTGGTC,test,RPL8A,9.48754458075596,-0.19802850484848022
RPL8A_782,CCGACGCAAACAAATTGGAAAAACCAACGCAAAAAAAAAAAGACGCTAAATTGTTTATAAAGGCGAGGAATTTGTATCTATCAATTACTATTCCAGTTGTCAGTTTACATTGCTTACCCTCTATTATCACATCAAAACAACTCACGGACC,ATGGTGAGCAAGGGCGAGGAGCTGTTCACCGGGGTGGTGCCCATCCTGGTC,test,RPL8A,8.56853765947072,0.19993391633033752
RPL8A_783,CCGACGCAAACAAATTGGAAAAACCAACGCAAAAAAAAAAAGACGCTAAATTGTTTATAAAGGCGAGGAATTTGTATCTATCAATTACTATTCCAGTTGTCAGTTTACATTGCTTACCCTCTATTATCACATCAAAACAAGACAAGGACC,ATGGTGAGCAAGGGCGAGGAGCTGTTCACCGGGGTGGTGCCCATCCTGGTC,test,RPL8A,7.19551869851258,-0.1095338836312294
RPL8A_784,CCGACGCAAACAAATTGGAAAAACCAACGCAAAAAAAAAAAGACGCTAAATTGTTTATAAAGGCGAGGAATTTGTATCTATCAATTACTATTCCAGTTGTCAGTTTACATTGCTTACCCTCTATTATCACATCAAAACAAACACTCGACC,ATGGTGAGCAAGGGCGAGGAGCTGTTCACCGGGGTGGTGCCCATCCTGGTC,test,RPL8A,9.62276422673678,-0.027921468019485474
RPL8A_785,CCGACGCAAACAAATTGGAAAAACCAACGCAAAAAAAAAAAGACGCTAAATTGTTTATAAAGGCGAGGAATTTGTATCTATCAATTACTATTCCAGTTGTCAGTTTACATTGCTTACCCTCTATTATCACATCAAAACAAAGATCCGACC,ATGGTGAGCAAGGGCGAGGAGCTGTTCACCGGGGTGGTGCCCATCCTGGTC,test,RPL8A,10.3940359012329,-0.2963486909866333
RPL8A_786,CCGACGCAAACAAATTGGAAAAACCAACGCAAAAAAAAAAAGACGCTAAATTGTTTATAAAGGCGAGGAATTTGTATCTATCAATTACTATTCCAGTTGTCAGTTTACATTGCTTACCCTCTATTATCACATCAAAACAAACATCCGACC,ATGGTGAGCAAGGGCGAGGAGCTGTTCACCGGGGTGGTGCCCATCCTGGTC,test,RPL8A,10.0941252411405,-0.17916518449783325
RPL8A_787,CCGACGCAAACAAATTGGAAAAACCAACGCAAAAAAAAAAAGACGCTAAATTGTTTATAAAGGCGAGGAATTTGTATCTATCAATTACTATTCCAGTTGTCAGTTTACATTGCTTACCCTCTATTATCACATCAAAACAACAGACCGACC,ATGGTGAGCAAGGGCGAGGAGCTGTTCACCGGGGTGGTGCCCATCCTGGTC,test,RPL8A,9.37682498157133,-0.19064918160438538
RPL8A_788,CCGACGCAAACAAATTGGAAAAACCAACGCAAAAAAAAAAAGACGCTAAATTGTTTATAAAGGCGAGGAATTTGTATCTATCAATTACTATTCCAGTTGTCAGTTTACATTGCTTACCCTCTATTATCACATCAAAACAAACCCGAGACC,ATGGTGAGCAAGGGCGAGGAGCTGTTCACCGGGGTGGTGCCCATCCTGGTC,test,RPL8A,8.32246037808426,-0.44472289085388184
RPL8A_789,CCGACGCAAACAAATTGGAAAAACCAACGCAAAAAAAAAAAGACGCTAAATTGTTTATAAAGGCGAGGAATTTGTATCTATCAATTACTATTCCAGTTGTCAGTTTACATTGCTTACCCTCTATTATCACATCAAAACAACAACGAGACC,ATGGTGAGCAAGGGCGAGGAGCTGTTCACCGGGGTGGTGCCCATCCTGGTC,test,RPL8A,9.38572978702057,-0.06813199073076248
RPL8A_790,CCGACGCAAACAAATTGGAAAAACCAACGCAAAAAAAAAAAGACGCTAAATTGTTTATAAAGGCGAGGAATTTGTATCTATCAATTACTATTCCAGTTGTCAGTTTACATTGCTTACCCTCTATTATCACATCAAAACAAATTCCAGACC,ATGGTGAGCAAGGGCGAGGAGCTGTTCACCGGGGTGGTGCCCATCCTGGTC,test,RPL8A,9.14766011825727,-0.39771997928619385
RPL8A_791,CCGACGCAAACAAATTGGAAAAACCAACGCAAAAAAAAAAAGACGCTAAATTGTTTATAAAGGCGAGGAATTTGTATCTATCAATTACTATTCCAGTTGTCAGTTTACATTGCTTACCCTCTATTATCACATCAAAACAACCCAAAGACC,ATGGTGAGCAAGGGCGAGGAGCTGTTCACCGGGGTGGTGCCCATCCTGGTC,test,RPL8A,7.80661020426105,-0.33506739139556885
RPL8A_792,CCGACGCAAACAAATTGGAAAAACCAACGCAAAAAAAAAAAGACGCTAAATTGTTTATAAAGGCGAGGAATTTGTATCTATCAATTACTATTCCAGTTGTCAGTTTACATTGCTTACCCTCTATTATCACATCAAAACAAAAAAGTCACC,ATGGTGAGCAAGGGCGAGGAGCTGTTCACCGGGGTGGTGCCCATCCTGGTC,test,RPL8A,9.5132605181312,-0.2456662952899933
RPL8A_793,CCGACGCAAACAAATTGGAAAAACCAACGCAAAAAAAAAAAGACGCTAAATTGTTTATAAAGGCGAGGAATTTGTATCTATCAATTACTATTCCAGTTGTCAGTTTACATTGCTTACCCTCTATTATCACATCAAAACAAACTGATCACC,ATGGTGAGCAAGGGCGAGGAGCTGTTCACCGGGGTGGTGCCCATCCTGGTC,test,RPL8A,9.03906361667947,-0.28040003776550293
RPL8A_794,CCGACGCAAACAAATTGGAAAAACCAACGCAAAAAAAAAAAGACGCTAAATTGTTTATAAAGGCGAGGAATTTGTATCTATCAATTACTATTCCAGTTGTCAGTTTACATTGCTTACCCTCTATTATCACATCAAAACAATCCCATCACC,ATGGTGAGCAAGGGCGAGGAGCTGTTCACCGGGGTGGTGCCCATCCTGGTC,test,RPL8A,6.92134503358159,-0.11363137513399124
RPL8A_795,CCGACGCAAACAAATTGGAAAAACCAACGCAAAAAAAAAAAGACGCTAAATTGTTTATAAAGGCGAGGAATTTGTATCTATCAATTACTATTCCAGTTGTCAGTTTACATTGCTTACCCTCTATTATCACATCAAAACAATCAAATCACC,ATGGTGAGCAAGGGCGAGGAGCTGTTCACCGGGGTGGTGCCCATCCTGGTC,test,RPL8A,8.66322134734901,0.1981922686100006
RPL8A_796,CCGACGCAAACAAATTGGAAAAACCAACGCAAAAAAAAAAAGACGCTAAATTGTTTATAAAGGCGAGGAATTTGTATCTATCAATTACTATTCCAGTTGTCAGTTTACATTGCTTACCCTCTATTATCACATCAAAACAACAGCTGCACC,ATGGTGAGCAAGGGCGAGGAGCTGTTCACCGGGGTGGTGCCCATCCTGGTC,test,RPL8A,8.39426872126652,-0.11826250702142715
RPL8A_797,CCGACGCAAACAAATTGGAAAAACCAACGCAAAAAAAAAAAGACGCTAAATTGTTTATAAAGGCGAGGAATTTGTATCTATCAATTACTATTCCAGTTGTCAGTTTACATTGCTTACCCTCTATTATCACATCAAAACAACTCGCGCACC,ATGGTGAGCAAGGGCGAGGAGCTGTTCACCGGGGTGGTGCCCATCCTGGTC,test,RPL8A,8.8131154851427,-0.12295957654714584
RPL8A_798,CCGACGCAAACAAATTGGAAAAACCAACGCAAAAAAAAAAAGACGCTAAATTGTTTATAAAGGCGAGGAATTTGTATCTATCAATTACTATTCCAGTTGTCAGTTTACATTGCTTACCCTCTATTATCACATCAAAACAAAAAGCGCACC,ATGGTGAGCAAGGGCGAGGAGCTGTTCACCGGGGTGGTGCCCATCCTGGTC,test,RPL8A,8.24961087836546,-0.3570244312286377
RPL8A_799,CCGACGCAAACAAATTGGAAAAACCAACGCAAAAAAAAAAAGACGCTAAATTGTTTATAAAGGCGAGGAATTTGTATCTATCAATTACTATTCCAGTTGTCAGTTTACATTGCTTACCCTCTATTATCACATCAAAACAACGTCCGCACC,ATGGTGAGCAAGGGCGAGGAGCTGTTCACCGGGGTGGTGCCCATCCTGGTC,test,RPL8A,7.91675590488481,-0.01875957101583481
RPL8A_800,CCGACGCAAACAAATTGGAAAAACCAACGCAAAAAAAAAAAGACGCTAAATTGTTTATAAAGGCGAGGAATTTGTATCTATCAATTACTATTCCAGTTGTCAGTTTACATTGCTTACCCTCTATTATCACATCAAAACAAATCCCGCACC,ATGGTGAGCAAGGGCGAGGAGCTGTTCACCGGGGTGGTGCCCATCCTGGTC,test,RPL8A,8.93657164166973,-0.10460222512483597
RPL8A_801,CCGACGCAAACAAATTGGAAAAACCAACGCAAAAAAAAAAAGACGCTAAATTGTTTATAAAGGCGAGGAATTTGTATCTATCAATTACTATTCCAGTTGTCAGTTTACATTGCTTACCCTCTATTATCACATCAAAACAACAACCGCACC,ATGGTGAGCAAGGGCGAGGAGCTGTTCACCGGGGTGGTGCCCATCCTGGTC,test,RPL8A,7.58184233998317,-0.14697802066802979
RPL8A_802,CCGACGCAAACAAATTGGAAAAACCAACGCAAAAAAAAAAAGACGCTAAATTGTTTATAAAGGCGAGGAATTTGTATCTATCAATTACTATTCCAGTTGTCAGTTTACATTGCTTACCCTCTATTATCACATCAAAACAAGAAACGCACC,ATGGTGAGCAAGGGCGAGGAGCTGTTCACCGGGGTGGTGCCCATCCTGGTC,test,RPL8A,8.59950083449976,-0.36453986167907715
RPL8A_803,CCGACGCAAACAAATTGGAAAAACCAACGCAAAAAAAAAAAGACGCTAAATTGTTTATAAAGGCGAGGAATTTGTATCTATCAATTACTATTCCAGTTGTCAGTTTACATTGCTTACCCTCTATTATCACATCAAAACAACCAGAGCACC,ATGGTGAGCAAGGGCGAGGAGCTGTTCACCGGGGTGGTGCCCATCCTGGTC,test,RPL8A,7.13033081219229,-0.443164587020874
RPL8A_804,CCGACGCAAACAAATTGGAAAAACCAACGCAAAAAAAAAAAGACGCTAAATTGTTTATAAAGGCGAGGAATTTGTATCTATCAATTACTATTCCAGTTGTCAGTTTACATTGCTTACCCTCTATTATCACATCAAAACAAAACGTCCACC,ATGGTGAGCAAGGGCGAGGAGCTGTTCACCGGGGTGGTGCCCATCCTGGTC,test,RPL8A,9.66248198172609,-0.012415874749422073
RPL8A_805,CCGACGCAAACAAATTGGAAAAACCAACGCAAAAAAAAAAAGACGCTAAATTGTTTATAAAGGCGAGGAATTTGTATCTATCAATTACTATTCCAGTTGTCAGTTTACATTGCTTACCCTCTATTATCACATCAAAACAACCAATCCACC,ATGGTGAGCAAGGGCGAGGAGCTGTTCACCGGGGTGGTGCCCATCCTGGTC,test,RPL8A,8.03184530635431,-0.0080484077334404
RPL8A_806,CCGACGCAAACAAATTGGAAAAACCAACGCAAAAAAAAAAAGACGCTAAATTGTTTATAAAGGCGAGGAATTTGTATCTATCAATTACTATTCCAGTTGTCAGTTTACATTGCTTACCCTCTATTATCACATCAAAACAAACAATCCACC,ATGGTGAGCAAGGGCGAGGAGCTGTTCACCGGGGTGGTGCCCATCCTGGTC,test,RPL8A,10.0310114708158,0.009792810305953026
RPL8A_807,CCGACGCAAACAAATTGGAAAAACCAACGCAAAAAAAAAAAGACGCTAAATTGTTTATAAAGGCGAGGAATTTGTATCTATCAATTACTATTCCAGTTGTCAGTTTACATTGCTTACCCTCTATTATCACATCAAAACAACTTAGCCACC,ATGGTGAGCAAGGGCGAGGAGCTGTTCACCGGGGTGGTGCCCATCCTGGTC,test,RPL8A,9.21185203415341,-0.00757068395614624
RPL8A_808,CCGACGCAAACAAATTGGAAAAACCAACGCAAAAAAAAAAAGACGCTAAATTGTTTATAAAGGCGAGGAATTTGTATCTATCAATTACTATTCCAGTTGTCAGTTTACATTGCTTACCCTCTATTATCACATCAAAACAAACCAGCCACC,ATGGTGAGCAAGGGCGAGGAGCTGTTCACCGGGGTGGTGCCCATCCTGGTC,test,RPL8A,9.58726810828615,-0.047216348350048065
RPL8A_809,CCGACGCAAACAAATTGGAAAAACCAACGCAAAAAAAAAAAGACGCTAAATTGTTTATAAAGGCGAGGAATTTGTATCTATCAATTACTATTCCAGTTGTCAGTTTACATTGCTTACCCTCTATTATCACATCAAAACAAGCCGCCCACC,ATGGTGAGCAAGGGCGAGGAGCTGTTCACCGGGGTGGTGCCCATCCTGGTC,test,RPL8A,9.00601526807243,-0.003749534487724304
RPL8A_810,CCGACGCAAACAAATTGGAAAAACCAACGCAAAAAAAAAAAGACGCTAAATTGTTTATAAAGGCGAGGAATTTGTATCTATCAATTACTATTCCAGTTGTCAGTTTACATTGCTTACCCTCTATTATCACATCAAAACAAACCGCCCACC,ATGGTGAGCAAGGGCGAGGAGCTGTTCACCGGGGTGGTGCCCATCCTGGTC,test,RPL8A,9.22401194238484,-0.011982358992099762
RPL8A_811,CCGACGCAAACAAATTGGAAAAACCAACGCAAAAAAAAAAAGACGCTAAATTGTTTATAAAGGCGAGGAATTTGTATCTATCAATTACTATTCCAGTTGTCAGTTTACATTGCTTACCCTCTATTATCACATCAAAACAACAAGCCCACC,ATGGTGAGCAAGGGCGAGGAGCTGTTCACCGGGGTGGTGCCCATCCTGGTC,test,RPL8A,10.6213944036887,0.022595057263970375
RPL8A_812,CCGACGCAAACAAATTGGAAAAACCAACGCAAAAAAAAAAAGACGCTAAATTGTTTATAAAGGCGAGGAATTTGTATCTATCAATTACTATTCCAGTTGTCAGTTTACATTGCTTACCCTCTATTATCACATCAAAACAACCTCACCACC,ATGGTGAGCAAGGGCGAGGAGCTGTTCACCGGGGTGGTGCCCATCCTGGTC,test,RPL8A,6.09708613596492,-0.06261991709470749
RPL8A_813,CCGACGCAAACAAATTGGAAAAACCAACGCAAAAAAAAAAAGACGCTAAATTGTTTATAAAGGCGAGGAATTTGTATCTATCAATTACTATTCCAGTTGTCAGTTTACATTGCTTACCCTCTATTATCACATCAAAACAAGGGCACCACC,ATGGTGAGCAAGGGCGAGGAGCTGTTCACCGGGGTGGTGCCCATCCTGGTC,test,RPL8A,2.04435589732192,-0.01690506562590599
RPL8A_814,CCGACGCAAACAAATTGGAAAAACCAACGCAAAAAAAAAAAGACGCTAAATTGTTTATAAAGGCGAGGAATTTGTATCTATCAATTACTATTCCAGTTGTCAGTTTACATTGCTTACCCTCTATTATCACATCAAAACAAACTAACCACC,ATGGTGAGCAAGGGCGAGGAGCTGTTCACCGGGGTGGTGCCCATCCTGGTC,test,RPL8A,7.97367766895844,-5.266070365905762e-05
RPL8A_815,CCGACGCAAACAAATTGGAAAAACCAACGCAAAAAAAAAAAGACGCTAAATTGTTTATAAAGGCGAGGAATTTGTATCTATCAATTACTATTCCAGTTGTCAGTTTACATTGCTTACCCTCTATTATCACATCAAAACAAAGCAACCACC,ATGGTGAGCAAGGGCGAGGAGCTGTTCACCGGGGTGGTGCCCATCCTGGTC,test,RPL8A,8.45883043557734,-0.07511048018932343
RPL8A_816,CCGACGCAAACAAATTGGAAAAACCAACGCAAAAAAAAAAAGACGCTAAATTGTTTATAAAGGCGAGGAATTTGTATCTATCAATTACTATTCCAGTTGTCAGTTTACATTGCTTACCCTCTATTATCACATCAAAACAATAACTACACC,ATGGTGAGCAAGGGCGAGGAGCTGTTCACCGGGGTGGTGCCCATCCTGGTC,test,RPL8A,7.88109096426116,-0.17075982689857483
RPL8A_817,CCGACGCAAACAAATTGGAAAAACCAACGCAAAAAAAAAAAGACGCTAAATTGTTTATAAAGGCGAGGAATTTGTATCTATCAATTACTATTCCAGTTGTCAGTTTACATTGCTTACCCTCTATTATCACATCAAAACAACGTTCACACC,ATGGTGAGCAAGGGCGAGGAGCTGTTCACCGGGGTGGTGCCCATCCTGGTC,test,RPL8A,7.53355889199133,-0.036274246871471405
RPL8A_818,CCGACGCAAACAAATTGGAAAAACCAACGCAAAAAAAAAAAGACGCTAAATTGTTTATAAAGGCGAGGAATTTGTATCTATCAATTACTATTCCAGTTGTCAGTTTACATTGCTTACCCTCTATTATCACATCAAAACAACCTCCACACC,ATGGTGAGCAAGGGCGAGGAGCTGTTCACCGGGGTGGTGCCCATCCTGGTC,test,RPL8A,7.15340449812209,-0.10115327686071396
RPL8A_819,CCGACGCAAACAAATTGGAAAAACCAACGCAAAAAAAAAAAGACGCTAAATTGTTTATAAAGGCGAGGAATTTGTATCTATCAATTACTATTCCAGTTGTCAGTTTACATTGCTTACCCTCTATTATCACATCAAAACAAGGCCCACACC,ATGGTGAGCAAGGGCGAGGAGCTGTTCACCGGGGTGGTGCCCATCCTGGTC,test,RPL8A,5.58381019198417,-0.07072921842336655
RPL8A_820,CCGACGCAAACAAATTGGAAAAACCAACGCAAAAAAAAAAAGACGCTAAATTGTTTATAAAGGCGAGGAATTTGTATCTATCAATTACTATTCCAGTTGTCAGTTTACATTGCTTACCCTCTATTATCACATCAAAACAACACCCACACC,ATGGTGAGCAAGGGCGAGGAGCTGTTCACCGGGGTGGTGCCCATCCTGGTC,test,RPL8A,5.27932369738279,-0.22776377201080322
RPL8A_821,CCGACGCAAACAAATTGGAAAAACCAACGCAAAAAAAAAAAGACGCTAAATTGTTTATAAAGGCGAGGAATTTGTATCTATCAATTACTATTCCAGTTGTCAGTTTACATTGCTTACCCTCTATTATCACATCAAAACAAATACCACACC,ATGGTGAGCAAGGGCGAGGAGCTGTTCACCGGGGTGGTGCCCATCCTGGTC,test,RPL8A,7.87107994828064,-0.18602794408798218
RPL8A_822,CCGACGCAAACAAATTGGAAAAACCAACGCAAAAAAAAAAAGACGCTAAATTGTTTATAAAGGCGAGGAATTTGTATCTATCAATTACTATTCCAGTTGTCAGTTTACATTGCTTACCCTCTATTATCACATCAAAACAACAAACACACC,ATGGTGAGCAAGGGCGAGGAGCTGTTCACCGGGGTGGTGCCCATCCTGGTC,test,RPL8A,8.05813627748653,-0.24812263250350952
RPL8A_823,CCGACGCAAACAAATTGGAAAAACCAACGCAAAAAAAAAAAGACGCTAAATTGTTTATAAAGGCGAGGAATTTGTATCTATCAATTACTATTCCAGTTGTCAGTTTACATTGCTTACCCTCTATTATCACATCAAAACAACACCAACACC,ATGGTGAGCAAGGGCGAGGAGCTGTTCACCGGGGTGGTGCCCATCCTGGTC,test,RPL8A,5.01648467994585,-0.5547031164169312
RPL8A_824,CCGACGCAAACAAATTGGAAAAACCAACGCAAAAAAAAAAAGACGCTAAATTGTTTATAAAGGCGAGGAATTTGTATCTATCAATTACTATTCCAGTTGTCAGTTTACATTGCTTACCCTCTATTATCACATCAAAACAATCACAACACC,ATGGTGAGCAAGGGCGAGGAGCTGTTCACCGGGGTGGTGCCCATCCTGGTC,test,RPL8A,5.67345327788237,-0.16948243975639343
RPL8A_825,CCGACGCAAACAAATTGGAAAAACCAACGCAAAAAAAAAAAGACGCTAAATTGTTTATAAAGGCGAGGAATTTGTATCTATCAATTACTATTCCAGTTGTCAGTTTACATTGCTTACCCTCTATTATCACATCAAAACAACGCAAACACC,ATGGTGAGCAAGGGCGAGGAGCTGTTCACCGGGGTGGTGCCCATCCTGGTC,test,RPL8A,8.39408056902423,-0.20591896772384644
RPL8A_826,CCGACGCAAACAAATTGGAAAAACCAACGCAAAAAAAAAAAGACGCTAAATTGTTTATAAAGGCGAGGAATTTGTATCTATCAATTACTATTCCAGTTGTCAGTTTACATTGCTTACCCTCTATTATCACATCAAAACAACATATTAACC,ATGGTGAGCAAGGGCGAGGAGCTGTTCACCGGGGTGGTGCCCATCCTGGTC,test,RPL8A,11.1596658682962,0.03879813849925995
RPL8A_827,CCGACGCAAACAAATTGGAAAAACCAACGCAAAAAAAAAAAGACGCTAAATTGTTTATAAAGGCGAGGAATTTGTATCTATCAATTACTATTCCAGTTGTCAGTTTACATTGCTTACCCTCTATTATCACATCAAAACAATAGCGTAACC,ATGGTGAGCAAGGGCGAGGAGCTGTTCACCGGGGTGGTGCCCATCCTGGTC,test,RPL8A,11.6349137771961,-0.08024993538856506
RPL8A_828,CCGACGCAAACAAATTGGAAAAACCAACGCAAAAAAAAAAAGACGCTAAATTGTTTATAAAGGCGAGGAATTTGTATCTATCAATTACTATTCCAGTTGTCAGTTTACATTGCTTACCCTCTATTATCACATCAAAACAACCGGCTAACC,ATGGTGAGCAAGGGCGAGGAGCTGTTCACCGGGGTGGTGCCCATCCTGGTC,test,RPL8A,9.09053847609241,-0.4195740818977356
RPL8A_829,CCGACGCAAACAAATTGGAAAAACCAACGCAAAAAAAAAAAGACGCTAAATTGTTTATAAAGGCGAGGAATTTGTATCTATCAATTACTATTCCAGTTGTCAGTTTACATTGCTTACCCTCTATTATCACATCAAAACAATCGCCTAACC,ATGGTGAGCAAGGGCGAGGAGCTGTTCACCGGGGTGGTGCCCATCCTGGTC,test,RPL8A,9.53696367301849,-0.09134440124034882
RPL8A_830,CCGACGCAAACAAATTGGAAAAACCAACGCAAAAAAAAAAAGACGCTAAATTGTTTATAAAGGCGAGGAATTTGTATCTATCAATTACTATTCCAGTTGTCAGTTTACATTGCTTACCCTCTATTATCACATCAAAACAAAGCACTAACC,ATGGTGAGCAAGGGCGAGGAGCTGTTCACCGGGGTGGTGCCCATCCTGGTC,test,RPL8A,11.9366835424937,-0.10319516807794571
RPL8A_831,CCGACGCAAACAAATTGGAAAAACCAACGCAAAAAAAAAAAGACGCTAAATTGTTTATAAAGGCGAGGAATTTGTATCTATCAATTACTATTCCAGTTGTCAGTTTACATTGCTTACCCTCTATTATCACATCAAAACAACACACTAACC,ATGGTGAGCAAGGGCGAGGAGCTGTTCACCGGGGTGGTGCCCATCCTGGTC,test,RPL8A,10.0107162839735,-0.09383604675531387
RPL8A_832,CCGACGCAAACAAATTGGAAAAACCAACGCAAAAAAAAAAAGACGCTAAATTGTTTATAAAGGCGAGGAATTTGTATCTATCAATTACTATTCCAGTTGTCAGTTTACATTGCTTACCCTCTATTATCACATCAAAACAAAAACGCAACC,ATGGTGAGCAAGGGCGAGGAGCTGTTCACCGGGGTGGTGCCCATCCTGGTC,test,RPL8A,11.2021107834049,-0.4322773218154907
RPL8A_833,CCGACGCAAACAAATTGGAAAAACCAACGCAAAAAAAAAAAGACGCTAAATTGTTTATAAAGGCGAGGAATTTGTATCTATCAATTACTATTCCAGTTGTCAGTTTACATTGCTTACCCTCTATTATCACATCAAAACAACGGCCCAACC,ATGGTGAGCAAGGGCGAGGAGCTGTTCACCGGGGTGGTGCCCATCCTGGTC,test,RPL8A,8.86337317650071,-0.3554350733757019
RPL8A_834,CCGACGCAAACAAATTGGAAAAACCAACGCAAAAAAAAAAAGACGCTAAATTGTTTATAAAGGCGAGGAATTTGTATCTATCAATTACTATTCCAGTTGTCAGTTTACATTGCTTACCCTCTATTATCACATCAAAACAACTGACCAACC,ATGGTGAGCAAGGGCGAGGAGCTGTTCACCGGGGTGGTGCCCATCCTGGTC,test,RPL8A,9.73906173451989,-0.4109073281288147
RPL8A_835,CCGACGCAAACAAATTGGAAAAACCAACGCAAAAAAAAAAAGACGCTAAATTGTTTATAAAGGCGAGGAATTTGTATCTATCAATTACTATTCCAGTTGTCAGTTTACATTGCTTACCCTCTATTATCACATCAAAACAACCCACCAACC,ATGGTGAGCAAGGGCGAGGAGCTGTTCACCGGGGTGGTGCCCATCCTGGTC,test,RPL8A,8.29887930722917,-0.24920052289962769
RPL8A_836,CCGACGCAAACAAATTGGAAAAACCAACGCAAAAAAAAAAAGACGCTAAATTGTTTATAAAGGCGAGGAATTTGTATCTATCAATTACTATTCCAGTTGTCAGTTTACATTGCTTACCCTCTATTATCACATCAAAACAACCAACCAACC,ATGGTGAGCAAGGGCGAGGAGCTGTTCACCGGGGTGGTGCCCATCCTGGTC,test,RPL8A,8.71157522957916,-0.3464243412017822
RPL8A_837,CCGACGCAAACAAATTGGAAAAACCAACGCAAAAAAAAAAAGACGCTAAATTGTTTATAAAGGCGAGGAATTTGTATCTATCAATTACTATTCCAGTTGTCAGTTTACATTGCTTACCCTCTATTATCACATCAAAACAAACGGACAACC,ATGGTGAGCAAGGGCGAGGAGCTGTTCACCGGGGTGGTGCCCATCCTGGTC,test,RPL8A,5.67574440011752,-0.3482646644115448
RPL8A_838,CCGACGCAAACAAATTGGAAAAACCAACGCAAAAAAAAAAAGACGCTAAATTGTTTATAAAGGCGAGGAATTTGTATCTATCAATTACTATTCCAGTTGTCAGTTTACATTGCTTACCCTCTATTATCACATCAAAACAATAGGACAACC,ATGGTGAGCAAGGGCGAGGAGCTGTTCACCGGGGTGGTGCCCATCCTGGTC,test,RPL8A,5.89375370956067,-0.2917858958244324
RPL8A_839,CCGACGCAAACAAATTGGAAAAACCAACGCAAAAAAAAAAAGACGCTAAATTGTTTATAAAGGCGAGGAATTTGTATCTATCAATTACTATTCCAGTTGTCAGTTTACATTGCTTACCCTCTATTATCACATCAAAACAATACCACAACC,ATGGTGAGCAAGGGCGAGGAGCTGTTCACCGGGGTGGTGCCCATCCTGGTC,test,RPL8A,7.54428988179014,-0.20764634013175964
RPL8A_840,CCGACGCAAACAAATTGGAAAAACCAACGCAAAAAAAAAAAGACGCTAAATTGTTTATAAAGGCGAGGAATTTGTATCTATCAATTACTATTCCAGTTGTCAGTTTACATTGCTTACCCTCTATTATCACATCAAAACAACGAGTAAACC,ATGGTGAGCAAGGGCGAGGAGCTGTTCACCGGGGTGGTGCCCATCCTGGTC,test,RPL8A,11.5615795511635,-0.32224196195602417
RPL8A_841,CCGACGCAAACAAATTGGAAAAACCAACGCAAAAAAAAAAAGACGCTAAATTGTTTATAAAGGCGAGGAATTTGTATCTATCAATTACTATTCCAGTTGTCAGTTTACATTGCTTACCCTCTATTATCACATCAAAACAAGCGCTAAACC,ATGGTGAGCAAGGGCGAGGAGCTGTTCACCGGGGTGGTGCCCATCCTGGTC,test,RPL8A,11.2367333361349,-0.21252870559692383
RPL8A_842,CCGACGCAAACAAATTGGAAAAACCAACGCAAAAAAAAAAAGACGCTAAATTGTTTATAAAGGCGAGGAATTTGTATCTATCAATTACTATTCCAGTTGTCAGTTTACATTGCTTACCCTCTATTATCACATCAAAACAAGCACTAAACC,ATGGTGAGCAAGGGCGAGGAGCTGTTCACCGGGGTGGTGCCCATCCTGGTC,test,RPL8A,10.125898935284,-0.16651099920272827
RPL8A_843,CCGACGCAAACAAATTGGAAAAACCAACGCAAAAAAAAAAAGACGCTAAATTGTTTATAAAGGCGAGGAATTTGTATCTATCAATTACTATTCCAGTTGTCAGTTTACATTGCTTACCCTCTATTATCACATCAAAACAATCGATAAACC,ATGGTGAGCAAGGGCGAGGAGCTGTTCACCGGGGTGGTGCCCATCCTGGTC,test,RPL8A,9.86059185596965,-0.41587668657302856
RPL8A_844,CCGACGCAAACAAATTGGAAAAACCAACGCAAAAAAAAAAAGACGCTAAATTGTTTATAAAGGCGAGGAATTTGTATCTATCAATTACTATTCCAGTTGTCAGTTTACATTGCTTACCCTCTATTATCACATCAAAACAACAAATAAACC,ATGGTGAGCAAGGGCGAGGAGCTGTTCACCGGGGTGGTGCCCATCCTGGTC,test,RPL8A,11.3476316766253,-0.04662112891674042
RPL8A_845,CCGACGCAAACAAATTGGAAAAACCAACGCAAAAAAAAAAAGACGCTAAATTGTTTATAAAGGCGAGGAATTTGTATCTATCAATTACTATTCCAGTTGTCAGTTTACATTGCTTACCCTCTATTATCACATCAAAACAAGCTCGAAACC,ATGGTGAGCAAGGGCGAGGAGCTGTTCACCGGGGTGGTGCCCATCCTGGTC,test,RPL8A,11.2223300253635,-0.1758630871772766
RPL8A_846,CCGACGCAAACAAATTGGAAAAACCAACGCAAAAAAAAAAAGACGCTAAATTGTTTATAAAGGCGAGGAATTTGTATCTATCAATTACTATTCCAGTTGTCAGTTTACATTGCTTACCCTCTATTATCACATCAAAACAAGCCCGAAACC,ATGGTGAGCAAGGGCGAGGAGCTGTTCACCGGGGTGGTGCCCATCCTGGTC,test,RPL8A,10.9351323709565,-0.4143698215484619
RPL8A_847,CCGACGCAAACAAATTGGAAAAACCAACGCAAAAAAAAAAAGACGCTAAATTGTTTATAAAGGCGAGGAATTTGTATCTATCAATTACTATTCCAGTTGTCAGTTTACATTGCTTACCCTCTATTATCACATCAAAACAAGACCGAAACC,ATGGTGAGCAAGGGCGAGGAGCTGTTCACCGGGGTGGTGCCCATCCTGGTC,test,RPL8A,9.8209727837833,-0.4409543573856354
RPL8A_848,CCGACGCAAACAAATTGGAAAAACCAACGCAAAAAAAAAAAGACGCTAAATTGTTTATAAAGGCGAGGAATTTGTATCTATCAATTACTATTCCAGTTGTCAGTTTACATTGCTTACCCTCTATTATCACATCAAAACAACGGGCAAACC,ATGGTGAGCAAGGGCGAGGAGCTGTTCACCGGGGTGGTGCCCATCCTGGTC,test,RPL8A,5.60627738212301,-0.36744511127471924
RPL8A_849,CCGACGCAAACAAATTGGAAAAACCAACGCAAAAAAAAAAAGACGCTAAATTGTTTATAAAGGCGAGGAATTTGTATCTATCAATTACTATTCCAGTTGTCAGTTTACATTGCTTACCCTCTATTATCACATCAAAACAACCGGCAAACC,ATGGTGAGCAAGGGCGAGGAGCTGTTCACCGGGGTGGTGCCCATCCTGGTC,test,RPL8A,7.25180178669161,-0.43528345227241516
RPL8A_850,CCGACGCAAACAAATTGGAAAAACCAACGCAAAAAAAAAAAGACGCTAAATTGTTTATAAAGGCGAGGAATTTGTATCTATCAATTACTATTCCAGTTGTCAGTTTACATTGCTTACCCTCTATTATCACATCAAAACAACCTCCAAACC,ATGGTGAGCAAGGGCGAGGAGCTGTTCACCGGGGTGGTGCCCATCCTGGTC,test,RPL8A,10.0233202518564,-0.21405360102653503
RPL8A_851,CCGACGCAAACAAATTGGAAAAACCAACGCAAAAAAAAAAAGACGCTAAATTGTTTATAAAGGCGAGGAATTTGTATCTATCAATTACTATTCCAGTTGTCAGTTTACATTGCTTACCCTCTATTATCACATCAAAACAACAGCCAAACC,ATGGTGAGCAAGGGCGAGGAGCTGTTCACCGGGGTGGTGCCCATCCTGGTC,test,RPL8A,9.46297893267034,-0.40285295248031616
RPL8A_852,CCGACGCAAACAAATTGGAAAAACCAACGCAAAAAAAAAAAGACGCTAAATTGTTTATAAAGGCGAGGAATTTGTATCTATCAATTACTATTCCAGTTGTCAGTTTACATTGCTTACCCTCTATTATCACATCAAAACAAGCACCAAACC,ATGGTGAGCAAGGGCGAGGAGCTGTTCACCGGGGTGGTGCCCATCCTGGTC,test,RPL8A,8.01011382615386,-0.26044148206710815
RPL8A_853,CCGACGCAAACAAATTGGAAAAACCAACGCAAAAAAAAAAAGACGCTAAATTGTTTATAAAGGCGAGGAATTTGTATCTATCAATTACTATTCCAGTTGTCAGTTTACATTGCTTACCCTCTATTATCACATCAAAACAAGACACAAACC,ATGGTGAGCAAGGGCGAGGAGCTGTTCACCGGGGTGGTGCCCATCCTGGTC,test,RPL8A,8.0278515459987,-0.4169405698776245
RPL8A_854,CCGACGCAAACAAATTGGAAAAACCAACGCAAAAAAAAAAAGACGCTAAATTGTTTATAAAGGCGAGGAATTTGTATCTATCAATTACTATTCCAGTTGTCAGTTTACATTGCTTACCCTCTATTATCACATCAAAACAACACACAAACC,ATGGTGAGCAAGGGCGAGGAGCTGTTCACCGGGGTGGTGCCCATCCTGGTC,test,RPL8A,9.56767926832001,-0.5099639892578125
RPL8A_855,CCGACGCAAACAAATTGGAAAAACCAACGCAAAAAAAAAAAGACGCTAAATTGTTTATAAAGGCGAGGAATTTGTATCTATCAATTACTATTCCAGTTGTCAGTTTACATTGCTTACCCTCTATTATCACATCAAAACAACGGGAAAACC,ATGGTGAGCAAGGGCGAGGAGCTGTTCACCGGGGTGGTGCCCATCCTGGTC,test,RPL8A,7.57525885707474,-0.35143494606018066
RPL8A_856,CCGACGCAAACAAATTGGAAAAACCAACGCAAAAAAAAAAAGACGCTAAATTGTTTATAAAGGCGAGGAATTTGTATCTATCAATTACTATTCCAGTTGTCAGTTTACATTGCTTACCCTCTATTATCACATCAAAACAACCCGAAAACC,ATGGTGAGCAAGGGCGAGGAGCTGTTCACCGGGGTGGTGCCCATCCTGGTC,test,RPL8A,10.5857136485721,-0.45064854621887207
RPL8A_857,CCGACGCAAACAAATTGGAAAAACCAACGCAAAAAAAAAAAGACGCTAAATTGTTTATAAAGGCGAGGAATTTGTATCTATCAATTACTATTCCAGTTGTCAGTTTACATTGCTTACCCTCTATTATCACATCAAAACAAAGTCAAAACC,ATGGTGAGCAAGGGCGAGGAGCTGTTCACCGGGGTGGTGCCCATCCTGGTC,test,RPL8A,10.952579847005,-0.4143716096878052
RPL8A_858,CCGACGCAAACAAATTGGAAAAACCAACGCAAAAAAAAAAAGACGCTAAATTGTTTATAAAGGCGAGGAATTTGTATCTATCAATTACTATTCCAGTTGTCAGTTTACATTGCTTACCCTCTATTATCACATCAAAACAAGATAAAAACC,ATGGTGAGCAAGGGCGAGGAGCTGTTCACCGGGGTGGTGCCCATCCTGGTC,test,RPL8A,11.498255454504,-0.3306664526462555
RPL8A_859,CCGACGCAAACAAATTGGAAAAACCAACGCAAAAAAAAAAAGACGCTAAATTGTTTATAAAGGCGAGGAATTTGTATCTATCAATTACTATTCCAGTTGTCAGTTTACATTGCTTACCCTCTATTATCACATCAAAACAATTAAAAAACC,ATGGTGAGCAAGGGCGAGGAGCTGTTCACCGGGGTGGTGCCCATCCTGGTC,test,RPL8A,11.1329026406897,-0.4294298589229584
RPL8A_860,CCGACGCAAACAAATTGGAAAAACCAACGCAAAAAAAAAAAGACGCTAAATTGTTTATAAAGGCGAGGAATTTGTATCTATCAATTACTATTCCAGTTGTCAGTTTACATTGCTTACCCTCTATTATCACATCAAAACAAAGAAAAAACC,ATGGTGAGCAAGGGCGAGGAGCTGTTCACCGGGGTGGTGCCCATCCTGGTC,test,RPL8A,10.9115218732889,-0.38361215591430664
RPL8A_861,CCGACGCAAACAAATTGGAAAAACCAACGCAAAAAAAAAAAGACGCTAAATTGTTTATAAAGGCGAGGAATTTGTATCTATCAATTACTATTCCAGTTGTCAGTTTACATTGCTTACCCTCTATTATCACATCAAAACAAACCCCATTAC,ATGGTGAGCAAGGGCGAGGAGCTGTTCACCGGGGTGGTGCCCATCCTGGTC,test,RPL8A,4.12410776065833,-0.09177261590957642
RPL8A_862,CCGACGCAAACAAATTGGAAAAACCAACGCAAAAAAAAAAAGACGCTAAATTGTTTATAAAGGCGAGGAATTTGTATCTATCAATTACTATTCCAGTTGTCAGTTTACATTGCTTACCCTCTATTATCACATCAAAACAACCGCAATTAC,ATGGTGAGCAAGGGCGAGGAGCTGTTCACCGGGGTGGTGCCCATCCTGGTC,test,RPL8A,3.04627061460672,-0.09777099639177322
RPL8A_863,CCGACGCAAACAAATTGGAAAAACCAACGCAAAAAAAAAAAGACGCTAAATTGTTTATAAAGGCGAGGAATTTGTATCTATCAATTACTATTCCAGTTGTCAGTTTACATTGCTTACCCTCTATTATCACATCAAAACAAAACAAATTAC,ATGGTGAGCAAGGGCGAGGAGCTGTTCACCGGGGTGGTGCCCATCCTGGTC,test,RPL8A,7.35122057483129,-0.05468253046274185
RPL8A_864,CCGACGCAAACAAATTGGAAAAACCAACGCAAAAAAAAAAAGACGCTAAATTGTTTATAAAGGCGAGGAATTTGTATCTATCAATTACTATTCCAGTTGTCAGTTTACATTGCTTACCCTCTATTATCACATCAAAACAAGCAAAATTAC,ATGGTGAGCAAGGGCGAGGAGCTGTTCACCGGGGTGGTGCCCATCCTGGTC,test,RPL8A,3.56436827231259,-0.09967014938592911
RPL8A_865,CCGACGCAAACAAATTGGAAAAACCAACGCAAAAAAAAAAAGACGCTAAATTGTTTATAAAGGCGAGGAATTTGTATCTATCAATTACTATTCCAGTTGTCAGTTTACATTGCTTACCCTCTATTATCACATCAAAACAAACAAAATTAC,ATGGTGAGCAAGGGCGAGGAGCTGTTCACCGGGGTGGTGCCCATCCTGGTC,test,RPL8A,5.01258979535615,-0.13155695796012878
RPL8A_866,CCGACGCAAACAAATTGGAAAAACCAACGCAAAAAAAAAAAGACGCTAAATTGTTTATAAAGGCGAGGAATTTGTATCTATCAATTACTATTCCAGTTGTCAGTTTACATTGCTTACCCTCTATTATCACATCAAAACAAAGGAGTGTAC,ATGGTGAGCAAGGGCGAGGAGCTGTTCACCGGGGTGGTGCCCATCCTGGTC,test,RPL8A,4.01288658257118,-0.07521403580904007
RPL8A_867,CCGACGCAAACAAATTGGAAAAACCAACGCAAAAAAAAAAAGACGCTAAATTGTTTATAAAGGCGAGGAATTTGTATCTATCAATTACTATTCCAGTTGTCAGTTTACATTGCTTACCCTCTATTATCACATCAAAACAACGAGCGGTAC,ATGGTGAGCAAGGGCGAGGAGCTGTTCACCGGGGTGGTGCCCATCCTGGTC,test,RPL8A,3.9655784945875,-0.09428209811449051
RPL8A_868,CCGACGCAAACAAATTGGAAAAACCAACGCAAAAAAAAAAAGACGCTAAATTGTTTATAAAGGCGAGGAATTTGTATCTATCAATTACTATTCCAGTTGTCAGTTTACATTGCTTACCCTCTATTATCACATCAAAACAAACCCCCGTAC,ATGGTGAGCAAGGGCGAGGAGCTGTTCACCGGGGTGGTGCCCATCCTGGTC,test,RPL8A,6.2733528736197,-0.16644710302352905
RPL8A_869,CCGACGCAAACAAATTGGAAAAACCAACGCAAAAAAAAAAAGACGCTAAATTGTTTATAAAGGCGAGGAATTTGTATCTATCAATTACTATTCCAGTTGTCAGTTTACATTGCTTACCCTCTATTATCACATCAAAACAATAACCCGTAC,ATGGTGAGCAAGGGCGAGGAGCTGTTCACCGGGGTGGTGCCCATCCTGGTC,test,RPL8A,4.92386533569888,-0.14185816049575806
RPL8A_870,CCGACGCAAACAAATTGGAAAAACCAACGCAAAAAAAAAAAGACGCTAAATTGTTTATAAAGGCGAGGAATTTGTATCTATCAATTACTATTCCAGTTGTCAGTTTACATTGCTTACCCTCTATTATCACATCAAAACAAAAAAGAGTAC,ATGGTGAGCAAGGGCGAGGAGCTGTTCACCGGGGTGGTGCCCATCCTGGTC,test,RPL8A,6.13970841112252,-0.1206333264708519
RPL8A_871,CCGACGCAAACAAATTGGAAAAACCAACGCAAAAAAAAAAAGACGCTAAATTGTTTATAAAGGCGAGGAATTTGTATCTATCAATTACTATTCCAGTTGTCAGTTTACATTGCTTACCCTCTATTATCACATCAAAACAATAAAATCTAC,ATGGTGAGCAAGGGCGAGGAGCTGTTCACCGGGGTGGTGCCCATCCTGGTC,test,RPL8A,8.50356126870104,-3.563240170478821e-05
RPL8A_872,CCGACGCAAACAAATTGGAAAAACCAACGCAAAAAAAAAAAGACGCTAAATTGTTTATAAAGGCGAGGAATTTGTATCTATCAATTACTATTCCAGTTGTCAGTTTACATTGCTTACCCTCTATTATCACATCAAAACAACCGAAGCTAC,ATGGTGAGCAAGGGCGAGGAGCTGTTCACCGGGGTGGTGCCCATCCTGGTC,test,RPL8A,5.19897232145839,-0.10625443607568741
RPL8A_873,CCGACGCAAACAAATTGGAAAAACCAACGCAAAAAAAAAAAGACGCTAAATTGTTTATAAAGGCGAGGAATTTGTATCTATCAATTACTATTCCAGTTGTCAGTTTACATTGCTTACCCTCTATTATCACATCAAAACAAATCTCACTAC,ATGGTGAGCAAGGGCGAGGAGCTGTTCACCGGGGTGGTGCCCATCCTGGTC,test,RPL8A,6.13168551774821,-0.022829454392194748
RPL8A_874,CCGACGCAAACAAATTGGAAAAACCAACGCAAAAAAAAAAAGACGCTAAATTGTTTATAAAGGCGAGGAATTTGTATCTATCAATTACTATTCCAGTTGTCAGTTTACATTGCTTACCCTCTATTATCACATCAAAACAAAACGCACTAC,ATGGTGAGCAAGGGCGAGGAGCTGTTCACCGGGGTGGTGCCCATCCTGGTC,test,RPL8A,8.16702747998676,-0.07543938606977463
RPL8A_875,CCGACGCAAACAAATTGGAAAAACCAACGCAAAAAAAAAAAGACGCTAAATTGTTTATAAAGGCGAGGAATTTGTATCTATCAATTACTATTCCAGTTGTCAGTTTACATTGCTTACCCTCTATTATCACATCAAAACAAAACACACTAC,ATGGTGAGCAAGGGCGAGGAGCTGTTCACCGGGGTGGTGCCCATCCTGGTC,test,RPL8A,6.01055883804408,-0.10604365915060043
RPL8A_876,CCGACGCAAACAAATTGGAAAAACCAACGCAAAAAAAAAAAGACGCTAAATTGTTTATAAAGGCGAGGAATTTGTATCTATCAATTACTATTCCAGTTGTCAGTTTACATTGCTTACCCTCTATTATCACATCAAAACAAATCCCTATAC,ATGGTGAGCAAGGGCGAGGAGCTGTTCACCGGGGTGGTGCCCATCCTGGTC,test,RPL8A,8.78607810393836,-0.2185281217098236
RPL8A_877,CCGACGCAAACAAATTGGAAAAACCAACGCAAAAAAAAAAAGACGCTAAATTGTTTATAAAGGCGAGGAATTTGTATCTATCAATTACTATTCCAGTTGTCAGTTTACATTGCTTACCCTCTATTATCACATCAAAACAACCAACGATAC,ATGGTGAGCAAGGGCGAGGAGCTGTTCACCGGGGTGGTGCCCATCCTGGTC,test,RPL8A,4.30915452503177,-0.08396345376968384
RPL8A_878,CCGACGCAAACAAATTGGAAAAACCAACGCAAAAAAAAAAAGACGCTAAATTGTTTATAAAGGCGAGGAATTTGTATCTATCAATTACTATTCCAGTTGTCAGTTTACATTGCTTACCCTCTATTATCACATCAAAACAAAAACAGATAC,ATGGTGAGCAAGGGCGAGGAGCTGTTCACCGGGGTGGTGCCCATCCTGGTC,test,RPL8A,7.08372486288592,-0.25117453932762146
RPL8A_879,CCGACGCAAACAAATTGGAAAAACCAACGCAAAAAAAAAAAGACGCTAAATTGTTTATAAAGGCGAGGAATTTGTATCTATCAATTACTATTCCAGTTGTCAGTTTACATTGCTTACCCTCTATTATCACATCAAAACAAACAAGCATAC,ATGGTGAGCAAGGGCGAGGAGCTGTTCACCGGGGTGGTGCCCATCCTGGTC,test,RPL8A,10.1064994718866,-0.02484399452805519
RPL8A_880,CCGACGCAAACAAATTGGAAAAACCAACGCAAAAAAAAAAAGACGCTAAATTGTTTATAAAGGCGAGGAATTTGTATCTATCAATTACTATTCCAGTTGTCAGTTTACATTGCTTACCCTCTATTATCACATCAAAACAACATCCCATAC,ATGGTGAGCAAGGGCGAGGAGCTGTTCACCGGGGTGGTGCCCATCCTGGTC,test,RPL8A,5.05984924100439,-0.07815421372652054
RPL8A_881,CCGACGCAAACAAATTGGAAAAACCAACGCAAAAAAAAAAAGACGCTAAATTGTTTATAAAGGCGAGGAATTTGTATCTATCAATTACTATTCCAGTTGTCAGTTTACATTGCTTACCCTCTATTATCACATCAAAACAAAACACCATAC,ATGGTGAGCAAGGGCGAGGAGCTGTTCACCGGGGTGGTGCCCATCCTGGTC,test,RPL8A,4.31732861692662,-0.11728646606206894
RPL8A_882,CCGACGCAAACAAATTGGAAAAACCAACGCAAAAAAAAAAAGACGCTAAATTGTTTATAAAGGCGAGGAATTTGTATCTATCAATTACTATTCCAGTTGTCAGTTTACATTGCTTACCCTCTATTATCACATCAAAACAAATCCACATAC,ATGGTGAGCAAGGGCGAGGAGCTGTTCACCGGGGTGGTGCCCATCCTGGTC,test,RPL8A,2.73038635145293,-0.11272818595170975
RPL8A_883,CCGACGCAAACAAATTGGAAAAACCAACGCAAAAAAAAAAAGACGCTAAATTGTTTATAAAGGCGAGGAATTTGTATCTATCAATTACTATTCCAGTTGTCAGTTTACATTGCTTACCCTCTATTATCACATCAAAACAAACCCACATAC,ATGGTGAGCAAGGGCGAGGAGCTGTTCACCGGGGTGGTGCCCATCCTGGTC,test,RPL8A,7.97830040467622,0.29008832573890686
RPL8A_884,CCGACGCAAACAAATTGGAAAAACCAACGCAAAAAAAAAAAGACGCTAAATTGTTTATAAAGGCGAGGAATTTGTATCTATCAATTACTATTCCAGTTGTCAGTTTACATTGCTTACCCTCTATTATCACATCAAAACAACAACACATAC,ATGGTGAGCAAGGGCGAGGAGCTGTTCACCGGGGTGGTGCCCATCCTGGTC,test,RPL8A,3.53312725617423,-0.12744000554084778
RPL8A_885,CCGACGCAAACAAATTGGAAAAACCAACGCAAAAAAAAAAAGACGCTAAATTGTTTATAAAGGCGAGGAATTTGTATCTATCAATTACTATTCCAGTTGTCAGTTTACATTGCTTACCCTCTATTATCACATCAAAACAACCGGAAATAC,ATGGTGAGCAAGGGCGAGGAGCTGTTCACCGGGGTGGTGCCCATCCTGGTC,test,RPL8A,2.8006164166556,-0.340450644493103
RPL8A_886,CCGACGCAAACAAATTGGAAAAACCAACGCAAAAAAAAAAAGACGCTAAATTGTTTATAAAGGCGAGGAATTTGTATCTATCAATTACTATTCCAGTTGTCAGTTTACATTGCTTACCCTCTATTATCACATCAAAACAAGGCCCGTGAC,ATGGTGAGCAAGGGCGAGGAGCTGTTCACCGGGGTGGTGCCCATCCTGGTC,test,RPL8A,6.81132372424066,-0.3299282193183899
RPL8A_887,CCGACGCAAACAAATTGGAAAAACCAACGCAAAAAAAAAAAGACGCTAAATTGTTTATAAAGGCGAGGAATTTGTATCTATCAATTACTATTCCAGTTGTCAGTTTACATTGCTTACCCTCTATTATCACATCAAAACAAAGCCAGTGAC,ATGGTGAGCAAGGGCGAGGAGCTGTTCACCGGGGTGGTGCCCATCCTGGTC,test,RPL8A,7.14296441190449,-0.14744195342063904
RPL8A_888,CCGACGCAAACAAATTGGAAAAACCAACGCAAAAAAAAAAAGACGCTAAATTGTTTATAAAGGCGAGGAATTTGTATCTATCAATTACTATTCCAGTTGTCAGTTTACATTGCTTACCCTCTATTATCACATCAAAACAAGAACGCTGAC,ATGGTGAGCAAGGGCGAGGAGCTGTTCACCGGGGTGGTGCCCATCCTGGTC,test,RPL8A,11.0678247165809,-0.09644507616758347
RPL8A_889,CCGACGCAAACAAATTGGAAAAACCAACGCAAAAAAAAAAAGACGCTAAATTGTTTATAAAGGCGAGGAATTTGTATCTATCAATTACTATTCCAGTTGTCAGTTTACATTGCTTACCCTCTATTATCACATCAAAACAAACCAGCTGAC,ATGGTGAGCAAGGGCGAGGAGCTGTTCACCGGGGTGGTGCCCATCCTGGTC,test,RPL8A,9.6457678829646,-0.06255559623241425
RPL8A_890,CCGACGCAAACAAATTGGAAAAACCAACGCAAAAAAAAAAAGACGCTAAATTGTTTATAAAGGCGAGGAATTTGTATCTATCAATTACTATTCCAGTTGTCAGTTTACATTGCTTACCCTCTATTATCACATCAAAACAAAATCCATGAC,ATGGTGAGCAAGGGCGAGGAGCTGTTCACCGGGGTGGTGCCCATCCTGGTC,test,RPL8A,2.1197021722606,-0.20430392026901245
RPL8A_891,CCGACGCAAACAAATTGGAAAAACCAACGCAAAAAAAAAAAGACGCTAAATTGTTTATAAAGGCGAGGAATTTGTATCTATCAATTACTATTCCAGTTGTCAGTTTACATTGCTTACCCTCTATTATCACATCAAAACAACATAAATGAC,ATGGTGAGCAAGGGCGAGGAGCTGTTCACCGGGGTGGTGCCCATCCTGGTC,test,RPL8A,2.09272144144742,-0.15862545371055603
RPL8A_892,CCGACGCAAACAAATTGGAAAAACCAACGCAAAAAAAAAAAGACGCTAAATTGTTTATAAAGGCGAGGAATTTGTATCTATCAATTACTATTCCAGTTGTCAGTTTACATTGCTTACCCTCTATTATCACATCAAAACAAACGCGTGGAC,ATGGTGAGCAAGGGCGAGGAGCTGTTCACCGGGGTGGTGCCCATCCTGGTC,test,RPL8A,7.11322672379859,-0.3457637429237366
RPL8A_893,CCGACGCAAACAAATTGGAAAAACCAACGCAAAAAAAAAAAGACGCTAAATTGTTTATAAAGGCGAGGAATTTGTATCTATCAATTACTATTCCAGTTGTCAGTTTACATTGCTTACCCTCTATTATCACATCAAAACAAACCAGTGGAC,ATGGTGAGCAAGGGCGAGGAGCTGTTCACCGGGGTGGTGCCCATCCTGGTC,test,RPL8A,4.35476027435154,-0.22592508792877197
RPL8A_894,CCGACGCAAACAAATTGGAAAAACCAACGCAAAAAAAAAAAGACGCTAAATTGTTTATAAAGGCGAGGAATTTGTATCTATCAATTACTATTCCAGTTGTCAGTTTACATTGCTTACCCTCTATTATCACATCAAAACAACCACCCGGAC,ATGGTGAGCAAGGGCGAGGAGCTGTTCACCGGGGTGGTGCCCATCCTGGTC,test,RPL8A,2.8511483207532,-0.32787758111953735
RPL8A_895,CCGACGCAAACAAATTGGAAAAACCAACGCAAAAAAAAAAAGACGCTAAATTGTTTATAAAGGCGAGGAATTTGTATCTATCAATTACTATTCCAGTTGTCAGTTTACATTGCTTACCCTCTATTATCACATCAAAACAAATCAACGGAC,ATGGTGAGCAAGGGCGAGGAGCTGTTCACCGGGGTGGTGCCCATCCTGGTC,test,RPL8A,7.91643417390788,-0.3340153694152832
RPL8A_896,CCGACGCAAACAAATTGGAAAAACCAACGCAAAAAAAAAAAGACGCTAAATTGTTTATAAAGGCGAGGAATTTGTATCTATCAATTACTATTCCAGTTGTCAGTTTACATTGCTTACCCTCTATTATCACATCAAAACAACATACAGGAC,ATGGTGAGCAAGGGCGAGGAGCTGTTCACCGGGGTGGTGCCCATCCTGGTC,test,RPL8A,7.26520125116515,0.1502310037612915
RPL8A_897,CCGACGCAAACAAATTGGAAAAACCAACGCAAAAAAAAAAAGACGCTAAATTGTTTATAAAGGCGAGGAATTTGTATCTATCAATTACTATTCCAGTTGTCAGTTTACATTGCTTACCCTCTATTATCACATCAAAACAACGTAAAGGAC,ATGGTGAGCAAGGGCGAGGAGCTGTTCACCGGGGTGGTGCCCATCCTGGTC,test,RPL8A,6.81909387065099,-0.038223735988140106
RPL8A_898,CCGACGCAAACAAATTGGAAAAACCAACGCAAAAAAAAAAAGACGCTAAATTGTTTATAAAGGCGAGGAATTTGTATCTATCAATTACTATTCCAGTTGTCAGTTTACATTGCTTACCCTCTATTATCACATCAAAACAAACAAAAGGAC,ATGGTGAGCAAGGGCGAGGAGCTGTTCACCGGGGTGGTGCCCATCCTGGTC,test,RPL8A,7.46226812599068,-0.13667070865631104
RPL8A_899,CCGACGCAAACAAATTGGAAAAACCAACGCAAAAAAAAAAAGACGCTAAATTGTTTATAAAGGCGAGGAATTTGTATCTATCAATTACTATTCCAGTTGTCAGTTTACATTGCTTACCCTCTATTATCACATCAAAACAAAAGCGTCGAC,ATGGTGAGCAAGGGCGAGGAGCTGTTCACCGGGGTGGTGCCCATCCTGGTC,test,RPL8A,9.70276148860557,-0.043891482055187225
RPL8A_900,CCGACGCAAACAAATTGGAAAAACCAACGCAAAAAAAAAAAGACGCTAAATTGTTTATAAAGGCGAGGAATTTGTATCTATCAATTACTATTCCAGTTGTCAGTTTACATTGCTTACCCTCTATTATCACATCAAAACAACATCATCGAC,ATGGTGAGCAAGGGCGAGGAGCTGTTCACCGGGGTGGTGCCCATCCTGGTC,test,RPL8A,8.4209640807236,-0.04893127828836441
RPL8A_901,CCGACGCAAACAAATTGGAAAAACCAACGCAAAAAAAAAAAGACGCTAAATTGTTTATAAAGGCGAGGAATTTGTATCTATCAATTACTATTCCAGTTGTCAGTTTACATTGCTTACCCTCTATTATCACATCAAAACAAAAGAAGCGAC,ATGGTGAGCAAGGGCGAGGAGCTGTTCACCGGGGTGGTGCCCATCCTGGTC,test,RPL8A,8.67036327710527,-0.10496262460947037
RPL8A_902,CCGACGCAAACAAATTGGAAAAACCAACGCAAAAAAAAAAAGACGCTAAATTGTTTATAAAGGCGAGGAATTTGTATCTATCAATTACTATTCCAGTTGTCAGTTTACATTGCTTACCCTCTATTATCACATCAAAACAATAAGGCCGAC,ATGGTGAGCAAGGGCGAGGAGCTGTTCACCGGGGTGGTGCCCATCCTGGTC,test,RPL8A,7.83553674736985,-0.11986736208200455
RPL8A_903,CCGACGCAAACAAATTGGAAAAACCAACGCAAAAAAAAAAAGACGCTAAATTGTTTATAAAGGCGAGGAATTTGTATCTATCAATTACTATTCCAGTTGTCAGTTTACATTGCTTACCCTCTATTATCACATCAAAACAAAAAGCCCGAC,ATGGTGAGCAAGGGCGAGGAGCTGTTCACCGGGGTGGTGCCCATCCTGGTC,test,RPL8A,11.6386381537519,-0.2654455900192261
RPL8A_904,CCGACGCAAACAAATTGGAAAAACCAACGCAAAAAAAAAAAGACGCTAAATTGTTTATAAAGGCGAGGAATTTGTATCTATCAATTACTATTCCAGTTGTCAGTTTACATTGCTTACCCTCTATTATCACATCAAAACAACCTCCCCGAC,ATGGTGAGCAAGGGCGAGGAGCTGTTCACCGGGGTGGTGCCCATCCTGGTC,test,RPL8A,8.85713312211674,-0.10634098201990128
RPL8A_905,CCGACGCAAACAAATTGGAAAAACCAACGCAAAAAAAAAAAGACGCTAAATTGTTTATAAAGGCGAGGAATTTGTATCTATCAATTACTATTCCAGTTGTCAGTTTACATTGCTTACCCTCTATTATCACATCAAAACAAGACCCCCGAC,ATGGTGAGCAAGGGCGAGGAGCTGTTCACCGGGGTGGTGCCCATCCTGGTC,test,RPL8A,9.76318875655996,-0.132501482963562
RPL8A_906,CCGACGCAAACAAATTGGAAAAACCAACGCAAAAAAAAAAAGACGCTAAATTGTTTATAAAGGCGAGGAATTTGTATCTATCAATTACTATTCCAGTTGTCAGTTTACATTGCTTACCCTCTATTATCACATCAAAACAAACAAACCGAC,ATGGTGAGCAAGGGCGAGGAGCTGTTCACCGGGGTGGTGCCCATCCTGGTC,test,RPL8A,11.0484402823337,-0.2791459262371063
RPL8A_907,CCGACGCAAACAAATTGGAAAAACCAACGCAAAAAAAAAAAGACGCTAAATTGTTTATAAAGGCGAGGAATTTGTATCTATCAATTACTATTCCAGTTGTCAGTTTACATTGCTTACCCTCTATTATCACATCAAAACAACAAAACCGAC,ATGGTGAGCAAGGGCGAGGAGCTGTTCACCGGGGTGGTGCCCATCCTGGTC,test,RPL8A,10.8950632676978,-0.17119121551513672
RPL8A_908,CCGACGCAAACAAATTGGAAAAACCAACGCAAAAAAAAAAAGACGCTAAATTGTTTATAAAGGCGAGGAATTTGTATCTATCAATTACTATTCCAGTTGTCAGTTTACATTGCTTACCCTCTATTATCACATCAAAACAACCAGTACGAC,ATGGTGAGCAAGGGCGAGGAGCTGTTCACCGGGGTGGTGCCCATCCTGGTC,test,RPL8A,8.44090395038288,-0.19414737820625305
RPL8A_909,CCGACGCAAACAAATTGGAAAAACCAACGCAAAAAAAAAAAGACGCTAAATTGTTTATAAAGGCGAGGAATTTGTATCTATCAATTACTATTCCAGTTGTCAGTTTACATTGCTTACCCTCTATTATCACATCAAAACAAATCCGACGAC,ATGGTGAGCAAGGGCGAGGAGCTGTTCACCGGGGTGGTGCCCATCCTGGTC,test,RPL8A,8.20330585062531,-0.1020253524184227
RPL8A_910,CCGACGCAAACAAATTGGAAAAACCAACGCAAAAAAAAAAAGACGCTAAATTGTTTATAAAGGCGAGGAATTTGTATCTATCAATTACTATTCCAGTTGTCAGTTTACATTGCTTACCCTCTATTATCACATCAAAACAAACACGACGAC,ATGGTGAGCAAGGGCGAGGAGCTGTTCACCGGGGTGGTGCCCATCCTGGTC,test,RPL8A,4.79791846042135,-0.0822153389453888
RPL8A_911,CCGACGCAAACAAATTGGAAAAACCAACGCAAAAAAAAAAAGACGCTAAATTGTTTATAAAGGCGAGGAATTTGTATCTATCAATTACTATTCCAGTTGTCAGTTTACATTGCTTACCCTCTATTATCACATCAAAACAATATACACGAC,ATGGTGAGCAAGGGCGAGGAGCTGTTCACCGGGGTGGTGCCCATCCTGGTC,test,RPL8A,10.6272265035245,-0.003937732428312302
RPL8A_912,CCGACGCAAACAAATTGGAAAAACCAACGCAAAAAAAAAAAGACGCTAAATTGTTTATAAAGGCGAGGAATTTGTATCTATCAATTACTATTCCAGTTGTCAGTTTACATTGCTTACCCTCTATTATCACATCAAAACAACAGAAACGAC,ATGGTGAGCAAGGGCGAGGAGCTGTTCACCGGGGTGGTGCCCATCCTGGTC,test,RPL8A,10.4096723381718,0.04885615408420563
RPL8A_913,CCGACGCAAACAAATTGGAAAAACCAACGCAAAAAAAAAAAGACGCTAAATTGTTTATAAAGGCGAGGAATTTGTATCTATCAATTACTATTCCAGTTGTCAGTTTACATTGCTTACCCTCTATTATCACATCAAAACAAGGAAAACGAC,ATGGTGAGCAAGGGCGAGGAGCTGTTCACCGGGGTGGTGCCCATCCTGGTC,test,RPL8A,9.98535322034286,-0.12057263404130936
RPL8A_914,CCGACGCAAACAAATTGGAAAAACCAACGCAAAAAAAAAAAGACGCTAAATTGTTTATAAAGGCGAGGAATTTGTATCTATCAATTACTATTCCAGTTGTCAGTTTACATTGCTTACCCTCTATTATCACATCAAAACAAGCAATGAGAC,ATGGTGAGCAAGGGCGAGGAGCTGTTCACCGGGGTGGTGCCCATCCTGGTC,test,RPL8A,3.2406976910168,-0.15902778506278992
RPL8A_915,CCGACGCAAACAAATTGGAAAAACCAACGCAAAAAAAAAAAGACGCTAAATTGTTTATAAAGGCGAGGAATTTGTATCTATCAATTACTATTCCAGTTGTCAGTTTACATTGCTTACCCTCTATTATCACATCAAAACAAAATACGAGAC,ATGGTGAGCAAGGGCGAGGAGCTGTTCACCGGGGTGGTGCCCATCCTGGTC,test,RPL8A,8.95927671959333,-0.3676634728908539
RPL8A_916,CCGACGCAAACAAATTGGAAAAACCAACGCAAAAAAAAAAAGACGCTAAATTGTTTATAAAGGCGAGGAATTTGTATCTATCAATTACTATTCCAGTTGTCAGTTTACATTGCTTACCCTCTATTATCACATCAAAACAAGGAAAGAGAC,ATGGTGAGCAAGGGCGAGGAGCTGTTCACCGGGGTGGTGCCCATCCTGGTC,test,RPL8A,10.365321032113,-0.10067624598741531
RPL8A_917,CCGACGCAAACAAATTGGAAAAACCAACGCAAAAAAAAAAAGACGCTAAATTGTTTATAAAGGCGAGGAATTTGTATCTATCAATTACTATTCCAGTTGTCAGTTTACATTGCTTACCCTCTATTATCACATCAAAACAAAGAATCAGAC,ATGGTGAGCAAGGGCGAGGAGCTGTTCACCGGGGTGGTGCCCATCCTGGTC,test,RPL8A,11.1828032809926,-0.2976541817188263
RPL8A_918,CCGACGCAAACAAATTGGAAAAACCAACGCAAAAAAAAAAAGACGCTAAATTGTTTATAAAGGCGAGGAATTTGTATCTATCAATTACTATTCCAGTTGTCAGTTTACATTGCTTACCCTCTATTATCACATCAAAACAAGCATCCAGAC,ATGGTGAGCAAGGGCGAGGAGCTGTTCACCGGGGTGGTGCCCATCCTGGTC,test,RPL8A,10.4575017604323,-0.0010947175323963165
RPL8A_919,CCGACGCAAACAAATTGGAAAAACCAACGCAAAAAAAAAAAGACGCTAAATTGTTTATAAAGGCGAGGAATTTGTATCTATCAATTACTATTCCAGTTGTCAGTTTACATTGCTTACCCTCTATTATCACATCAAAACAACCATCCAGAC,ATGGTGAGCAAGGGCGAGGAGCTGTTCACCGGGGTGGTGCCCATCCTGGTC,test,RPL8A,8.76862551083611,-0.18948066234588623
RPL8A_920,CCGACGCAAACAAATTGGAAAAACCAACGCAAAAAAAAAAAGACGCTAAATTGTTTATAAAGGCGAGGAATTTGTATCTATCAATTACTATTCCAGTTGTCAGTTTACATTGCTTACCCTCTATTATCACATCAAAACAAATAGCCAGAC,ATGGTGAGCAAGGGCGAGGAGCTGTTCACCGGGGTGGTGCCCATCCTGGTC,test,RPL8A,10.8949045358393,-0.3064334988594055
RPL8A_921,CCGACGCAAACAAATTGGAAAAACCAACGCAAAAAAAAAAAGACGCTAAATTGTTTATAAAGGCGAGGAATTTGTATCTATCAATTACTATTCCAGTTGTCAGTTTACATTGCTTACCCTCTATTATCACATCAAAACAACAAGCCAGAC,ATGGTGAGCAAGGGCGAGGAGCTGTTCACCGGGGTGGTGCCCATCCTGGTC,test,RPL8A,10.8302670252452,-0.28665822744369507
RPL8A_922,CCGACGCAAACAAATTGGAAAAACCAACGCAAAAAAAAAAAGACGCTAAATTGTTTATAAAGGCGAGGAATTTGTATCTATCAATTACTATTCCAGTTGTCAGTTTACATTGCTTACCCTCTATTATCACATCAAAACAACCTCCCAGAC,ATGGTGAGCAAGGGCGAGGAGCTGTTCACCGGGGTGGTGCCCATCCTGGTC,test,RPL8A,9.12432866724725,-0.1365402638912201
RPL8A_923,CCGACGCAAACAAATTGGAAAAACCAACGCAAAAAAAAAAAGACGCTAAATTGTTTATAAAGGCGAGGAATTTGTATCTATCAATTACTATTCCAGTTGTCAGTTTACATTGCTTACCCTCTATTATCACATCAAAACAAGAAACCAGAC,ATGGTGAGCAAGGGCGAGGAGCTGTTCACCGGGGTGGTGCCCATCCTGGTC,test,RPL8A,10.9306649669325,-0.19867902994155884
RPL8A_924,CCGACGCAAACAAATTGGAAAAACCAACGCAAAAAAAAAAAGACGCTAAATTGTTTATAAAGGCGAGGAATTTGTATCTATCAATTACTATTCCAGTTGTCAGTTTACATTGCTTACCCTCTATTATCACATCAAAACAAAGATTAAGAC,ATGGTGAGCAAGGGCGAGGAGCTGTTCACCGGGGTGGTGCCCATCCTGGTC,test,RPL8A,10.2925108444348,-0.11403722316026688
RPL8A_925,CCGACGCAAACAAATTGGAAAAACCAACGCAAAAAAAAAAAGACGCTAAATTGTTTATAAAGGCGAGGAATTTGTATCTATCAATTACTATTCCAGTTGTCAGTTTACATTGCTTACCCTCTATTATCACATCAAAACAAAGTCTAAGAC,ATGGTGAGCAAGGGCGAGGAGCTGTTCACCGGGGTGGTGCCCATCCTGGTC,test,RPL8A,9.40131867508206,-0.28092366456985474
RPL8A_926,CCGACGCAAACAAATTGGAAAAACCAACGCAAAAAAAAAAAGACGCTAAATTGTTTATAAAGGCGAGGAATTTGTATCTATCAATTACTATTCCAGTTGTCAGTTTACATTGCTTACCCTCTATTATCACATCAAAACAAATTCCAAGAC,ATGGTGAGCAAGGGCGAGGAGCTGTTCACCGGGGTGGTGCCCATCCTGGTC,test,RPL8A,10.608618178933,-0.22890540957450867
RPL8A_927,CCGACGCAAACAAATTGGAAAAACCAACGCAAAAAAAAAAAGACGCTAAATTGTTTATAAAGGCGAGGAATTTGTATCTATCAATTACTATTCCAGTTGTCAGTTTACATTGCTTACCCTCTATTATCACATCAAAACAATCAACAAGAC,ATGGTGAGCAAGGGCGAGGAGCTGTTCACCGGGGTGGTGCCCATCCTGGTC,test,RPL8A,10.1576747149152,-0.03816397488117218
RPL8A_928,CCGACGCAAACAAATTGGAAAAACCAACGCAAAAAAAAAAAGACGCTAAATTGTTTATAAAGGCGAGGAATTTGTATCTATCAATTACTATTCCAGTTGTCAGTTTACATTGCTTACCCTCTATTATCACATCAAAACAACATGCGTCAC,ATGGTGAGCAAGGGCGAGGAGCTGTTCACCGGGGTGGTGCCCATCCTGGTC,test,RPL8A,7.59812712757151,-0.158094584941864
RPL8A_929,CCGACGCAAACAAATTGGAAAAACCAACGCAAAAAAAAAAAGACGCTAAATTGTTTATAAAGGCGAGGAATTTGTATCTATCAATTACTATTCCAGTTGTCAGTTTACATTGCTTACCCTCTATTATCACATCAAAACAATACGTCTCAC,ATGGTGAGCAAGGGCGAGGAGCTGTTCACCGGGGTGGTGCCCATCCTGGTC,test,RPL8A,8.02531341244839,-0.10366909950971603
RPL8A_930,CCGACGCAAACAAATTGGAAAAACCAACGCAAAAAAAAAAAGACGCTAAATTGTTTATAAAGGCGAGGAATTTGTATCTATCAATTACTATTCCAGTTGTCAGTTTACATTGCTTACCCTCTATTATCACATCAAAACAACAAATCTCAC,ATGGTGAGCAAGGGCGAGGAGCTGTTCACCGGGGTGGTGCCCATCCTGGTC,test,RPL8A,8.57583650624633,0.045311056077480316
RPL8A_931,CCGACGCAAACAAATTGGAAAAACCAACGCAAAAAAAAAAAGACGCTAAATTGTTTATAAAGGCGAGGAATTTGTATCTATCAATTACTATTCCAGTTGTCAGTTTACATTGCTTACCCTCTATTATCACATCAAAACAAGACCGCTCAC,ATGGTGAGCAAGGGCGAGGAGCTGTTCACCGGGGTGGTGCCCATCCTGGTC,test,RPL8A,5.9712152525033,-6.912648677825928e-05
RPL8A_932,CCGACGCAAACAAATTGGAAAAACCAACGCAAAAAAAAAAAGACGCTAAATTGTTTATAAAGGCGAGGAATTTGTATCTATCAATTACTATTCCAGTTGTCAGTTTACATTGCTTACCCTCTATTATCACATCAAAACAACTCAGCTCAC,ATGGTGAGCAAGGGCGAGGAGCTGTTCACCGGGGTGGTGCCCATCCTGGTC,test,RPL8A,9.91187939557766,0.02634904533624649
RPL8A_933,CCGACGCAAACAAATTGGAAAAACCAACGCAAAAAAAAAAAGACGCTAAATTGTTTATAAAGGCGAGGAATTTGTATCTATCAATTACTATTCCAGTTGTCAGTTTACATTGCTTACCCTCTATTATCACATCAAAACAACCTATATCAC,ATGGTGAGCAAGGGCGAGGAGCTGTTCACCGGGGTGGTGCCCATCCTGGTC,test,RPL8A,5.71113864758931,0.015476759523153305
RPL8A_934,CCGACGCAAACAAATTGGAAAAACCAACGCAAAAAAAAAAAGACGCTAAATTGTTTATAAAGGCGAGGAATTTGTATCTATCAATTACTATTCCAGTTGTCAGTTTACATTGCTTACCCTCTATTATCACATCAAAACAACAAGAATCAC,ATGGTGAGCAAGGGCGAGGAGCTGTTCACCGGGGTGGTGCCCATCCTGGTC,test,RPL8A,6.23531485856477,-0.09095492213964462
RPL8A_935,CCGACGCAAACAAATTGGAAAAACCAACGCAAAAAAAAAAAGACGCTAAATTGTTTATAAAGGCGAGGAATTTGTATCTATCAATTACTATTCCAGTTGTCAGTTTACATTGCTTACCCTCTATTATCACATCAAAACAAACACAATCAC,ATGGTGAGCAAGGGCGAGGAGCTGTTCACCGGGGTGGTGCCCATCCTGGTC,test,RPL8A,6.03031635455124,-0.10388892143964767
RPL8A_936,CCGACGCAAACAAATTGGAAAAACCAACGCAAAAAAAAAAAGACGCTAAATTGTTTATAAAGGCGAGGAATTTGTATCTATCAATTACTATTCCAGTTGTCAGTTTACATTGCTTACCCTCTATTATCACATCAAAACAACGGCGTGCAC,ATGGTGAGCAAGGGCGAGGAGCTGTTCACCGGGGTGGTGCCCATCCTGGTC,test,RPL8A,4.08121923355642,-0.1052842065691948
RPL8A_937,CCGACGCAAACAAATTGGAAAAACCAACGCAAAAAAAAAAAGACGCTAAATTGTTTATAAAGGCGAGGAATTTGTATCTATCAATTACTATTCCAGTTGTCAGTTTACATTGCTTACCCTCTATTATCACATCAAAACAACAAAAGGCAC,ATGGTGAGCAAGGGCGAGGAGCTGTTCACCGGGGTGGTGCCCATCCTGGTC,test,RPL8A,5.04904991117876,-0.05525053292512894
RPL8A_938,CCGACGCAAACAAATTGGAAAAACCAACGCAAAAAAAAAAAGACGCTAAATTGTTTATAAAGGCGAGGAATTTGTATCTATCAATTACTATTCCAGTTGTCAGTTTACATTGCTTACCCTCTATTATCACATCAAAACAAACATCCGCAC,ATGGTGAGCAAGGGCGAGGAGCTGTTCACCGGGGTGGTGCCCATCCTGGTC,test,RPL8A,8.63858458285776,0.0017613191157579422
RPL8A_939,CCGACGCAAACAAATTGGAAAAACCAACGCAAAAAAAAAAAGACGCTAAATTGTTTATAAAGGCGAGGAATTTGTATCTATCAATTACTATTCCAGTTGTCAGTTTACATTGCTTACCCTCTATTATCACATCAAAACAAAACGCCGCAC,ATGGTGAGCAAGGGCGAGGAGCTGTTCACCGGGGTGGTGCCCATCCTGGTC,test,RPL8A,8.96217928687544,-0.24253639578819275
RPL8A_940,CCGACGCAAACAAATTGGAAAAACCAACGCAAAAAAAAAAAGACGCTAAATTGTTTATAAAGGCGAGGAATTTGTATCTATCAATTACTATTCCAGTTGTCAGTTTACATTGCTTACCCTCTATTATCACATCAAAACAATTAGCCGCAC,ATGGTGAGCAAGGGCGAGGAGCTGTTCACCGGGGTGGTGCCCATCCTGGTC,test,RPL8A,8.38626948317805,-0.144486665725708
RPL8A_941,CCGACGCAAACAAATTGGAAAAACCAACGCAAAAAAAAAAAGACGCTAAATTGTTTATAAAGGCGAGGAATTTGTATCTATCAATTACTATTCCAGTTGTCAGTTTACATTGCTTACCCTCTATTATCACATCAAAACAACTACGAGCAC,ATGGTGAGCAAGGGCGAGGAGCTGTTCACCGGGGTGGTGCCCATCCTGGTC,test,RPL8A,7.20196442044515,-0.04315198212862015
RPL8A_942,CCGACGCAAACAAATTGGAAAAACCAACGCAAAAAAAAAAAGACGCTAAATTGTTTATAAAGGCGAGGAATTTGTATCTATCAATTACTATTCCAGTTGTCAGTTTACATTGCTTACCCTCTATTATCACATCAAAACAAACCGCAGCAC,ATGGTGAGCAAGGGCGAGGAGCTGTTCACCGGGGTGGTGCCCATCCTGGTC,test,RPL8A,5.56552489537597,-0.1982065737247467
RPL8A_943,CCGACGCAAACAAATTGGAAAAACCAACGCAAAAAAAAAAAGACGCTAAATTGTTTATAAAGGCGAGGAATTTGTATCTATCAATTACTATTCCAGTTGTCAGTTTACATTGCTTACCCTCTATTATCACATCAAAACAAGAAACAGCAC,ATGGTGAGCAAGGGCGAGGAGCTGTTCACCGGGGTGGTGCCCATCCTGGTC,test,RPL8A,2.90216117074995,-0.03953719884157181
RPL8A_944,CCGACGCAAACAAATTGGAAAAACCAACGCAAAAAAAAAAAGACGCTAAATTGTTTATAAAGGCGAGGAATTTGTATCTATCAATTACTATTCCAGTTGTCAGTTTACATTGCTTACCCTCTATTATCACATCAAAACAACCCGGTCCAC,ATGGTGAGCAAGGGCGAGGAGCTGTTCACCGGGGTGGTGCCCATCCTGGTC,test,RPL8A,7.72358185118446,-0.15030649304389954
RPL8A_945,CCGACGCAAACAAATTGGAAAAACCAACGCAAAAAAAAAAAGACGCTAAATTGTTTATAAAGGCGAGGAATTTGTATCTATCAATTACTATTCCAGTTGTCAGTTTACATTGCTTACCCTCTATTATCACATCAAAACAAATCCGTCCAC,ATGGTGAGCAAGGGCGAGGAGCTGTTCACCGGGGTGGTGCCCATCCTGGTC,test,RPL8A,9.09190536187898,-0.03137873485684395
RPL8A_946,CCGACGCAAACAAATTGGAAAAACCAACGCAAAAAAAAAAAGACGCTAAATTGTTTATAAAGGCGAGGAATTTGTATCTATCAATTACTATTCCAGTTGTCAGTTTACATTGCTTACCCTCTATTATCACATCAAAACAACTACGTCCAC,ATGGTGAGCAAGGGCGAGGAGCTGTTCACCGGGGTGGTGCCCATCCTGGTC,test,RPL8A,10.426332001524,-0.030560199171304703
RPL8A_947,CCGACGCAAACAAATTGGAAAAACCAACGCAAAAAAAAAAAGACGCTAAATTGTTTATAAAGGCGAGGAATTTGTATCTATCAATTACTATTCCAGTTGTCAGTTTACATTGCTTACCCTCTATTATCACATCAAAACAAGAAGATCCAC,ATGGTGAGCAAGGGCGAGGAGCTGTTCACCGGGGTGGTGCCCATCCTGGTC,test,RPL8A,9.29470244055418,-0.03491819277405739
RPL8A_948,CCGACGCAAACAAATTGGAAAAACCAACGCAAAAAAAAAAAGACGCTAAATTGTTTATAAAGGCGAGGAATTTGTATCTATCAATTACTATTCCAGTTGTCAGTTTACATTGCTTACCCTCTATTATCACATCAAAACAAGGTCATCCAC,ATGGTGAGCAAGGGCGAGGAGCTGTTCACCGGGGTGGTGCCCATCCTGGTC,test,RPL8A,6.62835355975838,-0.030882254242897034
RPL8A_949,CCGACGCAAACAAATTGGAAAAACCAACGCAAAAAAAAAAAGACGCTAAATTGTTTATAAAGGCGAGGAATTTGTATCTATCAATTACTATTCCAGTTGTCAGTTTACATTGCTTACCCTCTATTATCACATCAAAACAATCCAATCCAC,ATGGTGAGCAAGGGCGAGGAGCTGTTCACCGGGGTGGTGCCCATCCTGGTC,test,RPL8A,10.2734406954762,-0.1288316249847412
RPL8A_950,CCGACGCAAACAAATTGGAAAAACCAACGCAAAAAAAAAAAGACGCTAAATTGTTTATAAAGGCGAGGAATTTGTATCTATCAATTACTATTCCAGTTGTCAGTTTACATTGCTTACCCTCTATTATCACATCAAAACAAATACGGCCAC,ATGGTGAGCAAGGGCGAGGAGCTGTTCACCGGGGTGGTGCCCATCCTGGTC,test,RPL8A,8.18748181181179,-0.0791887417435646
RPL8A_951,CCGACGCAAACAAATTGGAAAAACCAACGCAAAAAAAAAAAGACGCTAAATTGTTTATAAAGGCGAGGAATTTGTATCTATCAATTACTATTCCAGTTGTCAGTTTACATTGCTTACCCTCTATTATCACATCAAAACAAGAATCGCCAC,ATGGTGAGCAAGGGCGAGGAGCTGTTCACCGGGGTGGTGCCCATCCTGGTC,test,RPL8A,7.15911151579663,-0.07015219330787659
RPL8A_952,CCGACGCAAACAAATTGGAAAAACCAACGCAAAAAAAAAAAGACGCTAAATTGTTTATAAAGGCGAGGAATTTGTATCTATCAATTACTATTCCAGTTGTCAGTTTACATTGCTTACCCTCTATTATCACATCAAAACAACTCATCCCAC,ATGGTGAGCAAGGGCGAGGAGCTGTTCACCGGGGTGGTGCCCATCCTGGTC,test,RPL8A,9.58395052211125,-0.026543602347373962
RPL8A_953,CCGACGCAAACAAATTGGAAAAACCAACGCAAAAAAAAAAAGACGCTAAATTGTTTATAAAGGCGAGGAATTTGTATCTATCAATTACTATTCCAGTTGTCAGTTTACATTGCTTACCCTCTATTATCACATCAAAACAACAAATCCCAC,ATGGTGAGCAAGGGCGAGGAGCTGTTCACCGGGGTGGTGCCCATCCTGGTC,test,RPL8A,10.3178504727172,-0.12935706973075867
RPL8A_954,CCGACGCAAACAAATTGGAAAAACCAACGCAAAAAAAAAAAGACGCTAAATTGTTTATAAAGGCGAGGAATTTGTATCTATCAATTACTATTCCAGTTGTCAGTTTACATTGCTTACCCTCTATTATCACATCAAAACAAGAATGCCCAC,ATGGTGAGCAAGGGCGAGGAGCTGTTCACCGGGGTGGTGCCCATCCTGGTC,test,RPL8A,2.05033696752764,-0.14261847734451294
RPL8A_955,CCGACGCAAACAAATTGGAAAAACCAACGCAAAAAAAAAAAGACGCTAAATTGTTTATAAAGGCGAGGAATTTGTATCTATCAATTACTATTCCAGTTGTCAGTTTACATTGCTTACCCTCTATTATCACATCAAAACAATCCAGCCCAC,ATGGTGAGCAAGGGCGAGGAGCTGTTCACCGGGGTGGTGCCCATCCTGGTC,test,RPL8A,10.1770629274656,-0.01616450399160385
RPL8A_956,CCGACGCAAACAAATTGGAAAAACCAACGCAAAAAAAAAAAGACGCTAAATTGTTTATAAAGGCGAGGAATTTGTATCTATCAATTACTATTCCAGTTGTCAGTTTACATTGCTTACCCTCTATTATCACATCAAAACAACCCAGCCCAC,ATGGTGAGCAAGGGCGAGGAGCTGTTCACCGGGGTGGTGCCCATCCTGGTC,test,RPL8A,8.92185940550095,-0.076214998960495
RPL8A_957,CCGACGCAAACAAATTGGAAAAACCAACGCAAAAAAAAAAAGACGCTAAATTGTTTATAAAGGCGAGGAATTTGTATCTATCAATTACTATTCCAGTTGTCAGTTTACATTGCTTACCCTCTATTATCACATCAAAACAAACAAGCCCAC,ATGGTGAGCAAGGGCGAGGAGCTGTTCACCGGGGTGGTGCCCATCCTGGTC,test,RPL8A,11.1752657227919,-0.09382407367229462
RPL8A_958,CCGACGCAAACAAATTGGAAAAACCAACGCAAAAAAAAAAAGACGCTAAATTGTTTATAAAGGCGAGGAATTTGTATCTATCAATTACTATTCCAGTTGTCAGTTTACATTGCTTACCCTCTATTATCACATCAAAACAAGATCCCCCAC,ATGGTGAGCAAGGGCGAGGAGCTGTTCACCGGGGTGGTGCCCATCCTGGTC,test,RPL8A,8.51003987558813,-0.009474184364080429
RPL8A_959,CCGACGCAAACAAATTGGAAAAACCAACGCAAAAAAAAAAAGACGCTAAATTGTTTATAAAGGCGAGGAATTTGTATCTATCAATTACTATTCCAGTTGTCAGTTTACATTGCTTACCCTCTATTATCACATCAAAACAACCGCCCCCAC,ATGGTGAGCAAGGGCGAGGAGCTGTTCACCGGGGTGGTGCCCATCCTGGTC,test,RPL8A,6.69337252972976,-0.07629508525133133
RPL8A_960,CCGACGCAAACAAATTGGAAAAACCAACGCAAAAAAAAAAAGACGCTAAATTGTTTATAAAGGCGAGGAATTTGTATCTATCAATTACTATTCCAGTTGTCAGTTTACATTGCTTACCCTCTATTATCACATCAAAACAAATCCCCCCAC,ATGGTGAGCAAGGGCGAGGAGCTGTTCACCGGGGTGGTGCCCATCCTGGTC,test,RPL8A,10.1343198002362,-0.12993109226226807
RPL8A_961,CCGACGCAAACAAATTGGAAAAACCAACGCAAAAAAAAAAAGACGCTAAATTGTTTATAAAGGCGAGGAATTTGTATCTATCAATTACTATTCCAGTTGTCAGTTTACATTGCTTACCCTCTATTATCACATCAAAACAAAAACCCCCAC,ATGGTGAGCAAGGGCGAGGAGCTGTTCACCGGGGTGGTGCCCATCCTGGTC,test,RPL8A,9.49165829213566,-0.19442790746688843
RPL8A_962,CCGACGCAAACAAATTGGAAAAACCAACGCAAAAAAAAAAAGACGCTAAATTGTTTATAAAGGCGAGGAATTTGTATCTATCAATTACTATTCCAGTTGTCAGTTTACATTGCTTACCCTCTATTATCACATCAAAACAAAAAGACCCAC,ATGGTGAGCAAGGGCGAGGAGCTGTTCACCGGGGTGGTGCCCATCCTGGTC,test,RPL8A,8.04989242375981,-0.14410582184791565
RPL8A_963,CCGACGCAAACAAATTGGAAAAACCAACGCAAAAAAAAAAAGACGCTAAATTGTTTATAAAGGCGAGGAATTTGTATCTATCAATTACTATTCCAGTTGTCAGTTTACATTGCTTACCCTCTATTATCACATCAAAACAATAGCACCCAC,ATGGTGAGCAAGGGCGAGGAGCTGTTCACCGGGGTGGTGCCCATCCTGGTC,test,RPL8A,5.86472303153448,-0.07146462053060532
RPL8A_964,CCGACGCAAACAAATTGGAAAAACCAACGCAAAAAAAAAAAGACGCTAAATTGTTTATAAAGGCGAGGAATTTGTATCTATCAATTACTATTCCAGTTGTCAGTTTACATTGCTTACCCTCTATTATCACATCAAAACAACACAACCCAC,ATGGTGAGCAAGGGCGAGGAGCTGTTCACCGGGGTGGTGCCCATCCTGGTC,test,RPL8A,6.6149507033639,-0.21595969796180725
RPL8A_965,CCGACGCAAACAAATTGGAAAAACCAACGCAAAAAAAAAAAGACGCTAAATTGTTTATAAAGGCGAGGAATTTGTATCTATCAATTACTATTCCAGTTGTCAGTTTACATTGCTTACCCTCTATTATCACATCAAAACAACCAAACCCAC,ATGGTGAGCAAGGGCGAGGAGCTGTTCACCGGGGTGGTGCCCATCCTGGTC,test,RPL8A,6.25861499572362,-0.19997256994247437
RPL8A_966,CCGACGCAAACAAATTGGAAAAACCAACGCAAAAAAAAAAAGACGCTAAATTGTTTATAAAGGCGAGGAATTTGTATCTATCAATTACTATTCCAGTTGTCAGTTTACATTGCTTACCCTCTATTATCACATCAAAACAAAATATACCAC,ATGGTGAGCAAGGGCGAGGAGCTGTTCACCGGGGTGGTGCCCATCCTGGTC,test,RPL8A,8.93467121365979,0.017850656062364578
RPL8A_967,CCGACGCAAACAAATTGGAAAAACCAACGCAAAAAAAAAAAGACGCTAAATTGTTTATAAAGGCGAGGAATTTGTATCTATCAATTACTATTCCAGTTGTCAGTTTACATTGCTTACCCTCTATTATCACATCAAAACAACAAATACCAC,ATGGTGAGCAAGGGCGAGGAGCTGTTCACCGGGGTGGTGCCCATCCTGGTC,test,RPL8A,9.36483284545668,-0.15479311347007751
RPL8A_968,CCGACGCAAACAAATTGGAAAAACCAACGCAAAAAAAAAAAGACGCTAAATTGTTTATAAAGGCGAGGAATTTGTATCTATCAATTACTATTCCAGTTGTCAGTTTACATTGCTTACCCTCTATTATCACATCAAAACAAAGCAGACCAC,ATGGTGAGCAAGGGCGAGGAGCTGTTCACCGGGGTGGTGCCCATCCTGGTC,test,RPL8A,7.76624702772416,-0.055087678134441376
RPL8A_969,CCGACGCAAACAAATTGGAAAAACCAACGCAAAAAAAAAAAGACGCTAAATTGTTTATAAAGGCGAGGAATTTGTATCTATCAATTACTATTCCAGTTGTCAGTTTACATTGCTTACCCTCTATTATCACATCAAAACAAAGAAGACCAC,ATGGTGAGCAAGGGCGAGGAGCTGTTCACCGGGGTGGTGCCCATCCTGGTC,test,RPL8A,8.05743361475195,-0.07416845858097076
RPL8A_970,CCGACGCAAACAAATTGGAAAAACCAACGCAAAAAAAAAAAGACGCTAAATTGTTTATAAAGGCGAGGAATTTGTATCTATCAATTACTATTCCAGTTGTCAGTTTACATTGCTTACCCTCTATTATCACATCAAAACAACCTACACCAC,ATGGTGAGCAAGGGCGAGGAGCTGTTCACCGGGGTGGTGCCCATCCTGGTC,test,RPL8A,3.34475690728716,-0.038923196494579315
RPL8A_971,CCGACGCAAACAAATTGGAAAAACCAACGCAAAAAAAAAAAGACGCTAAATTGTTTATAAAGGCGAGGAATTTGTATCTATCAATTACTATTCCAGTTGTCAGTTTACATTGCTTACCCTCTATTATCACATCAAAACAAAGAACACCAC,ATGGTGAGCAAGGGCGAGGAGCTGTTCACCGGGGTGGTGCCCATCCTGGTC,test,RPL8A,5.03670650426006,-0.0894685760140419
RPL8A_972,CCGACGCAAACAAATTGGAAAAACCAACGCAAAAAAAAAAAGACGCTAAATTGTTTATAAAGGCGAGGAATTTGTATCTATCAATTACTATTCCAGTTGTCAGTTTACATTGCTTACCCTCTATTATCACATCAAAACAAACTCAACCAC,ATGGTGAGCAAGGGCGAGGAGCTGTTCACCGGGGTGGTGCCCATCCTGGTC,test,RPL8A,6.96733798823859,-0.14281946420669556
RPL8A_973,CCGACGCAAACAAATTGGAAAAACCAACGCAAAAAAAAAAAGACGCTAAATTGTTTATAAAGGCGAGGAATTTGTATCTATCAATTACTATTCCAGTTGTCAGTTTACATTGCTTACCCTCTATTATCACATCAAAACAACCCCAACCAC,ATGGTGAGCAAGGGCGAGGAGCTGTTCACCGGGGTGGTGCCCATCCTGGTC,test,RPL8A,6.7204968417131,-0.2534106373786926
RPL8A_974,CCGACGCAAACAAATTGGAAAAACCAACGCAAAAAAAAAAAGACGCTAAATTGTTTATAAAGGCGAGGAATTTGTATCTATCAATTACTATTCCAGTTGTCAGTTTACATTGCTTACCCTCTATTATCACATCAAAACAAAACCAACCAC,ATGGTGAGCAAGGGCGAGGAGCTGTTCACCGGGGTGGTGCCCATCCTGGTC,test,RPL8A,7.1517143520765,-0.14821848273277283
RPL8A_975,CCGACGCAAACAAATTGGAAAAACCAACGCAAAAAAAAAAAGACGCTAAATTGTTTATAAAGGCGAGGAATTTGTATCTATCAATTACTATTCCAGTTGTCAGTTTACATTGCTTACCCTCTATTATCACATCAAAACAAACGAAACCAC,ATGGTGAGCAAGGGCGAGGAGCTGTTCACCGGGGTGGTGCCCATCCTGGTC,test,RPL8A,7.6864926569458,-0.09459541738033295
RPL8A_976,CCGACGCAAACAAATTGGAAAAACCAACGCAAAAAAAAAAAGACGCTAAATTGTTTATAAAGGCGAGGAATTTGTATCTATCAATTACTATTCCAGTTGTCAGTTTACATTGCTTACCCTCTATTATCACATCAAAACAATCCAAACCAC,ATGGTGAGCAAGGGCGAGGAGCTGTTCACCGGGGTGGTGCCCATCCTGGTC,test,RPL8A,6.65373645987805,-0.1884610950946808
RPL8A_977,CCGACGCAAACAAATTGGAAAAACCAACGCAAAAAAAAAAAGACGCTAAATTGTTTATAAAGGCGAGGAATTTGTATCTATCAATTACTATTCCAGTTGTCAGTTTACATTGCTTACCCTCTATTATCACATCAAAACAAGCAAAACCAC,ATGGTGAGCAAGGGCGAGGAGCTGTTCACCGGGGTGGTGCCCATCCTGGTC,test,RPL8A,7.66305254781096,-0.12148352712392807
RPL8A_978,CCGACGCAAACAAATTGGAAAAACCAACGCAAAAAAAAAAAGACGCTAAATTGTTTATAAAGGCGAGGAATTTGTATCTATCAATTACTATTCCAGTTGTCAGTTTACATTGCTTACCCTCTATTATCACATCAAAACAACTGTTTACAC,ATGGTGAGCAAGGGCGAGGAGCTGTTCACCGGGGTGGTGCCCATCCTGGTC,test,RPL8A,8.38395815515785,-0.16239988803863525
RPL8A_979,CCGACGCAAACAAATTGGAAAAACCAACGCAAAAAAAAAAAGACGCTAAATTGTTTATAAAGGCGAGGAATTTGTATCTATCAATTACTATTCCAGTTGTCAGTTTACATTGCTTACCCTCTATTATCACATCAAAACAATACTTTACAC,ATGGTGAGCAAGGGCGAGGAGCTGTTCACCGGGGTGGTGCCCATCCTGGTC,test,RPL8A,8.97327196877075,-0.09497885406017303
RPL8A_980,CCGACGCAAACAAATTGGAAAAACCAACGCAAAAAAAAAAAGACGCTAAATTGTTTATAAAGGCGAGGAATTTGTATCTATCAATTACTATTCCAGTTGTCAGTTTACATTGCTTACCCTCTATTATCACATCAAAACAAGCATTTACAC,ATGGTGAGCAAGGGCGAGGAGCTGTTCACCGGGGTGGTGCCCATCCTGGTC,test,RPL8A,8.15808921636366,0.015582472085952759
RPL8A_981,CCGACGCAAACAAATTGGAAAAACCAACGCAAAAAAAAAAAGACGCTAAATTGTTTATAAAGGCGAGGAATTTGTATCTATCAATTACTATTCCAGTTGTCAGTTTACATTGCTTACCCTCTATTATCACATCAAAACAAACGGGTACAC,ATGGTGAGCAAGGGCGAGGAGCTGTTCACCGGGGTGGTGCCCATCCTGGTC,test,RPL8A,10.1645692005339,-0.14046525955200195
RPL8A_982,CCGACGCAAACAAATTGGAAAAACCAACGCAAAAAAAAAAAGACGCTAAATTGTTTATAAAGGCGAGGAATTTGTATCTATCAATTACTATTCCAGTTGTCAGTTTACATTGCTTACCCTCTATTATCACATCAAAACAAAGACCTACAC,ATGGTGAGCAAGGGCGAGGAGCTGTTCACCGGGGTGGTGCCCATCCTGGTC,test,RPL8A,2.13494527017248,-0.06249146908521652
RPL8A_983,CCGACGCAAACAAATTGGAAAAACCAACGCAAAAAAAAAAAGACGCTAAATTGTTTATAAAGGCGAGGAATTTGTATCTATCAATTACTATTCCAGTTGTCAGTTTACATTGCTTACCCTCTATTATCACATCAAAACAACTATATACAC,ATGGTGAGCAAGGGCGAGGAGCTGTTCACCGGGGTGGTGCCCATCCTGGTC,test,RPL8A,9.03389008352919,-0.17812544107437134
RPL8A_984,CCGACGCAAACAAATTGGAAAAACCAACGCAAAAAAAAAAAGACGCTAAATTGTTTATAAAGGCGAGGAATTTGTATCTATCAATTACTATTCCAGTTGTCAGTTTACATTGCTTACCCTCTATTATCACATCAAAACAACCACATACAC,ATGGTGAGCAAGGGCGAGGAGCTGTTCACCGGGGTGGTGCCCATCCTGGTC,test,RPL8A,5.24397520207397,-0.16742399334907532
RPL8A_985,CCGACGCAAACAAATTGGAAAAACCAACGCAAAAAAAAAAAGACGCTAAATTGTTTATAAAGGCGAGGAATTTGTATCTATCAATTACTATTCCAGTTGTCAGTTTACATTGCTTACCCTCTATTATCACATCAAAACAAAACAATACAC,ATGGTGAGCAAGGGCGAGGAGCTGTTCACCGGGGTGGTGCCCATCCTGGTC,test,RPL8A,9.60758799357297,-0.10128500312566757
RPL8A_986,CCGACGCAAACAAATTGGAAAAACCAACGCAAAAAAAAAAAGACGCTAAATTGTTTATAAAGGCGAGGAATTTGTATCTATCAATTACTATTCCAGTTGTCAGTTTACATTGCTTACCCTCTATTATCACATCAAAACAACGAAATACAC,ATGGTGAGCAAGGGCGAGGAGCTGTTCACCGGGGTGGTGCCCATCCTGGTC,test,RPL8A,9.95087605556298,-0.09255965799093246
RPL8A_987,CCGACGCAAACAAATTGGAAAAACCAACGCAAAAAAAAAAAGACGCTAAATTGTTTATAAAGGCGAGGAATTTGTATCTATCAATTACTATTCCAGTTGTCAGTTTACATTGCTTACCCTCTATTATCACATCAAAACAATAGGTGACAC,ATGGTGAGCAAGGGCGAGGAGCTGTTCACCGGGGTGGTGCCCATCCTGGTC,test,RPL8A,2.50001557356732,-0.36215940117836
RPL8A_988,CCGACGCAAACAAATTGGAAAAACCAACGCAAAAAAAAAAAGACGCTAAATTGTTTATAAAGGCGAGGAATTTGTATCTATCAATTACTATTCCAGTTGTCAGTTTACATTGCTTACCCTCTATTATCACATCAAAACAAACCCTGACAC,ATGGTGAGCAAGGGCGAGGAGCTGTTCACCGGGGTGGTGCCCATCCTGGTC,test,RPL8A,6.15389331812633,-0.42624518275260925
RPL8A_989,CCGACGCAAACAAATTGGAAAAACCAACGCAAAAAAAAAAAGACGCTAAATTGTTTATAAAGGCGAGGAATTTGTATCTATCAATTACTATTCCAGTTGTCAGTTTACATTGCTTACCCTCTATTATCACATCAAAACAAAAAGCGACAC,ATGGTGAGCAAGGGCGAGGAGCTGTTCACCGGGGTGGTGCCCATCCTGGTC,test,RPL8A,5.11355407715216,-0.3631536662578583
RPL8A_990,CCGACGCAAACAAATTGGAAAAACCAACGCAAAAAAAAAAAGACGCTAAATTGTTTATAAAGGCGAGGAATTTGTATCTATCAATTACTATTCCAGTTGTCAGTTTACATTGCTTACCCTCTATTATCACATCAAAACAAGTCCCGACAC,ATGGTGAGCAAGGGCGAGGAGCTGTTCACCGGGGTGGTGCCCATCCTGGTC,test,RPL8A,5.88903073461059,-0.2062520682811737
RPL8A_991,CCGACGCAAACAAATTGGAAAAACCAACGCAAAAAAAAAAAGACGCTAAATTGTTTATAAAGGCGAGGAATTTGTATCTATCAATTACTATTCCAGTTGTCAGTTTACATTGCTTACCCTCTATTATCACATCAAAACAACACACGACAC,ATGGTGAGCAAGGGCGAGGAGCTGTTCACCGGGGTGGTGCCCATCCTGGTC,test,RPL8A,3.08540573090976,-0.09177228063344955
RPL8A_992,CCGACGCAAACAAATTGGAAAAACCAACGCAAAAAAAAAAAGACGCTAAATTGTTTATAAAGGCGAGGAATTTGTATCTATCAATTACTATTCCAGTTGTCAGTTTACATTGCTTACCCTCTATTATCACATCAAAACAAAAAAAGACAC,ATGGTGAGCAAGGGCGAGGAGCTGTTCACCGGGGTGGTGCCCATCCTGGTC,test,RPL8A,5.62804536863815,-0.3744899034500122
RPL8A_993,CCGACGCAAACAAATTGGAAAAACCAACGCAAAAAAAAAAAGACGCTAAATTGTTTATAAAGGCGAGGAATTTGTATCTATCAATTACTATTCCAGTTGTCAGTTTACATTGCTTACCCTCTATTATCACATCAAAACAACCGGTCACAC,ATGGTGAGCAAGGGCGAGGAGCTGTTCACCGGGGTGGTGCCCATCCTGGTC,test,RPL8A,4.70534588418124,-0.11417192965745926
RPL8A_994,CCGACGCAAACAAATTGGAAAAACCAACGCAAAAAAAAAAAGACGCTAAATTGTTTATAAAGGCGAGGAATTTGTATCTATCAATTACTATTCCAGTTGTCAGTTTACATTGCTTACCCTCTATTATCACATCAAAACAACCCAGCACAC,ATGGTGAGCAAGGGCGAGGAGCTGTTCACCGGGGTGGTGCCCATCCTGGTC,test,RPL8A,6.85416475853094,-0.005500346422195435
RPL8A_995,CCGACGCAAACAAATTGGAAAAACCAACGCAAAAAAAAAAAGACGCTAAATTGTTTATAAAGGCGAGGAATTTGTATCTATCAATTACTATTCCAGTTGTCAGTTTACATTGCTTACCCTCTATTATCACATCAAAACAACATTCCACAC,ATGGTGAGCAAGGGCGAGGAGCTGTTCACCGGGGTGGTGCCCATCCTGGTC,test,RPL8A,7.43767029517899,-0.07348959892988205
RPL8A_996,CCGACGCAAACAAATTGGAAAAACCAACGCAAAAAAAAAAAGACGCTAAATTGTTTATAAAGGCGAGGAATTTGTATCTATCAATTACTATTCCAGTTGTCAGTTTACATTGCTTACCCTCTATTATCACATCAAAACAAATATCCACAC,ATGGTGAGCAAGGGCGAGGAGCTGTTCACCGGGGTGGTGCCCATCCTGGTC,test,RPL8A,3.81768695617929,-0.05787309259176254
RPL8A_997,CCGACGCAAACAAATTGGAAAAACCAACGCAAAAAAAAAAAGACGCTAAATTGTTTATAAAGGCGAGGAATTTGTATCTATCAATTACTATTCCAGTTGTCAGTTTACATTGCTTACCCTCTATTATCACATCAAAACAAACCGCCACAC,ATGGTGAGCAAGGGCGAGGAGCTGTTCACCGGGGTGGTGCCCATCCTGGTC,test,RPL8A,7.79175693168622,-0.09064441919326782
RPL8A_998,CCGACGCAAACAAATTGGAAAAACCAACGCAAAAAAAAAAAGACGCTAAATTGTTTATAAAGGCGAGGAATTTGTATCTATCAATTACTATTCCAGTTGTCAGTTTACATTGCTTACCCTCTATTATCACATCAAAACAAAACCCCACAC,ATGGTGAGCAAGGGCGAGGAGCTGTTCACCGGGGTGGTGCCCATCCTGGTC,test,RPL8A,8.59884634053317,-0.17324978113174438
RPL8A_999,CCGACGCAAACAAATTGGAAAAACCAACGCAAAAAAAAAAAGACGCTAAATTGTTTATAAAGGCGAGGAATTTGTATCTATCAATTACTATTCCAGTTGTCAGTTTACATTGCTTACCCTCTATTATCACATCAAAACAACTACCCACAC,ATGGTGAGCAAGGGCGAGGAGCTGTTCACCGGGGTGGTGCCCATCCTGGTC,test,RPL8A,8.40551645349379,-0.07412455976009369
RPL8A_1000,CCGACGCAAACAAATTGGAAAAACCAACGCAAAAAAAAAAAGACGCTAAATTGTTTATAAAGGCGAGGAATTTGTATCTATCAATTACTATTCCAGTTGTCAGTTTACATTGCTTACCCTCTATTATCACATCAAAACAAACGACCACAC,ATGGTGAGCAAGGGCGAGGAGCTGTTCACCGGGGTGGTGCCCATCCTGGTC,test,RPL8A,6.13542933047096,-0.004689179360866547
RPL8A_1001,CCGACGCAAACAAATTGGAAAAACCAACGCAAAAAAAAAAAGACGCTAAATTGTTTATAAAGGCGAGGAATTTGTATCTATCAATTACTATTCCAGTTGTCAGTTTACATTGCTTACCCTCTATTATCACATCAAAACAAGAAACCACAC,ATGGTGAGCAAGGGCGAGGAGCTGTTCACCGGGGTGGTGCCCATCCTGGTC,test,RPL8A,10.0723488876153,-0.04174811393022537
RPL8A_1002,CCGACGCAAACAAATTGGAAAAACCAACGCAAAAAAAAAAAGACGCTAAATTGTTTATAAAGGCGAGGAATTTGTATCTATCAATTACTATTCCAGTTGTCAGTTTACATTGCTTACCCTCTATTATCACATCAAAACAACACGACACAC,ATGGTGAGCAAGGGCGAGGAGCTGTTCACCGGGGTGGTGCCCATCCTGGTC,test,RPL8A,3.96991304825537,-0.2239408791065216
RPL8A_1003,CCGACGCAAACAAATTGGAAAAACCAACGCAAAAAAAAAAAGACGCTAAATTGTTTATAAAGGCGAGGAATTTGTATCTATCAATTACTATTCCAGTTGTCAGTTTACATTGCTTACCCTCTATTATCACATCAAAACAACGGAACACAC,ATGGTGAGCAAGGGCGAGGAGCTGTTCACCGGGGTGGTGCCCATCCTGGTC,test,RPL8A,3.78876258586582,-0.11832379549741745
RPL8A_1004,CCGACGCAAACAAATTGGAAAAACCAACGCAAAAAAAAAAAGACGCTAAATTGTTTATAAAGGCGAGGAATTTGTATCTATCAATTACTATTCCAGTTGTCAGTTTACATTGCTTACCCTCTATTATCACATCAAAACAAACAGGAACAC,ATGGTGAGCAAGGGCGAGGAGCTGTTCACCGGGGTGGTGCCCATCCTGGTC,test,RPL8A,7.05392314525001,-0.1494942307472229
RPL8A_1005,CCGACGCAAACAAATTGGAAAAACCAACGCAAAAAAAAAAAGACGCTAAATTGTTTATAAAGGCGAGGAATTTGTATCTATCAATTACTATTCCAGTTGTCAGTTTACATTGCTTACCCTCTATTATCACATCAAAACAATAGAGAACAC,ATGGTGAGCAAGGGCGAGGAGCTGTTCACCGGGGTGGTGCCCATCCTGGTC,test,RPL8A,6.5797981001917,-0.10736691206693649
RPL8A_1006,CCGACGCAAACAAATTGGAAAAACCAACGCAAAAAAAAAAAGACGCTAAATTGTTTATAAAGGCGAGGAATTTGTATCTATCAATTACTATTCCAGTTGTCAGTTTACATTGCTTACCCTCTATTATCACATCAAAACAAAAGAGAACAC,ATGGTGAGCAAGGGCGAGGAGCTGTTCACCGGGGTGGTGCCCATCCTGGTC,test,RPL8A,5.99492090065261,-0.14057084918022156
RPL8A_1007,CCGACGCAAACAAATTGGAAAAACCAACGCAAAAAAAAAAAGACGCTAAATTGTTTATAAAGGCGAGGAATTTGTATCTATCAATTACTATTCCAGTTGTCAGTTTACATTGCTTACCCTCTATTATCACATCAAAACAACCCAGAACAC,ATGGTGAGCAAGGGCGAGGAGCTGTTCACCGGGGTGGTGCCCATCCTGGTC,test,RPL8A,6.79213282845955,0.06391231715679169
RPL8A_1008,CCGACGCAAACAAATTGGAAAAACCAACGCAAAAAAAAAAAGACGCTAAATTGTTTATAAAGGCGAGGAATTTGTATCTATCAATTACTATTCCAGTTGTCAGTTTACATTGCTTACCCTCTATTATCACATCAAAACAAGGAAGAACAC,ATGGTGAGCAAGGGCGAGGAGCTGTTCACCGGGGTGGTGCCCATCCTGGTC,test,RPL8A,4.84113227044231,-0.09374519437551498
RPL8A_1009,CCGACGCAAACAAATTGGAAAAACCAACGCAAAAAAAAAAAGACGCTAAATTGTTTATAAAGGCGAGGAATTTGTATCTATCAATTACTATTCCAGTTGTCAGTTTACATTGCTTACCCTCTATTATCACATCAAAACAACAAAGAACAC,ATGGTGAGCAAGGGCGAGGAGCTGTTCACCGGGGTGGTGCCCATCCTGGTC,test,RPL8A,8.32966827083288,-0.132464200258255
RPL8A_1010,CCGACGCAAACAAATTGGAAAAACCAACGCAAAAAAAAAAAGACGCTAAATTGTTTATAAAGGCGAGGAATTTGTATCTATCAATTACTATTCCAGTTGTCAGTTTACATTGCTTACCCTCTATTATCACATCAAAACAAAACCCAACAC,ATGGTGAGCAAGGGCGAGGAGCTGTTCACCGGGGTGGTGCCCATCCTGGTC,test,RPL8A,3.67118760759094,-0.23941856622695923
RPL8A_1011,CCGACGCAAACAAATTGGAAAAACCAACGCAAAAAAAAAAAGACGCTAAATTGTTTATAAAGGCGAGGAATTTGTATCTATCAATTACTATTCCAGTTGTCAGTTTACATTGCTTACCCTCTATTATCACATCAAAACAACCAGAAACAC,ATGGTGAGCAAGGGCGAGGAGCTGTTCACCGGGGTGGTGCCCATCCTGGTC,test,RPL8A,3.3387860228329,-0.33425891399383545
RPL8A_1012,CCGACGCAAACAAATTGGAAAAACCAACGCAAAAAAAAAAAGACGCTAAATTGTTTATAAAGGCGAGGAATTTGTATCTATCAATTACTATTCCAGTTGTCAGTTTACATTGCTTACCCTCTATTATCACATCAAAACAATCACAAACAC,ATGGTGAGCAAGGGCGAGGAGCTGTTCACCGGGGTGGTGCCCATCCTGGTC,test,RPL8A,5.6439438386497,-0.21467098593711853
RPL8A_1013,CCGACGCAAACAAATTGGAAAAACCAACGCAAAAAAAAAAAGACGCTAAATTGTTTATAAAGGCGAGGAATTTGTATCTATCAATTACTATTCCAGTTGTCAGTTTACATTGCTTACCCTCTATTATCACATCAAAACAAAGAAAAACAC,ATGGTGAGCAAGGGCGAGGAGCTGTTCACCGGGGTGGTGCCCATCCTGGTC,test,RPL8A,3.64373908668164,-0.21469920873641968
RPL8A_1014,CCGACGCAAACAAATTGGAAAAACCAACGCAAAAAAAAAAAGACGCTAAATTGTTTATAAAGGCGAGGAATTTGTATCTATCAATTACTATTCCAGTTGTCAGTTTACATTGCTTACCCTCTATTATCACATCAAAACAACAAACTTAAC,ATGGTGAGCAAGGGCGAGGAGCTGTTCACCGGGGTGGTGCCCATCCTGGTC,test,RPL8A,12.185310359197,0.06139213591814041
RPL8A_1015,CCGACGCAAACAAATTGGAAAAACCAACGCAAAAAAAAAAAGACGCTAAATTGTTTATAAAGGCGAGGAATTTGTATCTATCAATTACTATTCCAGTTGTCAGTTTACATTGCTTACCCTCTATTATCACATCAAAACAAGGACGGTAAC,ATGGTGAGCAAGGGCGAGGAGCTGTTCACCGGGGTGGTGCCCATCCTGGTC,test,RPL8A,6.9805184237523,-0.2473202347755432
RPL8A_1016,CCGACGCAAACAAATTGGAAAAACCAACGCAAAAAAAAAAAGACGCTAAATTGTTTATAAAGGCGAGGAATTTGTATCTATCAATTACTATTCCAGTTGTCAGTTTACATTGCTTACCCTCTATTATCACATCAAAACAAACCAGGTAAC,ATGGTGAGCAAGGGCGAGGAGCTGTTCACCGGGGTGGTGCCCATCCTGGTC,test,RPL8A,9.41655972253439,-0.06045542657375336
RPL8A_1017,CCGACGCAAACAAATTGGAAAAACCAACGCAAAAAAAAAAAGACGCTAAATTGTTTATAAAGGCGAGGAATTTGTATCTATCAATTACTATTCCAGTTGTCAGTTTACATTGCTTACCCTCTATTATCACATCAAAACAACGCCCGTAAC,ATGGTGAGCAAGGGCGAGGAGCTGTTCACCGGGGTGGTGCCCATCCTGGTC,test,RPL8A,9.88045126176012,-0.389790415763855
RPL8A_1018,CCGACGCAAACAAATTGGAAAAACCAACGCAAAAAAAAAAAGACGCTAAATTGTTTATAAAGGCGAGGAATTTGTATCTATCAATTACTATTCCAGTTGTCAGTTTACATTGCTTACCCTCTATTATCACATCAAAACAACCCAAGTAAC,ATGGTGAGCAAGGGCGAGGAGCTGTTCACCGGGGTGGTGCCCATCCTGGTC,test,RPL8A,11.5007731055366,-0.05012292414903641
RPL8A_1019,CCGACGCAAACAAATTGGAAAAACCAACGCAAAAAAAAAAAGACGCTAAATTGTTTATAAAGGCGAGGAATTTGTATCTATCAATTACTATTCCAGTTGTCAGTTTACATTGCTTACCCTCTATTATCACATCAAAACAACTGCAATAAC,ATGGTGAGCAAGGGCGAGGAGCTGTTCACCGGGGTGGTGCCCATCCTGGTC,test,RPL8A,11.0654468134621,0.006280675530433655
RPL8A_1020,CCGACGCAAACAAATTGGAAAAACCAACGCAAAAAAAAAAAGACGCTAAATTGTTTATAAAGGCGAGGAATTTGTATCTATCAATTACTATTCCAGTTGTCAGTTTACATTGCTTACCCTCTATTATCACATCAAAACAACCACAATAAC,ATGGTGAGCAAGGGCGAGGAGCTGTTCACCGGGGTGGTGCCCATCCTGGTC,test,RPL8A,9.4214512085673,-0.20737624168395996
RPL8A_1021,CCGACGCAAACAAATTGGAAAAACCAACGCAAAAAAAAAAAGACGCTAAATTGTTTATAAAGGCGAGGAATTTGTATCTATCAATTACTATTCCAGTTGTCAGTTTACATTGCTTACCCTCTATTATCACATCAAAACAAAAGCCGGAAC,ATGGTGAGCAAGGGCGAGGAGCTGTTCACCGGGGTGGTGCCCATCCTGGTC,test,RPL8A,8.59322106093432,-0.41519981622695923
RPL8A_1022,CCGACGCAAACAAATTGGAAAAACCAACGCAAAAAAAAAAAGACGCTAAATTGTTTATAAAGGCGAGGAATTTGTATCTATCAATTACTATTCCAGTTGTCAGTTTACATTGCTTACCCTCTATTATCACATCAAAACAAACGCTCGAAC,ATGGTGAGCAAGGGCGAGGAGCTGTTCACCGGGGTGGTGCCCATCCTGGTC,test,RPL8A,12.0199222555415,-0.4314455986022949
RPL8A_1023,CCGACGCAAACAAATTGGAAAAACCAACGCAAAAAAAAAAAGACGCTAAATTGTTTATAAAGGCGAGGAATTTGTATCTATCAATTACTATTCCAGTTGTCAGTTTACATTGCTTACCCTCTATTATCACATCAAAACAACACCTCGAAC,ATGGTGAGCAAGGGCGAGGAGCTGTTCACCGGGGTGGTGCCCATCCTGGTC,test,RPL8A,7.96435351607258,0.257198691368103
RPL8A_1024,CCGACGCAAACAAATTGGAAAAACCAACGCAAAAAAAAAAAGACGCTAAATTGTTTATAAAGGCGAGGAATTTGTATCTATCAATTACTATTCCAGTTGTCAGTTTACATTGCTTACCCTCTATTATCACATCAAAACAACCCATCGAAC,ATGGTGAGCAAGGGCGAGGAGCTGTTCACCGGGGTGGTGCCCATCCTGGTC,test,RPL8A,8.60333747304705,0.5277500152587891
RPL8A_1025,CCGACGCAAACAAATTGGAAAAACCAACGCAAAAAAAAAAAGACGCTAAATTGTTTATAAAGGCGAGGAATTTGTATCTATCAATTACTATTCCAGTTGTCAGTTTACATTGCTTACCCTCTATTATCACATCAAAACAACGAATCGAAC,ATGGTGAGCAAGGGCGAGGAGCTGTTCACCGGGGTGGTGCCCATCCTGGTC,test,RPL8A,12.8232262029258,0.23955923318862915
RPL8A_1026,CCGACGCAAACAAATTGGAAAAACCAACGCAAAAAAAAAAAGACGCTAAATTGTTTATAAAGGCGAGGAATTTGTATCTATCAATTACTATTCCAGTTGTCAGTTTACATTGCTTACCCTCTATTATCACATCAAAACAAAAAATCGAAC,ATGGTGAGCAAGGGCGAGGAGCTGTTCACCGGGGTGGTGCCCATCCTGGTC,test,RPL8A,9.64528819157431,-0.30225545167922974
RPL8A_1027,CCGACGCAAACAAATTGGAAAAACCAACGCAAAAAAAAAAAGACGCTAAATTGTTTATAAAGGCGAGGAATTTGTATCTATCAATTACTATTCCAGTTGTCAGTTTACATTGCTTACCCTCTATTATCACATCAAAACAACCATGCGAAC,ATGGTGAGCAAGGGCGAGGAGCTGTTCACCGGGGTGGTGCCCATCCTGGTC,test,RPL8A,2.60636905239705,-0.4290047883987427
RPL8A_1028,CCGACGCAAACAAATTGGAAAAACCAACGCAAAAAAAAAAAGACGCTAAATTGTTTATAAAGGCGAGGAATTTGTATCTATCAATTACTATTCCAGTTGTCAGTTTACATTGCTTACCCTCTATTATCACATCAAAACAACACGGCGAAC,ATGGTGAGCAAGGGCGAGGAGCTGTTCACCGGGGTGGTGCCCATCCTGGTC,test,RPL8A,8.99292581685086,-0.18827462196350098
RPL8A_1029,CCGACGCAAACAAATTGGAAAAACCAACGCAAAAAAAAAAAGACGCTAAATTGTTTATAAAGGCGAGGAATTTGTATCTATCAATTACTATTCCAGTTGTCAGTTTACATTGCTTACCCTCTATTATCACATCAAAACAAAAAAGCGAAC,ATGGTGAGCAAGGGCGAGGAGCTGTTCACCGGGGTGGTGCCCATCCTGGTC,test,RPL8A,11.6712580670155,-0.36031097173690796
RPL8A_1030,CCGACGCAAACAAATTGGAAAAACCAACGCAAAAAAAAAAAGACGCTAAATTGTTTATAAAGGCGAGGAATTTGTATCTATCAATTACTATTCCAGTTGTCAGTTTACATTGCTTACCCTCTATTATCACATCAAAACAACCATCCGAAC,ATGGTGAGCAAGGGCGAGGAGCTGTTCACCGGGGTGGTGCCCATCCTGGTC,test,RPL8A,9.69150529441153,-0.12740767002105713
RPL8A_1031,CCGACGCAAACAAATTGGAAAAACCAACGCAAAAAAAAAAAGACGCTAAATTGTTTATAAAGGCGAGGAATTTGTATCTATCAATTACTATTCCAGTTGTCAGTTTACATTGCTTACCCTCTATTATCACATCAAAACAACCACCCGAAC,ATGGTGAGCAAGGGCGAGGAGCTGTTCACCGGGGTGGTGCCCATCCTGGTC,test,RPL8A,9.48350189848773,-0.22515305876731873
RPL8A_1032,CCGACGCAAACAAATTGGAAAAACCAACGCAAAAAAAAAAAGACGCTAAATTGTTTATAAAGGCGAGGAATTTGTATCTATCAATTACTATTCCAGTTGTCAGTTTACATTGCTTACCCTCTATTATCACATCAAAACAATCCACCGAAC,ATGGTGAGCAAGGGCGAGGAGCTGTTCACCGGGGTGGTGCCCATCCTGGTC,test,RPL8A,10.0383833534247,0.2635096609592438
RPL8A_1033,CCGACGCAAACAAATTGGAAAAACCAACGCAAAAAAAAAAAGACGCTAAATTGTTTATAAAGGCGAGGAATTTGTATCTATCAATTACTATTCCAGTTGTCAGTTTACATTGCTTACCCTCTATTATCACATCAAAACAACGCTACGAAC,ATGGTGAGCAAGGGCGAGGAGCTGTTCACCGGGGTGGTGCCCATCCTGGTC,test,RPL8A,11.2684133227312,-0.45559585094451904
RPL8A_1034,CCGACGCAAACAAATTGGAAAAACCAACGCAAAAAAAAAAAGACGCTAAATTGTTTATAAAGGCGAGGAATTTGTATCTATCAATTACTATTCCAGTTGTCAGTTTACATTGCTTACCCTCTATTATCACATCAAAACAACCCAACGAAC,ATGGTGAGCAAGGGCGAGGAGCTGTTCACCGGGGTGGTGCCCATCCTGGTC,test,RPL8A,9.99115762604004,-0.020166829228401184
RPL8A_1035,CCGACGCAAACAAATTGGAAAAACCAACGCAAAAAAAAAAAGACGCTAAATTGTTTATAAAGGCGAGGAATTTGTATCTATCAATTACTATTCCAGTTGTCAGTTTACATTGCTTACCCTCTATTATCACATCAAAACAACACAACGAAC,ATGGTGAGCAAGGGCGAGGAGCTGTTCACCGGGGTGGTGCCCATCCTGGTC,test,RPL8A,10.5196046033306,0.22934871912002563
RPL8A_1036,CCGACGCAAACAAATTGGAAAAACCAACGCAAAAAAAAAAAGACGCTAAATTGTTTATAAAGGCGAGGAATTTGTATCTATCAATTACTATTCCAGTTGTCAGTTTACATTGCTTACCCTCTATTATCACATCAAAACAAACAAACGAAC,ATGGTGAGCAAGGGCGAGGAGCTGTTCACCGGGGTGGTGCCCATCCTGGTC,test,RPL8A,13.0584805595928,-0.11761515587568283
RPL8A_1037,CCGACGCAAACAAATTGGAAAAACCAACGCAAAAAAAAAAAGACGCTAAATTGTTTATAAAGGCGAGGAATTTGTATCTATCAATTACTATTCCAGTTGTCAGTTTACATTGCTTACCCTCTATTATCACATCAAAACAAGGAGTAGAAC,ATGGTGAGCAAGGGCGAGGAGCTGTTCACCGGGGTGGTGCCCATCCTGGTC,test,RPL8A,8.66171083230128,-0.08879625052213669
RPL8A_1038,CCGACGCAAACAAATTGGAAAAACCAACGCAAAAAAAAAAAGACGCTAAATTGTTTATAAAGGCGAGGAATTTGTATCTATCAATTACTATTCCAGTTGTCAGTTTACATTGCTTACCCTCTATTATCACATCAAAACAAGCCGGAGAAC,ATGGTGAGCAAGGGCGAGGAGCTGTTCACCGGGGTGGTGCCCATCCTGGTC,test,RPL8A,7.3172516321561,-0.3118433952331543
RPL8A_1039,CCGACGCAAACAAATTGGAAAAACCAACGCAAAAAAAAAAAGACGCTAAATTGTTTATAAAGGCGAGGAATTTGTATCTATCAATTACTATTCCAGTTGTCAGTTTACATTGCTTACCCTCTATTATCACATCAAAACAAAAAGGAGAAC,ATGGTGAGCAAGGGCGAGGAGCTGTTCACCGGGGTGGTGCCCATCCTGGTC,test,RPL8A,7.93754657705281,-0.3376871347427368
RPL8A_1040,CCGACGCAAACAAATTGGAAAAACCAACGCAAAAAAAAAAAGACGCTAAATTGTTTATAAAGGCGAGGAATTTGTATCTATCAATTACTATTCCAGTTGTCAGTTTACATTGCTTACCCTCTATTATCACATCAAAACAAGACTAAGAAC,ATGGTGAGCAAGGGCGAGGAGCTGTTCACCGGGGTGGTGCCCATCCTGGTC,test,RPL8A,10.7225163299622,-0.2608063817024231
RPL8A_1041,CCGACGCAAACAAATTGGAAAAACCAACGCAAAAAAAAAAAGACGCTAAATTGTTTATAAAGGCGAGGAATTTGTATCTATCAATTACTATTCCAGTTGTCAGTTTACATTGCTTACCCTCTATTATCACATCAAAACAAAAGGAAGAAC,ATGGTGAGCAAGGGCGAGGAGCTGTTCACCGGGGTGGTGCCCATCCTGGTC,test,RPL8A,8.59616472019913,-0.20410141348838806
RPL8A_1042,CCGACGCAAACAAATTGGAAAAACCAACGCAAAAAAAAAAAGACGCTAAATTGTTTATAAAGGCGAGGAATTTGTATCTATCAATTACTATTCCAGTTGTCAGTTTACATTGCTTACCCTCTATTATCACATCAAAACAAATAGGTCAAC,ATGGTGAGCAAGGGCGAGGAGCTGTTCACCGGGGTGGTGCCCATCCTGGTC,test,RPL8A,7.96315305681309,-0.04682476073503494
RPL8A_1043,CCGACGCAAACAAATTGGAAAAACCAACGCAAAAAAAAAAAGACGCTAAATTGTTTATAAAGGCGAGGAATTTGTATCTATCAATTACTATTCCAGTTGTCAGTTTACATTGCTTACCCTCTATTATCACATCAAAACAATCAGGTCAAC,ATGGTGAGCAAGGGCGAGGAGCTGTTCACCGGGGTGGTGCCCATCCTGGTC,test,RPL8A,8.68437311454017,0.0808178037405014
RPL8A_1044,CCGACGCAAACAAATTGGAAAAACCAACGCAAAAAAAAAAAGACGCTAAATTGTTTATAAAGGCGAGGAATTTGTATCTATCAATTACTATTCCAGTTGTCAGTTTACATTGCTTACCCTCTATTATCACATCAAAACAATCTCCTCAAC,ATGGTGAGCAAGGGCGAGGAGCTGTTCACCGGGGTGGTGCCCATCCTGGTC,test,RPL8A,10.3841563931133,-0.10691604763269424
RPL8A_1045,CCGACGCAAACAAATTGGAAAAACCAACGCAAAAAAAAAAAGACGCTAAATTGTTTATAAAGGCGAGGAATTTGTATCTATCAATTACTATTCCAGTTGTCAGTTTACATTGCTTACCCTCTATTATCACATCAAAACAATCGCCTCAAC,ATGGTGAGCAAGGGCGAGGAGCTGTTCACCGGGGTGGTGCCCATCCTGGTC,test,RPL8A,8.68260195423121,-0.008548647165298462
RPL8A_1046,CCGACGCAAACAAATTGGAAAAACCAACGCAAAAAAAAAAAGACGCTAAATTGTTTATAAAGGCGAGGAATTTGTATCTATCAATTACTATTCCAGTTGTCAGTTTACATTGCTTACCCTCTATTATCACATCAAAACAAAAAAAGCAAC,ATGGTGAGCAAGGGCGAGGAGCTGTTCACCGGGGTGGTGCCCATCCTGGTC,test,RPL8A,10.0117088896257,-0.38565874099731445
RPL8A_1047,CCGACGCAAACAAATTGGAAAAACCAACGCAAAAAAAAAAAGACGCTAAATTGTTTATAAAGGCGAGGAATTTGTATCTATCAATTACTATTCCAGTTGTCAGTTTACATTGCTTACCCTCTATTATCACATCAAAACAACAGATCCAAC,ATGGTGAGCAAGGGCGAGGAGCTGTTCACCGGGGTGGTGCCCATCCTGGTC,test,RPL8A,11.1437487766407,0.28579258918762207
RPL8A_1048,CCGACGCAAACAAATTGGAAAAACCAACGCAAAAAAAAAAAGACGCTAAATTGTTTATAAAGGCGAGGAATTTGTATCTATCAATTACTATTCCAGTTGTCAGTTTACATTGCTTACCCTCTATTATCACATCAAAACAAAACATCCAAC,ATGGTGAGCAAGGGCGAGGAGCTGTTCACCGGGGTGGTGCCCATCCTGGTC,test,RPL8A,11.1634061909123,-0.06447592377662659
RPL8A_1049,CCGACGCAAACAAATTGGAAAAACCAACGCAAAAAAAAAAAGACGCTAAATTGTTTATAAAGGCGAGGAATTTGTATCTATCAATTACTATTCCAGTTGTCAGTTTACATTGCTTACCCTCTATTATCACATCAAAACAACCGGGCCAAC,ATGGTGAGCAAGGGCGAGGAGCTGTTCACCGGGGTGGTGCCCATCCTGGTC,test,RPL8A,4.63584137745522,-0.2986018657684326
RPL8A_1050,CCGACGCAAACAAATTGGAAAAACCAACGCAAAAAAAAAAAGACGCTAAATTGTTTATAAAGGCGAGGAATTTGTATCTATCAATTACTATTCCAGTTGTCAGTTTACATTGCTTACCCTCTATTATCACATCAAAACAACCAGGCCAAC,ATGGTGAGCAAGGGCGAGGAGCTGTTCACCGGGGTGGTGCCCATCCTGGTC,test,RPL8A,5.91049156048946,-0.28942909836769104
RPL8A_1051,CCGACGCAAACAAATTGGAAAAACCAACGCAAAAAAAAAAAGACGCTAAATTGTTTATAAAGGCGAGGAATTTGTATCTATCAATTACTATTCCAGTTGTCAGTTTACATTGCTTACCCTCTATTATCACATCAAAACAAACAGCCCAAC,ATGGTGAGCAAGGGCGAGGAGCTGTTCACCGGGGTGGTGCCCATCCTGGTC,test,RPL8A,11.6261699363342,-0.30059415102005005
RPL8A_1052,CCGACGCAAACAAATTGGAAAAACCAACGCAAAAAAAAAAAGACGCTAAATTGTTTATAAAGGCGAGGAATTTGTATCTATCAATTACTATTCCAGTTGTCAGTTTACATTGCTTACCCTCTATTATCACATCAAAACAAATCCCCCAAC,ATGGTGAGCAAGGGCGAGGAGCTGTTCACCGGGGTGGTGCCCATCCTGGTC,test,RPL8A,11.9723003631325,-0.15614908933639526
RPL8A_1053,CCGACGCAAACAAATTGGAAAAACCAACGCAAAAAAAAAAAGACGCTAAATTGTTTATAAAGGCGAGGAATTTGTATCTATCAATTACTATTCCAGTTGTCAGTTTACATTGCTTACCCTCTATTATCACATCAAAACAACCCCCCCAAC,ATGGTGAGCAAGGGCGAGGAGCTGTTCACCGGGGTGGTGCCCATCCTGGTC,test,RPL8A,9.71118950262751,-0.15560752153396606
RPL8A_1054,CCGACGCAAACAAATTGGAAAAACCAACGCAAAAAAAAAAAGACGCTAAATTGTTTATAAAGGCGAGGAATTTGTATCTATCAATTACTATTCCAGTTGTCAGTTTACATTGCTTACCCTCTATTATCACATCAAAACAAGTGACCCAAC,ATGGTGAGCAAGGGCGAGGAGCTGTTCACCGGGGTGGTGCCCATCCTGGTC,test,RPL8A,9.45024113093138,-0.20257475972175598
RPL8A_1055,CCGACGCAAACAAATTGGAAAAACCAACGCAAAAAAAAAAAGACGCTAAATTGTTTATAAAGGCGAGGAATTTGTATCTATCAATTACTATTCCAGTTGTCAGTTTACATTGCTTACCCTCTATTATCACATCAAAACAACATTACCAAC,ATGGTGAGCAAGGGCGAGGAGCTGTTCACCGGGGTGGTGCCCATCCTGGTC,test,RPL8A,11.9071484254486,-0.11335576325654984
RPL8A_1056,CCGACGCAAACAAATTGGAAAAACCAACGCAAAAAAAAAAAGACGCTAAATTGTTTATAAAGGCGAGGAATTTGTATCTATCAATTACTATTCCAGTTGTCAGTTTACATTGCTTACCCTCTATTATCACATCAAAACAAGACGACCAAC,ATGGTGAGCAAGGGCGAGGAGCTGTTCACCGGGGTGGTGCCCATCCTGGTC,test,RPL8A,8.67522262338922,-0.02253654971718788
RPL8A_1057,CCGACGCAAACAAATTGGAAAAACCAACGCAAAAAAAAAAAGACGCTAAATTGTTTATAAAGGCGAGGAATTTGTATCTATCAATTACTATTCCAGTTGTCAGTTTACATTGCTTACCCTCTATTATCACATCAAAACAACTAAACCAAC,ATGGTGAGCAAGGGCGAGGAGCTGTTCACCGGGGTGGTGCCCATCCTGGTC,test,RPL8A,10.370198916054,0.2668595314025879
RPL8A_1058,CCGACGCAAACAAATTGGAAAAACCAACGCAAAAAAAAAAAGACGCTAAATTGTTTATAAAGGCGAGGAATTTGTATCTATCAATTACTATTCCAGTTGTCAGTTTACATTGCTTACCCTCTATTATCACATCAAAACAAAAAAACCAAC,ATGGTGAGCAAGGGCGAGGAGCTGTTCACCGGGGTGGTGCCCATCCTGGTC,test,RPL8A,11.3394161271738,-0.30741041898727417
RPL8A_1059,CCGACGCAAACAAATTGGAAAAACCAACGCAAAAAAAAAAAGACGCTAAATTGTTTATAAAGGCGAGGAATTTGTATCTATCAATTACTATTCCAGTTGTCAGTTTACATTGCTTACCCTCTATTATCACATCAAAACAAGCTAGACAAC,ATGGTGAGCAAGGGCGAGGAGCTGTTCACCGGGGTGGTGCCCATCCTGGTC,test,RPL8A,7.1718886159436,-0.0396709144115448
RPL8A_1060,CCGACGCAAACAAATTGGAAAAACCAACGCAAAAAAAAAAAGACGCTAAATTGTTTATAAAGGCGAGGAATTTGTATCTATCAATTACTATTCCAGTTGTCAGTTTACATTGCTTACCCTCTATTATCACATCAAAACAAATCCCACAAC,ATGGTGAGCAAGGGCGAGGAGCTGTTCACCGGGGTGGTGCCCATCCTGGTC,test,RPL8A,9.53463885761202,-0.10960925370454788
RPL8A_1061,CCGACGCAAACAAATTGGAAAAACCAACGCAAAAAAAAAAAGACGCTAAATTGTTTATAAAGGCGAGGAATTTGTATCTATCAATTACTATTCCAGTTGTCAGTTTACATTGCTTACCCTCTATTATCACATCAAAACAATTACCACAAC,ATGGTGAGCAAGGGCGAGGAGCTGTTCACCGGGGTGGTGCCCATCCTGGTC,test,RPL8A,9.36045155966577,-0.10892526060342789
RPL8A_1062,CCGACGCAAACAAATTGGAAAAACCAACGCAAAAAAAAAAAGACGCTAAATTGTTTATAAAGGCGAGGAATTTGTATCTATCAATTACTATTCCAGTTGTCAGTTTACATTGCTTACCCTCTATTATCACATCAAAACAACCTGAACAAC,ATGGTGAGCAAGGGCGAGGAGCTGTTCACCGGGGTGGTGCCCATCCTGGTC,test,RPL8A,7.36622154776285,-0.4069257378578186
RPL8A_1063,CCGACGCAAACAAATTGGAAAAACCAACGCAAAAAAAAAAAGACGCTAAATTGTTTATAAAGGCGAGGAATTTGTATCTATCAATTACTATTCCAGTTGTCAGTTTACATTGCTTACCCTCTATTATCACATCAAAACAAAAAGAACAAC,ATGGTGAGCAAGGGCGAGGAGCTGTTCACCGGGGTGGTGCCCATCCTGGTC,test,RPL8A,9.62115023084128,-0.08544408529996872
RPL8A_1064,CCGACGCAAACAAATTGGAAAAACCAACGCAAAAAAAAAAAGACGCTAAATTGTTTATAAAGGCGAGGAATTTGTATCTATCAATTACTATTCCAGTTGTCAGTTTACATTGCTTACCCTCTATTATCACATCAAAACAAGCGCAACAAC,ATGGTGAGCAAGGGCGAGGAGCTGTTCACCGGGGTGGTGCCCATCCTGGTC,test,RPL8A,8.80205928041103,-0.10533558577299118
RPL8A_1065,CCGACGCAAACAAATTGGAAAAACCAACGCAAAAAAAAAAAGACGCTAAATTGTTTATAAAGGCGAGGAATTTGTATCTATCAATTACTATTCCAGTTGTCAGTTTACATTGCTTACCCTCTATTATCACATCAAAACAAGAACAACAAC,ATGGTGAGCAAGGGCGAGGAGCTGTTCACCGGGGTGGTGCCCATCCTGGTC,test,RPL8A,10.5654804482933,0.06314823031425476
RPL8A_1066,CCGACGCAAACAAATTGGAAAAACCAACGCAAAAAAAAAAAGACGCTAAATTGTTTATAAAGGCGAGGAATTTGTATCTATCAATTACTATTCCAGTTGTCAGTTTACATTGCTTACCCTCTATTATCACATCAAAACAACACAAACAAC,ATGGTGAGCAAGGGCGAGGAGCTGTTCACCGGGGTGGTGCCCATCCTGGTC,test,RPL8A,9.93505774725109,-0.01756863296031952
RPL8A_1067,CCGACGCAAACAAATTGGAAAAACCAACGCAAAAAAAAAAAGACGCTAAATTGTTTATAAAGGCGAGGAATTTGTATCTATCAATTACTATTCCAGTTGTCAGTTTACATTGCTTACCCTCTATTATCACATCAAAACAAACCCGTAAAC,ATGGTGAGCAAGGGCGAGGAGCTGTTCACCGGGGTGGTGCCCATCCTGGTC,test,RPL8A,11.378040223086,-0.4510025084018707
RPL8A_1068,CCGACGCAAACAAATTGGAAAAACCAACGCAAAAAAAAAAAGACGCTAAATTGTTTATAAAGGCGAGGAATTTGTATCTATCAATTACTATTCCAGTTGTCAGTTTACATTGCTTACCCTCTATTATCACATCAAAACAAAAAACTAAAC,ATGGTGAGCAAGGGCGAGGAGCTGTTCACCGGGGTGGTGCCCATCCTGGTC,test,RPL8A,12.8812957667871,-0.3395507335662842
RPL8A_1069,CCGACGCAAACAAATTGGAAAAACCAACGCAAAAAAAAAAAGACGCTAAATTGTTTATAAAGGCGAGGAATTTGTATCTATCAATTACTATTCCAGTTGTCAGTTTACATTGCTTACCCTCTATTATCACATCAAAACAACGGGATAAAC,ATGGTGAGCAAGGGCGAGGAGCTGTTCACCGGGGTGGTGCCCATCCTGGTC,test,RPL8A,6.71877668602368,-0.26898640394210815
RPL8A_1070,CCGACGCAAACAAATTGGAAAAACCAACGCAAAAAAAAAAAGACGCTAAATTGTTTATAAAGGCGAGGAATTTGTATCTATCAATTACTATTCCAGTTGTCAGTTTACATTGCTTACCCTCTATTATCACATCAAAACAACACGATAAAC,ATGGTGAGCAAGGGCGAGGAGCTGTTCACCGGGGTGGTGCCCATCCTGGTC,test,RPL8A,11.0334851277955,0.14939823746681213
RPL8A_1071,CCGACGCAAACAAATTGGAAAAACCAACGCAAAAAAAAAAAGACGCTAAATTGTTTATAAAGGCGAGGAATTTGTATCTATCAATTACTATTCCAGTTGTCAGTTTACATTGCTTACCCTCTATTATCACATCAAAACAACGCAATAAAC,ATGGTGAGCAAGGGCGAGGAGCTGTTCACCGGGGTGGTGCCCATCCTGGTC,test,RPL8A,12.3717615102514,0.021815912798047066
RPL8A_1072,CCGACGCAAACAAATTGGAAAAACCAACGCAAAAAAAAAAAGACGCTAAATTGTTTATAAAGGCGAGGAATTTGTATCTATCAATTACTATTCCAGTTGTCAGTTTACATTGCTTACCCTCTATTATCACATCAAAACAACTAAGGAAAC,ATGGTGAGCAAGGGCGAGGAGCTGTTCACCGGGGTGGTGCCCATCCTGGTC,test,RPL8A,9.92207682671007,0.3744240999221802
RPL8A_1073,CCGACGCAAACAAATTGGAAAAACCAACGCAAAAAAAAAAAGACGCTAAATTGTTTATAAAGGCGAGGAATTTGTATCTATCAATTACTATTCCAGTTGTCAGTTTACATTGCTTACCCTCTATTATCACATCAAAACAACCATCGAAAC,ATGGTGAGCAAGGGCGAGGAGCTGTTCACCGGGGTGGTGCCCATCCTGGTC,test,RPL8A,9.10152334715946,-0.07242375612258911
RPL8A_1074,CCGACGCAAACAAATTGGAAAAACCAACGCAAAAAAAAAAAGACGCTAAATTGTTTATAAAGGCGAGGAATTTGTATCTATCAATTACTATTCCAGTTGTCAGTTTACATTGCTTACCCTCTATTATCACATCAAAACAACCTCCGAAAC,ATGGTGAGCAAGGGCGAGGAGCTGTTCACCGGGGTGGTGCCCATCCTGGTC,test,RPL8A,10.6573589566383,-0.21186330914497375
RPL8A_1075,CCGACGCAAACAAATTGGAAAAACCAACGCAAAAAAAAAAAGACGCTAAATTGTTTATAAAGGCGAGGAATTTGTATCTATCAATTACTATTCCAGTTGTCAGTTTACATTGCTTACCCTCTATTATCACATCAAAACAAGATCCGAAAC,ATGGTGAGCAAGGGCGAGGAGCTGTTCACCGGGGTGGTGCCCATCCTGGTC,test,RPL8A,11.2252195479178,-0.2757900655269623
RPL8A_1076,CCGACGCAAACAAATTGGAAAAACCAACGCAAAAAAAAAAAGACGCTAAATTGTTTATAAAGGCGAGGAATTTGTATCTATCAATTACTATTCCAGTTGTCAGTTTACATTGCTTACCCTCTATTATCACATCAAAACAAACAACGAAAC,ATGGTGAGCAAGGGCGAGGAGCTGTTCACCGGGGTGGTGCCCATCCTGGTC,test,RPL8A,12.2237178246778,0.11799803376197815
RPL8A_1077,CCGACGCAAACAAATTGGAAAAACCAACGCAAAAAAAAAAAGACGCTAAATTGTTTATAAAGGCGAGGAATTTGTATCTATCAATTACTATTCCAGTTGTCAGTTTACATTGCTTACCCTCTATTATCACATCAAAACAAAGGGAGAAAC,ATGGTGAGCAAGGGCGAGGAGCTGTTCACCGGGGTGGTGCCCATCCTGGTC,test,RPL8A,7.60939142302043,-0.31176650524139404
RPL8A_1078,CCGACGCAAACAAATTGGAAAAACCAACGCAAAAAAAAAAAGACGCTAAATTGTTTATAAAGGCGAGGAATTTGTATCTATCAATTACTATTCCAGTTGTCAGTTTACATTGCTTACCCTCTATTATCACATCAAAACAAAGCGAGAAAC,ATGGTGAGCAAGGGCGAGGAGCTGTTCACCGGGGTGGTGCCCATCCTGGTC,test,RPL8A,11.5993172602747,-0.3634263873100281
RPL8A_1079,CCGACGCAAACAAATTGGAAAAACCAACGCAAAAAAAAAAAGACGCTAAATTGTTTATAAAGGCGAGGAATTTGTATCTATCAATTACTATTCCAGTTGTCAGTTTACATTGCTTACCCTCTATTATCACATCAAAACAACACCAGAAAC,ATGGTGAGCAAGGGCGAGGAGCTGTTCACCGGGGTGGTGCCCATCCTGGTC,test,RPL8A,6.67230191881318,-0.035392213612794876
RPL8A_1080,CCGACGCAAACAAATTGGAAAAACCAACGCAAAAAAAAAAAGACGCTAAATTGTTTATAAAGGCGAGGAATTTGTATCTATCAATTACTATTCCAGTTGTCAGTTTACATTGCTTACCCTCTATTATCACATCAAAACAACGCAAGAAAC,ATGGTGAGCAAGGGCGAGGAGCTGTTCACCGGGGTGGTGCCCATCCTGGTC,test,RPL8A,11.7740758077512,0.07465282082557678
RPL8A_1081,CCGACGCAAACAAATTGGAAAAACCAACGCAAAAAAAAAAAGACGCTAAATTGTTTATAAAGGCGAGGAATTTGTATCTATCAATTACTATTCCAGTTGTCAGTTTACATTGCTTACCCTCTATTATCACATCAAAACAAAGAAAGAAAC,ATGGTGAGCAAGGGCGAGGAGCTGTTCACCGGGGTGGTGCCCATCCTGGTC,test,RPL8A,11.7442967527322,-0.2787872850894928
RPL8A_1082,CCGACGCAAACAAATTGGAAAAACCAACGCAAAAAAAAAAAGACGCTAAATTGTTTATAAAGGCGAGGAATTTGTATCTATCAATTACTATTCCAGTTGTCAGTTTACATTGCTTACCCTCTATTATCACATCAAAACAATCATTCAAAC,ATGGTGAGCAAGGGCGAGGAGCTGTTCACCGGGGTGGTGCCCATCCTGGTC,test,RPL8A,12.2333634686162,0.042456116527318954
RPL8A_1083,CCGACGCAAACAAATTGGAAAAACCAACGCAAAAAAAAAAAGACGCTAAATTGTTTATAAAGGCGAGGAATTTGTATCTATCAATTACTATTCCAGTTGTCAGTTTACATTGCTTACCCTCTATTATCACATCAAAACAAAGTCGCAAAC,ATGGTGAGCAAGGGCGAGGAGCTGTTCACCGGGGTGGTGCCCATCCTGGTC,test,RPL8A,12.4089095964308,-0.32300516963005066
RPL8A_1084,CCGACGCAAACAAATTGGAAAAACCAACGCAAAAAAAAAAAGACGCTAAATTGTTTATAAAGGCGAGGAATTTGTATCTATCAATTACTATTCCAGTTGTCAGTTTACATTGCTTACCCTCTATTATCACATCAAAACAAAAACGCAAAC,ATGGTGAGCAAGGGCGAGGAGCTGTTCACCGGGGTGGTGCCCATCCTGGTC,test,RPL8A,12.6319573383428,-0.4240344762802124
RPL8A_1085,CCGACGCAAACAAATTGGAAAAACCAACGCAAAAAAAAAAAGACGCTAAATTGTTTATAAAGGCGAGGAATTTGTATCTATCAATTACTATTCCAGTTGTCAGTTTACATTGCTTACCCTCTATTATCACATCAAAACAACCCTCCAAAC,ATGGTGAGCAAGGGCGAGGAGCTGTTCACCGGGGTGGTGCCCATCCTGGTC,test,RPL8A,11.4894192026876,-0.11991632729768753
RPL8A_1086,CCGACGCAAACAAATTGGAAAAACCAACGCAAAAAAAAAAAGACGCTAAATTGTTTATAAAGGCGAGGAATTTGTATCTATCAATTACTATTCCAGTTGTCAGTTTACATTGCTTACCCTCTATTATCACATCAAAACAATAAGCCAAAC,ATGGTGAGCAAGGGCGAGGAGCTGTTCACCGGGGTGGTGCCCATCCTGGTC,test,RPL8A,11.7144900299504,-0.37202030420303345
RPL8A_1087,CCGACGCAAACAAATTGGAAAAACCAACGCAAAAAAAAAAAGACGCTAAATTGTTTATAAAGGCGAGGAATTTGTATCTATCAATTACTATTCCAGTTGTCAGTTTACATTGCTTACCCTCTATTATCACATCAAAACAACACCCCAAAC,ATGGTGAGCAAGGGCGAGGAGCTGTTCACCGGGGTGGTGCCCATCCTGGTC,test,RPL8A,9.3212364926494,-0.26195627450942993
RPL8A_1088,CCGACGCAAACAAATTGGAAAAACCAACGCAAAAAAAAAAAGACGCTAAATTGTTTATAAAGGCGAGGAATTTGTATCTATCAATTACTATTCCAGTTGTCAGTTTACATTGCTTACCCTCTATTATCACATCAAAACAAAAGACCAAAC,ATGGTGAGCAAGGGCGAGGAGCTGTTCACCGGGGTGGTGCCCATCCTGGTC,test,RPL8A,9.89948961716328,-0.4679463803768158
RPL8A_1089,CCGACGCAAACAAATTGGAAAAACCAACGCAAAAAAAAAAAGACGCTAAATTGTTTATAAAGGCGAGGAATTTGTATCTATCAATTACTATTCCAGTTGTCAGTTTACATTGCTTACCCTCTATTATCACATCAAAACAAAAAACCAAAC,ATGGTGAGCAAGGGCGAGGAGCTGTTCACCGGGGTGGTGCCCATCCTGGTC,test,RPL8A,11.1815074825629,-0.37151312828063965
RPL8A_1090,CCGACGCAAACAAATTGGAAAAACCAACGCAAAAAAAAAAAGACGCTAAATTGTTTATAAAGGCGAGGAATTTGTATCTATCAATTACTATTCCAGTTGTCAGTTTACATTGCTTACCCTCTATTATCACATCAAAACAAACCTACAAAC,ATGGTGAGCAAGGGCGAGGAGCTGTTCACCGGGGTGGTGCCCATCCTGGTC,test,RPL8A,10.4180860372869,-0.3699600100517273
RPL8A_1091,CCGACGCAAACAAATTGGAAAAACCAACGCAAAAAAAAAAAGACGCTAAATTGTTTATAAAGGCGAGGAATTTGTATCTATCAATTACTATTCCAGTTGTCAGTTTACATTGCTTACCCTCTATTATCACATCAAAACAAGCACACAAAC,ATGGTGAGCAAGGGCGAGGAGCTGTTCACCGGGGTGGTGCCCATCCTGGTC,test,RPL8A,11.4969525752465,0.057287588715553284
RPL8A_1092,CCGACGCAAACAAATTGGAAAAACCAACGCAAAAAAAAAAAGACGCTAAATTGTTTATAAAGGCGAGGAATTTGTATCTATCAATTACTATTCCAGTTGTCAGTTTACATTGCTTACCCTCTATTATCACATCAAAACAAGCTAACAAAC,ATGGTGAGCAAGGGCGAGGAGCTGTTCACCGGGGTGGTGCCCATCCTGGTC,test,RPL8A,12.9801965321411,-0.08112391829490662
RPL8A_1093,CCGACGCAAACAAATTGGAAAAACCAACGCAAAAAAAAAAAGACGCTAAATTGTTTATAAAGGCGAGGAATTTGTATCTATCAATTACTATTCCAGTTGTCAGTTTACATTGCTTACCCTCTATTATCACATCAAAACAATCAAACAAAC,ATGGTGAGCAAGGGCGAGGAGCTGTTCACCGGGGTGGTGCCCATCCTGGTC,test,RPL8A,12.0376433757451,0.3536193370819092
RPL8A_1094,CCGACGCAAACAAATTGGAAAAACCAACGCAAAAAAAAAAAGACGCTAAATTGTTTATAAAGGCGAGGAATTTGTATCTATCAATTACTATTCCAGTTGTCAGTTTACATTGCTTACCCTCTATTATCACATCAAAACAACAAAACAAAC,ATGGTGAGCAAGGGCGAGGAGCTGTTCACCGGGGTGGTGCCCATCCTGGTC,test,RPL8A,12.1633073615238,0.039545103907585144
RPL8A_1095,CCGACGCAAACAAATTGGAAAAACCAACGCAAAAAAAAAAAGACGCTAAATTGTTTATAAAGGCGAGGAATTTGTATCTATCAATTACTATTCCAGTTGTCAGTTTACATTGCTTACCCTCTATTATCACATCAAAACAAGAAGTAAAAC,ATGGTGAGCAAGGGCGAGGAGCTGTTCACCGGGGTGGTGCCCATCCTGGTC,test,RPL8A,13.2867054341566,0.02644888311624527
RPL8A_1096,CCGACGCAAACAAATTGGAAAAACCAACGCAAAAAAAAAAAGACGCTAAATTGTTTATAAAGGCGAGGAATTTGTATCTATCAATTACTATTCCAGTTGTCAGTTTACATTGCTTACCCTCTATTATCACATCAAAACAATATATAAAAC,ATGGTGAGCAAGGGCGAGGAGCTGTTCACCGGGGTGGTGCCCATCCTGGTC,test,RPL8A,11.9675997885428,-0.12877437472343445
RPL8A_1097,CCGACGCAAACAAATTGGAAAAACCAACGCAAAAAAAAAAAGACGCTAAATTGTTTATAAAGGCGAGGAATTTGTATCTATCAATTACTATTCCAGTTGTCAGTTTACATTGCTTACCCTCTATTATCACATCAAAACAATGCGGAAAAC,ATGGTGAGCAAGGGCGAGGAGCTGTTCACCGGGGTGGTGCCCATCCTGGTC,test,RPL8A,2.16568475173411,-0.4210474491119385
RPL8A_1098,CCGACGCAAACAAATTGGAAAAACCAACGCAAAAAAAAAAAGACGCTAAATTGTTTATAAAGGCGAGGAATTTGTATCTATCAATTACTATTCCAGTTGTCAGTTTACATTGCTTACCCTCTATTATCACATCAAAACAAGAAAGAAAAC,ATGGTGAGCAAGGGCGAGGAGCTGTTCACCGGGGTGGTGCCCATCCTGGTC,test,RPL8A,12.6563520534121,0.032577451318502426
RPL8A_1099,CCGACGCAAACAAATTGGAAAAACCAACGCAAAAAAAAAAAGACGCTAAATTGTTTATAAAGGCGAGGAATTTGTATCTATCAATTACTATTCCAGTTGTCAGTTTACATTGCTTACCCTCTATTATCACATCAAAACAAAAAAGAAAAC,ATGGTGAGCAAGGGCGAGGAGCTGTTCACCGGGGTGGTGCCCATCCTGGTC,test,RPL8A,12.1067776797126,-0.26568788290023804
RPL8A_1100,CCGACGCAAACAAATTGGAAAAACCAACGCAAAAAAAAAAAGACGCTAAATTGTTTATAAAGGCGAGGAATTTGTATCTATCAATTACTATTCCAGTTGTCAGTTTACATTGCTTACCCTCTATTATCACATCAAAACAAAACGCAAAAC,ATGGTGAGCAAGGGCGAGGAGCTGTTCACCGGGGTGGTGCCCATCCTGGTC,test,RPL8A,12.7303526661955,-0.4329349100589752
RPL8A_1101,CCGACGCAAACAAATTGGAAAAACCAACGCAAAAAAAAAAAGACGCTAAATTGTTTATAAAGGCGAGGAATTTGTATCTATCAATTACTATTCCAGTTGTCAGTTTACATTGCTTACCCTCTATTATCACATCAAAACAATCAGCAAAAC,ATGGTGAGCAAGGGCGAGGAGCTGTTCACCGGGGTGGTGCCCATCCTGGTC,test,RPL8A,11.9885239351856,-0.19485315680503845
RPL8A_1102,CCGACGCAAACAAATTGGAAAAACCAACGCAAAAAAAAAAAGACGCTAAATTGTTTATAAAGGCGAGGAATTTGTATCTATCAATTACTATTCCAGTTGTCAGTTTACATTGCTTACCCTCTATTATCACATCAAAACAAAAGCCAAAAC,ATGGTGAGCAAGGGCGAGGAGCTGTTCACCGGGGTGGTGCCCATCCTGGTC,test,RPL8A,10.924881981248,-0.40530815720558167
RPL8A_1103,CCGACGCAAACAAATTGGAAAAACCAACGCAAAAAAAAAAAGACGCTAAATTGTTTATAAAGGCGAGGAATTTGTATCTATCAATTACTATTCCAGTTGTCAGTTTACATTGCTTACCCTCTATTATCACATCAAAACAAAACCCAAAAC,ATGGTGAGCAAGGGCGAGGAGCTGTTCACCGGGGTGGTGCCCATCCTGGTC,test,RPL8A,10.9553413831346,-0.2313975691795349
RPL8A_1104,CCGACGCAAACAAATTGGAAAAACCAACGCAAAAAAAAAAAGACGCTAAATTGTTTATAAAGGCGAGGAATTTGTATCTATCAATTACTATTCCAGTTGTCAGTTTACATTGCTTACCCTCTATTATCACATCAAAACAAAAACCAAAAC,ATGGTGAGCAAGGGCGAGGAGCTGTTCACCGGGGTGGTGCCCATCCTGGTC,test,RPL8A,10.7699993731228,-0.3573375940322876
RPL8A_1105,CCGACGCAAACAAATTGGAAAAACCAACGCAAAAAAAAAAAGACGCTAAATTGTTTATAAAGGCGAGGAATTTGTATCTATCAATTACTATTCCAGTTGTCAGTTTACATTGCTTACCCTCTATTATCACATCAAAACAACCCTAAAAAC,ATGGTGAGCAAGGGCGAGGAGCTGTTCACCGGGGTGGTGCCCATCCTGGTC,test,RPL8A,11.0500154925863,-0.2830730676651001
RPL8A_1106,CCGACGCAAACAAATTGGAAAAACCAACGCAAAAAAAAAAAGACGCTAAATTGTTTATAAAGGCGAGGAATTTGTATCTATCAATTACTATTCCAGTTGTCAGTTTACATTGCTTACCCTCTATTATCACATCAAAACAATCATAAAAAC,ATGGTGAGCAAGGGCGAGGAGCTGTTCACCGGGGTGGTGCCCATCCTGGTC,test,RPL8A,11.504769618533,-0.04601422697305679
RPL8A_1107,CCGACGCAAACAAATTGGAAAAACCAACGCAAAAAAAAAAAGACGCTAAATTGTTTATAAAGGCGAGGAATTTGTATCTATCAATTACTATTCCAGTTGTCAGTTTACATTGCTTACCCTCTATTATCACATCAAAACAAAAGGAAAAAC,ATGGTGAGCAAGGGCGAGGAGCTGTTCACCGGGGTGGTGCCCATCCTGGTC,test,RPL8A,10.0860956936961,-0.37408074736595154
RPL8A_1108,CCGACGCAAACAAATTGGAAAAACCAACGCAAAAAAAAAAAGACGCTAAATTGTTTATAAAGGCGAGGAATTTGTATCTATCAATTACTATTCCAGTTGTCAGTTTACATTGCTTACCCTCTATTATCACATCAAAACAAGCCCAAAAAC,ATGGTGAGCAAGGGCGAGGAGCTGTTCACCGGGGTGGTGCCCATCCTGGTC,test,RPL8A,11.4916144585135,-0.22002550959587097
RPL8A_1109,CCGACGCAAACAAATTGGAAAAACCAACGCAAAAAAAAAAAGACGCTAAATTGTTTATAAAGGCGAGGAATTTGTATCTATCAATTACTATTCCAGTTGTCAGTTTACATTGCTTACCCTCTATTATCACATCAAAACAACTACAAAAAC,ATGGTGAGCAAGGGCGAGGAGCTGTTCACCGGGGTGGTGCCCATCCTGGTC,test,RPL8A,11.6258300357571,-0.22600769996643066
RPL8A_1110,CCGACGCAAACAAATTGGAAAAACCAACGCAAAAAAAAAAAGACGCTAAATTGTTTATAAAGGCGAGGAATTTGTATCTATCAATTACTATTCCAGTTGTCAGTTTACATTGCTTACCCTCTATTATCACATCAAAACAAACGAAAAAAC,ATGGTGAGCAAGGGCGAGGAGCTGTTCACCGGGGTGGTGCCCATCCTGGTC,test,RPL8A,11.7973245719,-0.012410193681716919
RPL8A_1111,CCGACGCAAACAAATTGGAAAAACCAACGCAAAAAAAAAAAGACGCTAAATTGTTTATAAAGGCGAGGAATTTGTATCTATCAATTACTATTCCAGTTGTCAGTTTACATTGCTTACCCTCTATTATCACATCAAAACAAATAAAAAAAC,ATGGTGAGCAAGGGCGAGGAGCTGTTCACCGGGGTGGTGCCCATCCTGGTC,test,RPL8A,10.96984236771,-0.1478404402732849
RPL8A_1112,CCGACGCAAACAAATTGGAAAAACCAACGCAAAAAAAAAAAGACGCTAAATTGTTTATAAAGGCGAGGAATTTGTATCTATCAATTACTATTCCAGTTGTCAGTTTACATTGCTTACCCTCTATTATCACATCAAAACAAACTAAATTTA,ATGGTGAGCAAGGGCGAGGAGCTGTTCACCGGGGTGGTGCCCATCCTGGTC,test,RPL8A,9.56455717716582,-0.005129426717758179
RPL8A_1113,CCGACGCAAACAAATTGGAAAAACCAACGCAAAAAAAAAAAGACGCTAAATTGTTTATAAAGGCGAGGAATTTGTATCTATCAATTACTATTCCAGTTGTCAGTTTACATTGCTTACCCTCTATTATCACATCAAAACAACTAACGGTTA,ATGGTGAGCAAGGGCGAGGAGCTGTTCACCGGGGTGGTGCCCATCCTGGTC,test,RPL8A,6.44340981514712,0.19368764758110046
RPL8A_1114,CCGACGCAAACAAATTGGAAAAACCAACGCAAAAAAAAAAAGACGCTAAATTGTTTATAAAGGCGAGGAATTTGTATCTATCAATTACTATTCCAGTTGTCAGTTTACATTGCTTACCCTCTATTATCACATCAAAACAAACCGCTCTTA,ATGGTGAGCAAGGGCGAGGAGCTGTTCACCGGGGTGGTGCCCATCCTGGTC,test,RPL8A,10.006030521966,-0.008589223027229309
RPL8A_1115,CCGACGCAAACAAATTGGAAAAACCAACGCAAAAAAAAAAAGACGCTAAATTGTTTATAAAGGCGAGGAATTTGTATCTATCAATTACTATTCCAGTTGTCAGTTTACATTGCTTACCCTCTATTATCACATCAAAACAATCCAACCTTA,ATGGTGAGCAAGGGCGAGGAGCTGTTCACCGGGGTGGTGCCCATCCTGGTC,test,RPL8A,4.45203320765272,0.027018066495656967
RPL8A_1116,CCGACGCAAACAAATTGGAAAAACCAACGCAAAAAAAAAAAGACGCTAAATTGTTTATAAAGGCGAGGAATTTGTATCTATCAATTACTATTCCAGTTGTCAGTTTACATTGCTTACCCTCTATTATCACATCAAAACAAAGAAAACTTA,ATGGTGAGCAAGGGCGAGGAGCTGTTCACCGGGGTGGTGCCCATCCTGGTC,test,RPL8A,10.002644928195,-0.05535460263490677
RPL8A_1117,CCGACGCAAACAAATTGGAAAAACCAACGCAAAAAAAAAAAGACGCTAAATTGTTTATAAAGGCGAGGAATTTGTATCTATCAATTACTATTCCAGTTGTCAGTTTACATTGCTTACCCTCTATTATCACATCAAAACAACACTTCATTA,ATGGTGAGCAAGGGCGAGGAGCTGTTCACCGGGGTGGTGCCCATCCTGGTC,test,RPL8A,6.57240954155885,-0.08096551895141602
RPL8A_1118,CCGACGCAAACAAATTGGAAAAACCAACGCAAAAAAAAAAAGACGCTAAATTGTTTATAAAGGCGAGGAATTTGTATCTATCAATTACTATTCCAGTTGTCAGTTTACATTGCTTACCCTCTATTATCACATCAAAACAAAACCGCATTA,ATGGTGAGCAAGGGCGAGGAGCTGTTCACCGGGGTGGTGCCCATCCTGGTC,test,RPL8A,9.52681769469059,-0.12601715326309204
RPL8A_1119,CCGACGCAAACAAATTGGAAAAACCAACGCAAAAAAAAAAAGACGCTAAATTGTTTATAAAGGCGAGGAATTTGTATCTATCAATTACTATTCCAGTTGTCAGTTTACATTGCTTACCCTCTATTATCACATCAAAACAAGCCGAGTGTA,ATGGTGAGCAAGGGCGAGGAGCTGTTCACCGGGGTGGTGCCCATCCTGGTC,test,RPL8A,9.32408007686821,-0.32252037525177
RPL8A_1120,CCGACGCAAACAAATTGGAAAAACCAACGCAAAAAAAAAAAGACGCTAAATTGTTTATAAAGGCGAGGAATTTGTATCTATCAATTACTATTCCAGTTGTCAGTTTACATTGCTTACCCTCTATTATCACATCAAAACAACCTCTCTGTA,ATGGTGAGCAAGGGCGAGGAGCTGTTCACCGGGGTGGTGCCCATCCTGGTC,test,RPL8A,9.21071791484582,-0.23917657136917114
RPL8A_1121,CCGACGCAAACAAATTGGAAAAACCAACGCAAAAAAAAAAAGACGCTAAATTGTTTATAAAGGCGAGGAATTTGTATCTATCAATTACTATTCCAGTTGTCAGTTTACATTGCTTACCCTCTATTATCACATCAAAACAAGCCGACTGTA,ATGGTGAGCAAGGGCGAGGAGCTGTTCACCGGGGTGGTGCCCATCCTGGTC,test,RPL8A,9.58728966997792,-0.32281172275543213
RPL8A_1122,CCGACGCAAACAAATTGGAAAAACCAACGCAAAAAAAAAAAGACGCTAAATTGTTTATAAAGGCGAGGAATTTGTATCTATCAATTACTATTCCAGTTGTCAGTTTACATTGCTTACCCTCTATTATCACATCAAAACAAGTCCCTGGTA,ATGGTGAGCAAGGGCGAGGAGCTGTTCACCGGGGTGGTGCCCATCCTGGTC,test,RPL8A,10.3765108270883,-0.3695099353790283
RPL8A_1123,CCGACGCAAACAAATTGGAAAAACCAACGCAAAAAAAAAAAGACGCTAAATTGTTTATAAAGGCGAGGAATTTGTATCTATCAATTACTATTCCAGTTGTCAGTTTACATTGCTTACCCTCTATTATCACATCAAAACAAGCACGGGGTA,ATGGTGAGCAAGGGCGAGGAGCTGTTCACCGGGGTGGTGCCCATCCTGGTC,test,RPL8A,5.69416910981724,-0.3821853995323181
RPL8A_1124,CCGACGCAAACAAATTGGAAAAACCAACGCAAAAAAAAAAAGACGCTAAATTGTTTATAAAGGCGAGGAATTTGTATCTATCAATTACTATTCCAGTTGTCAGTTTACATTGCTTACCCTCTATTATCACATCAAAACAAATCAAGGGTA,ATGGTGAGCAAGGGCGAGGAGCTGTTCACCGGGGTGGTGCCCATCCTGGTC,test,RPL8A,7.19156924334793,-0.39640799164772034
RPL8A_1125,CCGACGCAAACAAATTGGAAAAACCAACGCAAAAAAAAAAAGACGCTAAATTGTTTATAAAGGCGAGGAATTTGTATCTATCAATTACTATTCCAGTTGTCAGTTTACATTGCTTACCCTCTATTATCACATCAAAACAACCCGAGCGTA,ATGGTGAGCAAGGGCGAGGAGCTGTTCACCGGGGTGGTGCCCATCCTGGTC,test,RPL8A,10.9301493961281,-0.396990567445755
RPL8A_1126,CCGACGCAAACAAATTGGAAAAACCAACGCAAAAAAAAAAAGACGCTAAATTGTTTATAAAGGCGAGGAATTTGTATCTATCAATTACTATTCCAGTTGTCAGTTTACATTGCTTACCCTCTATTATCACATCAAAACAACAAGCCCGTA,ATGGTGAGCAAGGGCGAGGAGCTGTTCACCGGGGTGGTGCCCATCCTGGTC,test,RPL8A,11.858363755929,-0.19934970140457153
RPL8A_1127,CCGACGCAAACAAATTGGAAAAACCAACGCAAAAAAAAAAAGACGCTAAATTGTTTATAAAGGCGAGGAATTTGTATCTATCAATTACTATTCCAGTTGTCAGTTTACATTGCTTACCCTCTATTATCACATCAAAACAAACGTACCGTA,ATGGTGAGCAAGGGCGAGGAGCTGTTCACCGGGGTGGTGCCCATCCTGGTC,test,RPL8A,10.6590783296402,-0.0945357009768486
RPL8A_1128,CCGACGCAAACAAATTGGAAAAACCAACGCAAAAAAAAAAAGACGCTAAATTGTTTATAAAGGCGAGGAATTTGTATCTATCAATTACTATTCCAGTTGTCAGTTTACATTGCTTACCCTCTATTATCACATCAAAACAAGATCAACGTA,ATGGTGAGCAAGGGCGAGGAGCTGTTCACCGGGGTGGTGCCCATCCTGGTC,test,RPL8A,11.1156555095743,-0.21715545654296875
RPL8A_1129,CCGACGCAAACAAATTGGAAAAACCAACGCAAAAAAAAAAAGACGCTAAATTGTTTATAAAGGCGAGGAATTTGTATCTATCAATTACTATTCCAGTTGTCAGTTTACATTGCTTACCCTCTATTATCACATCAAAACAAGCCGCTAGTA,ATGGTGAGCAAGGGCGAGGAGCTGTTCACCGGGGTGGTGCCCATCCTGGTC,test,RPL8A,9.86606834322046,-0.3826032280921936
RPL8A_1130,CCGACGCAAACAAATTGGAAAAACCAACGCAAAAAAAAAAAGACGCTAAATTGTTTATAAAGGCGAGGAATTTGTATCTATCAATTACTATTCCAGTTGTCAGTTTACATTGCTTACCCTCTATTATCACATCAAAACAACCAACTAGTA,ATGGTGAGCAAGGGCGAGGAGCTGTTCACCGGGGTGGTGCCCATCCTGGTC,test,RPL8A,9.91073919475546,0.41785797476768494
RPL8A_1131,CCGACGCAAACAAATTGGAAAAACCAACGCAAAAAAAAAAAGACGCTAAATTGTTTATAAAGGCGAGGAATTTGTATCTATCAATTACTATTCCAGTTGTCAGTTTACATTGCTTACCCTCTATTATCACATCAAAACAAACACCGAGTA,ATGGTGAGCAAGGGCGAGGAGCTGTTCACCGGGGTGGTGCCCATCCTGGTC,test,RPL8A,8.75883316689439,-0.46649524569511414
RPL8A_1132,CCGACGCAAACAAATTGGAAAAACCAACGCAAAAAAAAAAAGACGCTAAATTGTTTATAAAGGCGAGGAATTTGTATCTATCAATTACTATTCCAGTTGTCAGTTTACATTGCTTACCCTCTATTATCACATCAAAACAAGCACCCAGTA,ATGGTGAGCAAGGGCGAGGAGCTGTTCACCGGGGTGGTGCCCATCCTGGTC,test,RPL8A,7.39460598048337,-0.37802809476852417
RPL8A_1133,CCGACGCAAACAAATTGGAAAAACCAACGCAAAAAAAAAAAGACGCTAAATTGTTTATAAAGGCGAGGAATTTGTATCTATCAATTACTATTCCAGTTGTCAGTTTACATTGCTTACCCTCTATTATCACATCAAAACAATAAACCAGTA,ATGGTGAGCAAGGGCGAGGAGCTGTTCACCGGGGTGGTGCCCATCCTGGTC,test,RPL8A,10.6699313443147,-0.171453595161438
RPL8A_1134,CCGACGCAAACAAATTGGAAAAACCAACGCAAAAAAAAAAAGACGCTAAATTGTTTATAAAGGCGAGGAATTTGTATCTATCAATTACTATTCCAGTTGTCAGTTTACATTGCTTACCCTCTATTATCACATCAAAACAATCAGAAAGTA,ATGGTGAGCAAGGGCGAGGAGCTGTTCACCGGGGTGGTGCCCATCCTGGTC,test,RPL8A,10.8969807792559,-0.2771420478820801
RPL8A_1135,CCGACGCAAACAAATTGGAAAAACCAACGCAAAAAAAAAAAGACGCTAAATTGTTTATAAAGGCGAGGAATTTGTATCTATCAATTACTATTCCAGTTGTCAGTTTACATTGCTTACCCTCTATTATCACATCAAAACAACTACTCTCTA,ATGGTGAGCAAGGGCGAGGAGCTGTTCACCGGGGTGGTGCCCATCCTGGTC,test,RPL8A,9.65174524326033,-0.031031429767608643
RPL8A_1136,CCGACGCAAACAAATTGGAAAAACCAACGCAAAAAAAAAAAGACGCTAAATTGTTTATAAAGGCGAGGAATTTGTATCTATCAATTACTATTCCAGTTGTCAGTTTACATTGCTTACCCTCTATTATCACATCAAAACAACTAATATCTA,ATGGTGAGCAAGGGCGAGGAGCTGTTCACCGGGGTGGTGCCCATCCTGGTC,test,RPL8A,9.74275587558508,0.09449796378612518
RPL8A_1137,CCGACGCAAACAAATTGGAAAAACCAACGCAAAAAAAAAAAGACGCTAAATTGTTTATAAAGGCGAGGAATTTGTATCTATCAATTACTATTCCAGTTGTCAGTTTACATTGCTTACCCTCTATTATCACATCAAAACAAAATCCGGCTA,ATGGTGAGCAAGGGCGAGGAGCTGTTCACCGGGGTGGTGCCCATCCTGGTC,test,RPL8A,7.22677870385882,-0.42519906163215637
RPL8A_1138,CCGACGCAAACAAATTGGAAAAACCAACGCAAAAAAAAAAAGACGCTAAATTGTTTATAAAGGCGAGGAATTTGTATCTATCAATTACTATTCCAGTTGTCAGTTTACATTGCTTACCCTCTATTATCACATCAAAACAACAAGAGGCTA,ATGGTGAGCAAGGGCGAGGAGCTGTTCACCGGGGTGGTGCCCATCCTGGTC,test,RPL8A,8.0918946840362,-0.3133757710456848
RPL8A_1139,CCGACGCAAACAAATTGGAAAAACCAACGCAAAAAAAAAAAGACGCTAAATTGTTTATAAAGGCGAGGAATTTGTATCTATCAATTACTATTCCAGTTGTCAGTTTACATTGCTTACCCTCTATTATCACATCAAAACAACAAAACGCTA,ATGGTGAGCAAGGGCGAGGAGCTGTTCACCGGGGTGGTGCCCATCCTGGTC,test,RPL8A,10.3541721997324,-0.19260314106941223
RPL8A_1140,CCGACGCAAACAAATTGGAAAAACCAACGCAAAAAAAAAAAGACGCTAAATTGTTTATAAAGGCGAGGAATTTGTATCTATCAATTACTATTCCAGTTGTCAGTTTACATTGCTTACCCTCTATTATCACATCAAAACAAAACCAAGCTA,ATGGTGAGCAAGGGCGAGGAGCTGTTCACCGGGGTGGTGCCCATCCTGGTC,test,RPL8A,7.39501984640806,-0.46848970651626587
RPL8A_1141,CCGACGCAAACAAATTGGAAAAACCAACGCAAAAAAAAAAAGACGCTAAATTGTTTATAAAGGCGAGGAATTTGTATCTATCAATTACTATTCCAGTTGTCAGTTTACATTGCTTACCCTCTATTATCACATCAAAACAAGTACAAGCTA,ATGGTGAGCAAGGGCGAGGAGCTGTTCACCGGGGTGGTGCCCATCCTGGTC,test,RPL8A,9.87228270052986,-0.350711852312088
RPL8A_1142,CCGACGCAAACAAATTGGAAAAACCAACGCAAAAAAAAAAAGACGCTAAATTGTTTATAAAGGCGAGGAATTTGTATCTATCAATTACTATTCCAGTTGTCAGTTTACATTGCTTACCCTCTATTATCACATCAAAACAACACAGTCCTA,ATGGTGAGCAAGGGCGAGGAGCTGTTCACCGGGGTGGTGCCCATCCTGGTC,test,RPL8A,10.180409295952,-0.14750432968139648
RPL8A_1143,CCGACGCAAACAAATTGGAAAAACCAACGCAAAAAAAAAAAGACGCTAAATTGTTTATAAAGGCGAGGAATTTGTATCTATCAATTACTATTCCAGTTGTCAGTTTACATTGCTTACCCTCTATTATCACATCAAAACAACAAACTCCTA,ATGGTGAGCAAGGGCGAGGAGCTGTTCACCGGGGTGGTGCCCATCCTGGTC,test,RPL8A,10.9506689071365,-0.03184688091278076
RPL8A_1144,CCGACGCAAACAAATTGGAAAAACCAACGCAAAAAAAAAAAGACGCTAAATTGTTTATAAAGGCGAGGAATTTGTATCTATCAATTACTATTCCAGTTGTCAGTTTACATTGCTTACCCTCTATTATCACATCAAAACAACAAGAGCCTA,ATGGTGAGCAAGGGCGAGGAGCTGTTCACCGGGGTGGTGCCCATCCTGGTC,test,RPL8A,10.9208550561591,-0.35747861862182617
RPL8A_1145,CCGACGCAAACAAATTGGAAAAACCAACGCAAAAAAAAAAAGACGCTAAATTGTTTATAAAGGCGAGGAATTTGTATCTATCAATTACTATTCCAGTTGTCAGTTTACATTGCTTACCCTCTATTATCACATCAAAACAAGTACAGCCTA,ATGGTGAGCAAGGGCGAGGAGCTGTTCACCGGGGTGGTGCCCATCCTGGTC,test,RPL8A,9.44069574835148,-0.2495884895324707
RPL8A_1146,CCGACGCAAACAAATTGGAAAAACCAACGCAAAAAAAAAAAGACGCTAAATTGTTTATAAAGGCGAGGAATTTGTATCTATCAATTACTATTCCAGTTGTCAGTTTACATTGCTTACCCTCTATTATCACATCAAAACAAGCCAAGCCTA,ATGGTGAGCAAGGGCGAGGAGCTGTTCACCGGGGTGGTGCCCATCCTGGTC,test,RPL8A,8.40413511759158,-0.288913756608963
RPL8A_1147,CCGACGCAAACAAATTGGAAAAACCAACGCAAAAAAAAAAAGACGCTAAATTGTTTATAAAGGCGAGGAATTTGTATCTATCAATTACTATTCCAGTTGTCAGTTTACATTGCTTACCCTCTATTATCACATCAAAACAACTTATCCCTA,ATGGTGAGCAAGGGCGAGGAGCTGTTCACCGGGGTGGTGCCCATCCTGGTC,test,RPL8A,11.2255634254722,0.004620727151632309
RPL8A_1148,CCGACGCAAACAAATTGGAAAAACCAACGCAAAAAAAAAAAGACGCTAAATTGTTTATAAAGGCGAGGAATTTGTATCTATCAATTACTATTCCAGTTGTCAGTTTACATTGCTTACCCTCTATTATCACATCAAAACAAAGCCCCCCTA,ATGGTGAGCAAGGGCGAGGAGCTGTTCACCGGGGTGGTGCCCATCCTGGTC,test,RPL8A,9.20011897528003,-0.07067509740591049
RPL8A_1149,CCGACGCAAACAAATTGGAAAAACCAACGCAAAAAAAAAAAGACGCTAAATTGTTTATAAAGGCGAGGAATTTGTATCTATCAATTACTATTCCAGTTGTCAGTTTACATTGCTTACCCTCTATTATCACATCAAAACAAACAAACCCTA,ATGGTGAGCAAGGGCGAGGAGCTGTTCACCGGGGTGGTGCCCATCCTGGTC,test,RPL8A,10.6940354060491,-0.17735204100608826
RPL8A_1150,CCGACGCAAACAAATTGGAAAAACCAACGCAAAAAAAAAAAGACGCTAAATTGTTTATAAAGGCGAGGAATTTGTATCTATCAATTACTATTCCAGTTGTCAGTTTACATTGCTTACCCTCTATTATCACATCAAAACAAAAGAGACCTA,ATGGTGAGCAAGGGCGAGGAGCTGTTCACCGGGGTGGTGCCCATCCTGGTC,test,RPL8A,9.52039768520624,-0.32175418734550476
RPL8A_1151,CCGACGCAAACAAATTGGAAAAACCAACGCAAAAAAAAAAAGACGCTAAATTGTTTATAAAGGCGAGGAATTTGTATCTATCAATTACTATTCCAGTTGTCAGTTTACATTGCTTACCCTCTATTATCACATCAAAACAAAGCCCACCTA,ATGGTGAGCAAGGGCGAGGAGCTGTTCACCGGGGTGGTGCCCATCCTGGTC,test,RPL8A,5.42673522660882,0.014434576034545898
RPL8A_1152,CCGACGCAAACAAATTGGAAAAACCAACGCAAAAAAAAAAAGACGCTAAATTGTTTATAAAGGCGAGGAATTTGTATCTATCAATTACTATTCCAGTTGTCAGTTTACATTGCTTACCCTCTATTATCACATCAAAACAAGCCCCACCTA,ATGGTGAGCAAGGGCGAGGAGCTGTTCACCGGGGTGGTGCCCATCCTGGTC,test,RPL8A,5.12625920660146,-0.07676055282354355
RPL8A_1153,CCGACGCAAACAAATTGGAAAAACCAACGCAAAAAAAAAAAGACGCTAAATTGTTTATAAAGGCGAGGAATTTGTATCTATCAATTACTATTCCAGTTGTCAGTTTACATTGCTTACCCTCTATTATCACATCAAAACAACCGAAACCTA,ATGGTGAGCAAGGGCGAGGAGCTGTTCACCGGGGTGGTGCCCATCCTGGTC,test,RPL8A,8.17087400608994,-0.42031389474868774
RPL8A_1154,CCGACGCAAACAAATTGGAAAAACCAACGCAAAAAAAAAAAGACGCTAAATTGTTTATAAAGGCGAGGAATTTGTATCTATCAATTACTATTCCAGTTGTCAGTTTACATTGCTTACCCTCTATTATCACATCAAAACAATACATTACTA,ATGGTGAGCAAGGGCGAGGAGCTGTTCACCGGGGTGGTGCCCATCCTGGTC,test,RPL8A,10.0896804598734,-0.01146186888217926
RPL8A_1155,CCGACGCAAACAAATTGGAAAAACCAACGCAAAAAAAAAAAGACGCTAAATTGTTTATAAAGGCGAGGAATTTGTATCTATCAATTACTATTCCAGTTGTCAGTTTACATTGCTTACCCTCTATTATCACATCAAAACAACATCGTACTA,ATGGTGAGCAAGGGCGAGGAGCTGTTCACCGGGGTGGTGCCCATCCTGGTC,test,RPL8A,8.91533181521097,0.0809432715177536
RPL8A_1156,CCGACGCAAACAAATTGGAAAAACCAACGCAAAAAAAAAAAGACGCTAAATTGTTTATAAAGGCGAGGAATTTGTATCTATCAATTACTATTCCAGTTGTCAGTTTACATTGCTTACCCTCTATTATCACATCAAAACAACCACCTACTA,ATGGTGAGCAAGGGCGAGGAGCTGTTCACCGGGGTGGTGCCCATCCTGGTC,test,RPL8A,4.73391992022858,-0.055667027831077576
RPL8A_1157,CCGACGCAAACAAATTGGAAAAACCAACGCAAAAAAAAAAAGACGCTAAATTGTTTATAAAGGCGAGGAATTTGTATCTATCAATTACTATTCCAGTTGTCAGTTTACATTGCTTACCCTCTATTATCACATCAAAACAACTGCTGACTA,ATGGTGAGCAAGGGCGAGGAGCTGTTCACCGGGGTGGTGCCCATCCTGGTC,test,RPL8A,8.77364334726319,-0.18746155500411987
RPL8A_1158,CCGACGCAAACAAATTGGAAAAACCAACGCAAAAAAAAAAAGACGCTAAATTGTTTATAAAGGCGAGGAATTTGTATCTATCAATTACTATTCCAGTTGTCAGTTTACATTGCTTACCCTCTATTATCACATCAAAACAAAAACGGACTA,ATGGTGAGCAAGGGCGAGGAGCTGTTCACCGGGGTGGTGCCCATCCTGGTC,test,RPL8A,8.16657880176552,-0.381386935710907
RPL8A_1159,CCGACGCAAACAAATTGGAAAAACCAACGCAAAAAAAAAAAGACGCTAAATTGTTTATAAAGGCGAGGAATTTGTATCTATCAATTACTATTCCAGTTGTCAGTTTACATTGCTTACCCTCTATTATCACATCAAAACAAATCGCGACTA,ATGGTGAGCAAGGGCGAGGAGCTGTTCACCGGGGTGGTGCCCATCCTGGTC,test,RPL8A,10.2421869894296,-0.41328710317611694
RPL8A_1160,CCGACGCAAACAAATTGGAAAAACCAACGCAAAAAAAAAAAGACGCTAAATTGTTTATAAAGGCGAGGAATTTGTATCTATCAATTACTATTCCAGTTGTCAGTTTACATTGCTTACCCTCTATTATCACATCAAAACAACCCCGCACTA,ATGGTGAGCAAGGGCGAGGAGCTGTTCACCGGGGTGGTGCCCATCCTGGTC,test,RPL8A,9.46297090919817,0.0032733771950006485
RPL8A_1161,CCGACGCAAACAAATTGGAAAAACCAACGCAAAAAAAAAAAGACGCTAAATTGTTTATAAAGGCGAGGAATTTGTATCTATCAATTACTATTCCAGTTGTCAGTTTACATTGCTTACCCTCTATTATCACATCAAAACAACAACGCACTA,ATGGTGAGCAAGGGCGAGGAGCTGTTCACCGGGGTGGTGCCCATCCTGGTC,test,RPL8A,8.97878274637549,0.07626989483833313
RPL8A_1162,CCGACGCAAACAAATTGGAAAAACCAACGCAAAAAAAAAAAGACGCTAAATTGTTTATAAAGGCGAGGAATTTGTATCTATCAATTACTATTCCAGTTGTCAGTTTACATTGCTTACCCTCTATTATCACATCAAAACAACACAGCACTA,ATGGTGAGCAAGGGCGAGGAGCTGTTCACCGGGGTGGTGCCCATCCTGGTC,test,RPL8A,7.70115235072308,0.06998449563980103
RPL8A_1163,CCGACGCAAACAAATTGGAAAAACCAACGCAAAAAAAAAAAGACGCTAAATTGTTTATAAAGGCGAGGAATTTGTATCTATCAATTACTATTCCAGTTGTCAGTTTACATTGCTTACCCTCTATTATCACATCAAAACAACTAGCCACTA,ATGGTGAGCAAGGGCGAGGAGCTGTTCACCGGGGTGGTGCCCATCCTGGTC,test,RPL8A,7.74009682167832,-0.16890504956245422
RPL8A_1164,CCGACGCAAACAAATTGGAAAAACCAACGCAAAAAAAAAAAGACGCTAAATTGTTTATAAAGGCGAGGAATTTGTATCTATCAATTACTATTCCAGTTGTCAGTTTACATTGCTTACCCTCTATTATCACATCAAAACAATTGACCACTA,ATGGTGAGCAAGGGCGAGGAGCTGTTCACCGGGGTGGTGCCCATCCTGGTC,test,RPL8A,6.89062530947734,-0.04699546843767166
RPL8A_1165,CCGACGCAAACAAATTGGAAAAACCAACGCAAAAAAAAAAAGACGCTAAATTGTTTATAAAGGCGAGGAATTTGTATCTATCAATTACTATTCCAGTTGTCAGTTTACATTGCTTACCCTCTATTATCACATCAAAACAAAAAACCACTA,ATGGTGAGCAAGGGCGAGGAGCTGTTCACCGGGGTGGTGCCCATCCTGGTC,test,RPL8A,8.7984601648132,-0.09237106889486313
RPL8A_1166,CCGACGCAAACAAATTGGAAAAACCAACGCAAAAAAAAAAAGACGCTAAATTGTTTATAAAGGCGAGGAATTTGTATCTATCAATTACTATTCCAGTTGTCAGTTTACATTGCTTACCCTCTATTATCACATCAAAACAACGCGACACTA,ATGGTGAGCAAGGGCGAGGAGCTGTTCACCGGGGTGGTGCCCATCCTGGTC,test,RPL8A,6.11209618521064,-0.38354334235191345
RPL8A_1167,CCGACGCAAACAAATTGGAAAAACCAACGCAAAAAAAAAAAGACGCTAAATTGTTTATAAAGGCGAGGAATTTGTATCTATCAATTACTATTCCAGTTGTCAGTTTACATTGCTTACCCTCTATTATCACATCAAAACAAAGAACAACTA,ATGGTGAGCAAGGGCGAGGAGCTGTTCACCGGGGTGGTGCCCATCCTGGTC,test,RPL8A,9.93575649184239,0.06540470570325851
RPL8A_1168,CCGACGCAAACAAATTGGAAAAACCAACGCAAAAAAAAAAAGACGCTAAATTGTTTATAAAGGCGAGGAATTTGTATCTATCAATTACTATTCCAGTTGTCAGTTTACATTGCTTACCCTCTATTATCACATCAAAACAACAAACAACTA,ATGGTGAGCAAGGGCGAGGAGCTGTTCACCGGGGTGGTGCCCATCCTGGTC,test,RPL8A,10.4820470188234,0.2503364682197571
RPL8A_1169,CCGACGCAAACAAATTGGAAAAACCAACGCAAAAAAAAAAAGACGCTAAATTGTTTATAAAGGCGAGGAATTTGTATCTATCAATTACTATTCCAGTTGTCAGTTTACATTGCTTACCCTCTATTATCACATCAAAACAAGCCAAAACTA,ATGGTGAGCAAGGGCGAGGAGCTGTTCACCGGGGTGGTGCCCATCCTGGTC,test,RPL8A,7.41425648265114,-0.15990859270095825
RPL8A_1170,CCGACGCAAACAAATTGGAAAAACCAACGCAAAAAAAAAAAGACGCTAAATTGTTTATAAAGGCGAGGAATTTGTATCTATCAATTACTATTCCAGTTGTCAGTTTACATTGCTTACCCTCTATTATCACATCAAAACAAGGTAGTTATA,ATGGTGAGCAAGGGCGAGGAGCTGTTCACCGGGGTGGTGCCCATCCTGGTC,test,RPL8A,12.6106723290913,-0.0001434851437807083
RPL8A_1171,CCGACGCAAACAAATTGGAAAAACCAACGCAAAAAAAAAAAGACGCTAAATTGTTTATAAAGGCGAGGAATTTGTATCTATCAATTACTATTCCAGTTGTCAGTTTACATTGCTTACCCTCTATTATCACATCAAAACAAAGAACATATA,ATGGTGAGCAAGGGCGAGGAGCTGTTCACCGGGGTGGTGCCCATCCTGGTC,test,RPL8A,12.4731575221344,0.08121833205223083
RPL8A_1172,CCGACGCAAACAAATTGGAAAAACCAACGCAAAAAAAAAAAGACGCTAAATTGTTTATAAAGGCGAGGAATTTGTATCTATCAATTACTATTCCAGTTGTCAGTTTACATTGCTTACCCTCTATTATCACATCAAAACAAACCCCGGATA,ATGGTGAGCAAGGGCGAGGAGCTGTTCACCGGGGTGGTGCCCATCCTGGTC,test,RPL8A,7.58181680232762,-0.4109219014644623
RPL8A_1173,CCGACGCAAACAAATTGGAAAAACCAACGCAAAAAAAAAAAGACGCTAAATTGTTTATAAAGGCGAGGAATTTGTATCTATCAATTACTATTCCAGTTGTCAGTTTACATTGCTTACCCTCTATTATCACATCAAAACAACTCTCCGATA,ATGGTGAGCAAGGGCGAGGAGCTGTTCACCGGGGTGGTGCCCATCCTGGTC,test,RPL8A,10.8714347672948,-0.0838698223233223
RPL8A_1174,CCGACGCAAACAAATTGGAAAAACCAACGCAAAAAAAAAAAGACGCTAAATTGTTTATAAAGGCGAGGAATTTGTATCTATCAATTACTATTCCAGTTGTCAGTTTACATTGCTTACCCTCTATTATCACATCAAAACAAACGCACGATA,ATGGTGAGCAAGGGCGAGGAGCTGTTCACCGGGGTGGTGCCCATCCTGGTC,test,RPL8A,11.4181359504449,0.02354961261153221
RPL8A_1175,CCGACGCAAACAAATTGGAAAAACCAACGCAAAAAAAAAAAGACGCTAAATTGTTTATAAAGGCGAGGAATTTGTATCTATCAATTACTATTCCAGTTGTCAGTTTACATTGCTTACCCTCTATTATCACATCAAAACAATCCCCAGATA,ATGGTGAGCAAGGGCGAGGAGCTGTTCACCGGGGTGGTGCCCATCCTGGTC,test,RPL8A,8.62978820205462,-0.05754317343235016
RPL8A_1176,CCGACGCAAACAAATTGGAAAAACCAACGCAAAAAAAAAAAGACGCTAAATTGTTTATAAAGGCGAGGAATTTGTATCTATCAATTACTATTCCAGTTGTCAGTTTACATTGCTTACCCTCTATTATCACATCAAAACAAGCGCAAGATA,ATGGTGAGCAAGGGCGAGGAGCTGTTCACCGGGGTGGTGCCCATCCTGGTC,test,RPL8A,11.2877269154047,-0.33962661027908325
RPL8A_1177,CCGACGCAAACAAATTGGAAAAACCAACGCAAAAAAAAAAAGACGCTAAATTGTTTATAAAGGCGAGGAATTTGTATCTATCAATTACTATTCCAGTTGTCAGTTTACATTGCTTACCCTCTATTATCACATCAAAACAAGTACGTCATA,ATGGTGAGCAAGGGCGAGGAGCTGTTCACCGGGGTGGTGCCCATCCTGGTC,test,RPL8A,11.4982756225122,0.049202390015125275
RPL8A_1178,CCGACGCAAACAAATTGGAAAAACCAACGCAAAAAAAAAAAGACGCTAAATTGTTTATAAAGGCGAGGAATTTGTATCTATCAATTACTATTCCAGTTGTCAGTTTACATTGCTTACCCTCTATTATCACATCAAAACAATCTCATCATA,ATGGTGAGCAAGGGCGAGGAGCTGTTCACCGGGGTGGTGCCCATCCTGGTC,test,RPL8A,10.9947006563941,-0.05245432257652283
RPL8A_1179,CCGACGCAAACAAATTGGAAAAACCAACGCAAAAAAAAAAAGACGCTAAATTGTTTATAAAGGCGAGGAATTTGTATCTATCAATTACTATTCCAGTTGTCAGTTTACATTGCTTACCCTCTATTATCACATCAAAACAAATCCCGCATA,ATGGTGAGCAAGGGCGAGGAGCTGTTCACCGGGGTGGTGCCCATCCTGGTC,test,RPL8A,12.2372474888045,-0.05952965468168259
RPL8A_1180,CCGACGCAAACAAATTGGAAAAACCAACGCAAAAAAAAAAAGACGCTAAATTGTTTATAAAGGCGAGGAATTTGTATCTATCAATTACTATTCCAGTTGTCAGTTTACATTGCTTACCCTCTATTATCACATCAAAACAAGAATTCCATA,ATGGTGAGCAAGGGCGAGGAGCTGTTCACCGGGGTGGTGCCCATCCTGGTC,test,RPL8A,13.0039669799175,0.05214662477374077
RPL8A_1181,CCGACGCAAACAAATTGGAAAAACCAACGCAAAAAAAAAAAGACGCTAAATTGTTTATAAAGGCGAGGAATTTGTATCTATCAATTACTATTCCAGTTGTCAGTTTACATTGCTTACCCTCTATTATCACATCAAAACAACCCGTCCATA,ATGGTGAGCAAGGGCGAGGAGCTGTTCACCGGGGTGGTGCCCATCCTGGTC,test,RPL8A,11.2274502305718,-0.040622346103191376
RPL8A_1182,CCGACGCAAACAAATTGGAAAAACCAACGCAAAAAAAAAAAGACGCTAAATTGTTTATAAAGGCGAGGAATTTGTATCTATCAATTACTATTCCAGTTGTCAGTTTACATTGCTTACCCTCTATTATCACATCAAAACAAAAAATCCATA,ATGGTGAGCAAGGGCGAGGAGCTGTTCACCGGGGTGGTGCCCATCCTGGTC,test,RPL8A,11.3706885093306,-0.034284982830286026
RPL8A_1183,CCGACGCAAACAAATTGGAAAAACCAACGCAAAAAAAAAAAGACGCTAAATTGTTTATAAAGGCGAGGAATTTGTATCTATCAATTACTATTCCAGTTGTCAGTTTACATTGCTTACCCTCTATTATCACATCAAAACAACAAAGCCATA,ATGGTGAGCAAGGGCGAGGAGCTGTTCACCGGGGTGGTGCCCATCCTGGTC,test,RPL8A,11.407680579215,0.06429850310087204
RPL8A_1184,CCGACGCAAACAAATTGGAAAAACCAACGCAAAAAAAAAAAGACGCTAAATTGTTTATAAAGGCGAGGAATTTGTATCTATCAATTACTATTCCAGTTGTCAGTTTACATTGCTTACCCTCTATTATCACATCAAAACAAATACCCCATA,ATGGTGAGCAAGGGCGAGGAGCTGTTCACCGGGGTGGTGCCCATCCTGGTC,test,RPL8A,10.9962920824488,-0.07561974972486496
RPL8A_1185,CCGACGCAAACAAATTGGAAAAACCAACGCAAAAAAAAAAAGACGCTAAATTGTTTATAAAGGCGAGGAATTTGTATCTATCAATTACTATTCCAGTTGTCAGTTTACATTGCTTACCCTCTATTATCACATCAAAACAACCAGACCATA,ATGGTGAGCAAGGGCGAGGAGCTGTTCACCGGGGTGGTGCCCATCCTGGTC,test,RPL8A,8.81287161264539,-0.2787157893180847
RPL8A_1186,CCGACGCAAACAAATTGGAAAAACCAACGCAAAAAAAAAAAGACGCTAAATTGTTTATAAAGGCGAGGAATTTGTATCTATCAATTACTATTCCAGTTGTCAGTTTACATTGCTTACCCTCTATTATCACATCAAAACAAAGAAACCATA,ATGGTGAGCAAGGGCGAGGAGCTGTTCACCGGGGTGGTGCCCATCCTGGTC,test,RPL8A,11.2367603678608,-0.0012093335390090942
RPL8A_1187,CCGACGCAAACAAATTGGAAAAACCAACGCAAAAAAAAAAAGACGCTAAATTGTTTATAAAGGCGAGGAATTTGTATCTATCAATTACTATTCCAGTTGTCAGTTTACATTGCTTACCCTCTATTATCACATCAAAACAAAGCGGACATA,ATGGTGAGCAAGGGCGAGGAGCTGTTCACCGGGGTGGTGCCCATCCTGGTC,test,RPL8A,8.3448285474132,-0.034921273589134216
RPL8A_1188,CCGACGCAAACAAATTGGAAAAACCAACGCAAAAAAAAAAAGACGCTAAATTGTTTATAAAGGCGAGGAATTTGTATCTATCAATTACTATTCCAGTTGTCAGTTTACATTGCTTACCCTCTATTATCACATCAAAACAATCCGCACATA,ATGGTGAGCAAGGGCGAGGAGCTGTTCACCGGGGTGGTGCCCATCCTGGTC,test,RPL8A,12.6166174513382,0.010844273492693901
RPL8A_1189,CCGACGCAAACAAATTGGAAAAACCAACGCAAAAAAAAAAAGACGCTAAATTGTTTATAAAGGCGAGGAATTTGTATCTATCAATTACTATTCCAGTTGTCAGTTTACATTGCTTACCCTCTATTATCACATCAAAACAAACCGCACATA,ATGGTGAGCAAGGGCGAGGAGCTGTTCACCGGGGTGGTGCCCATCCTGGTC,test,RPL8A,12.6454442575313,0.14439132809638977
RPL8A_1190,CCGACGCAAACAAATTGGAAAAACCAACGCAAAAAAAAAAAGACGCTAAATTGTTTATAAAGGCGAGGAATTTGTATCTATCAATTACTATTCCAGTTGTCAGTTTACATTGCTTACCCTCTATTATCACATCAAAACAAACCCCACATA,ATGGTGAGCAAGGGCGAGGAGCTGTTCACCGGGGTGGTGCCCATCCTGGTC,test,RPL8A,11.1591533234597,-0.09924120455980301
RPL8A_1191,CCGACGCAAACAAATTGGAAAAACCAACGCAAAAAAAAAAAGACGCTAAATTGTTTATAAAGGCGAGGAATTTGTATCTATCAATTACTATTCCAGTTGTCAGTTTACATTGCTTACCCTCTATTATCACATCAAAACAAGAACCACATA,ATGGTGAGCAAGGGCGAGGAGCTGTTCACCGGGGTGGTGCCCATCCTGGTC,test,RPL8A,11.7079060493632,0.010037865489721298
RPL8A_1192,CCGACGCAAACAAATTGGAAAAACCAACGCAAAAAAAAAAAGACGCTAAATTGTTTATAAAGGCGAGGAATTTGTATCTATCAATTACTATTCCAGTTGTCAGTTTACATTGCTTACCCTCTATTATCACATCAAAACAAAACAAACATA,ATGGTGAGCAAGGGCGAGGAGCTGTTCACCGGGGTGGTGCCCATCCTGGTC,test,RPL8A,13.352019391788,0.0499965138733387
RPL8A_1193,CCGACGCAAACAAATTGGAAAAACCAACGCAAAAAAAAAAAGACGCTAAATTGTTTATAAAGGCGAGGAATTTGTATCTATCAATTACTATTCCAGTTGTCAGTTTACATTGCTTACCCTCTATTATCACATCAAAACAACCCCTTAATA,ATGGTGAGCAAGGGCGAGGAGCTGTTCACCGGGGTGGTGCCCATCCTGGTC,test,RPL8A,10.5267549663493,-0.07991699129343033
RPL8A_1194,CCGACGCAAACAAATTGGAAAAACCAACGCAAAAAAAAAAAGACGCTAAATTGTTTATAAAGGCGAGGAATTTGTATCTATCAATTACTATTCCAGTTGTCAGTTTACATTGCTTACCCTCTATTATCACATCAAAACAAACAAGGAATA,ATGGTGAGCAAGGGCGAGGAGCTGTTCACCGGGGTGGTGCCCATCCTGGTC,test,RPL8A,12.0795781306756,-0.07245437800884247
RPL8A_1195,CCGACGCAAACAAATTGGAAAAACCAACGCAAAAAAAAAAAGACGCTAAATTGTTTATAAAGGCGAGGAATTTGTATCTATCAATTACTATTCCAGTTGTCAGTTTACATTGCTTACCCTCTATTATCACATCAAAACAAACCGCGAATA,ATGGTGAGCAAGGGCGAGGAGCTGTTCACCGGGGTGGTGCCCATCCTGGTC,test,RPL8A,10.3744127211178,-0.3734666705131531
RPL8A_1196,CCGACGCAAACAAATTGGAAAAACCAACGCAAAAAAAAAAAGACGCTAAATTGTTTATAAAGGCGAGGAATTTGTATCTATCAATTACTATTCCAGTTGTCAGTTTACATTGCTTACCCTCTATTATCACATCAAAACAAAACCCGAATA,ATGGTGAGCAAGGGCGAGGAGCTGTTCACCGGGGTGGTGCCCATCCTGGTC,test,RPL8A,10.4261371391352,-0.45226389169692993
RPL8A_1197,CCGACGCAAACAAATTGGAAAAACCAACGCAAAAAAAAAAAGACGCTAAATTGTTTATAAAGGCGAGGAATTTGTATCTATCAATTACTATTCCAGTTGTCAGTTTACATTGCTTACCCTCTATTATCACATCAAAACAAAAAAGCAATA,ATGGTGAGCAAGGGCGAGGAGCTGTTCACCGGGGTGGTGCCCATCCTGGTC,test,RPL8A,12.762594954163,-0.14890798926353455
RPL8A_1198,CCGACGCAAACAAATTGGAAAAACCAACGCAAAAAAAAAAAGACGCTAAATTGTTTATAAAGGCGAGGAATTTGTATCTATCAATTACTATTCCAGTTGTCAGTTTACATTGCTTACCCTCTATTATCACATCAAAACAAACGGCCAATA,ATGGTGAGCAAGGGCGAGGAGCTGTTCACCGGGGTGGTGCCCATCCTGGTC,test,RPL8A,10.3032686950974,-0.2696256637573242
RPL8A_1199,CCGACGCAAACAAATTGGAAAAACCAACGCAAAAAAAAAAAGACGCTAAATTGTTTATAAAGGCGAGGAATTTGTATCTATCAATTACTATTCCAGTTGTCAGTTTACATTGCTTACCCTCTATTATCACATCAAAACAAACGCCCAATA,ATGGTGAGCAAGGGCGAGGAGCTGTTCACCGGGGTGGTGCCCATCCTGGTC,test,RPL8A,11.0927609162677,-0.13460546731948853
RPL8A_1200,CCGACGCAAACAAATTGGAAAAACCAACGCAAAAAAAAAAAGACGCTAAATTGTTTATAAAGGCGAGGAATTTGTATCTATCAATTACTATTCCAGTTGTCAGTTTACATTGCTTACCCTCTATTATCACATCAAAACAAATACCCAATA,ATGGTGAGCAAGGGCGAGGAGCTGTTCACCGGGGTGGTGCCCATCCTGGTC,test,RPL8A,11.0184531172302,-0.0322815477848053
RPL8A_1201,CCGACGCAAACAAATTGGAAAAACCAACGCAAAAAAAAAAAGACGCTAAATTGTTTATAAAGGCGAGGAATTTGTATCTATCAATTACTATTCCAGTTGTCAGTTTACATTGCTTACCCTCTATTATCACATCAAAACAAAAACCCAATA,ATGGTGAGCAAGGGCGAGGAGCTGTTCACCGGGGTGGTGCCCATCCTGGTC,test,RPL8A,11.5711586943897,-0.27007585763931274
RPL8A_1202,CCGACGCAAACAAATTGGAAAAACCAACGCAAAAAAAAAAAGACGCTAAATTGTTTATAAAGGCGAGGAATTTGTATCTATCAATTACTATTCCAGTTGTCAGTTTACATTGCTTACCCTCTATTATCACATCAAAACAAAAACCAAATA,ATGGTGAGCAAGGGCGAGGAGCTGTTCACCGGGGTGGTGCCCATCCTGGTC,test,RPL8A,10.3884510310995,-0.3012423515319824
RPL8A_1203,CCGACGCAAACAAATTGGAAAAACCAACGCAAAAAAAAAAAGACGCTAAATTGTTTATAAAGGCGAGGAATTTGTATCTATCAATTACTATTCCAGTTGTCAGTTTACATTGCTTACCCTCTATTATCACATCAAAACAACTCACAAATA,ATGGTGAGCAAGGGCGAGGAGCTGTTCACCGGGGTGGTGCCCATCCTGGTC,test,RPL8A,11.2647531192899,0.39038360118865967
RPL8A_1204,CCGACGCAAACAAATTGGAAAAACCAACGCAAAAAAAAAAAGACGCTAAATTGTTTATAAAGGCGAGGAATTTGTATCTATCAATTACTATTCCAGTTGTCAGTTTACATTGCTTACCCTCTATTATCACATCAAAACAAGGCACAAATA,ATGGTGAGCAAGGGCGAGGAGCTGTTCACCGGGGTGGTGCCCATCCTGGTC,test,RPL8A,9.42438746946814,-0.06075359880924225
RPL8A_1205,CCGACGCAAACAAATTGGAAAAACCAACGCAAAAAAAAAAAGACGCTAAATTGTTTATAAAGGCGAGGAATTTGTATCTATCAATTACTATTCCAGTTGTCAGTTTACATTGCTTACCCTCTATTATCACATCAAAACAACAGGAAAATA,ATGGTGAGCAAGGGCGAGGAGCTGTTCACCGGGGTGGTGCCCATCCTGGTC,test,RPL8A,12.0411057291673,0.030779452994465828
RPL8A_1206,CCGACGCAAACAAATTGGAAAAACCAACGCAAAAAAAAAAAGACGCTAAATTGTTTATAAAGGCGAGGAATTTGTATCTATCAATTACTATTCCAGTTGTCAGTTTACATTGCTTACCCTCTATTATCACATCAAAACAAGAAAAAAATA,ATGGTGAGCAAGGGCGAGGAGCTGTTCACCGGGGTGGTGCCCATCCTGGTC,test,RPL8A,12.0940466149743,0.022235257551074028
RPL8A_1207,CCGACGCAAACAAATTGGAAAAACCAACGCAAAAAAAAAAAGACGCTAAATTGTTTATAAAGGCGAGGAATTTGTATCTATCAATTACTATTCCAGTTGTCAGTTTACATTGCTTACCCTCTATTATCACATCAAAACAAACAACTCTGA,ATGGTGAGCAAGGGCGAGGAGCTGTTCACCGGGGTGGTGCCCATCCTGGTC,test,RPL8A,6.36876526616763,0.13682110607624054
RPL8A_1208,CCGACGCAAACAAATTGGAAAAACCAACGCAAAAAAAAAAAGACGCTAAATTGTTTATAAAGGCGAGGAATTTGTATCTATCAATTACTATTCCAGTTGTCAGTTTACATTGCTTACCCTCTATTATCACATCAAAACAAGATACCCTGA,ATGGTGAGCAAGGGCGAGGAGCTGTTCACCGGGGTGGTGCCCATCCTGGTC,test,RPL8A,6.5444412743202,0.0618615448474884
RPL8A_1209,CCGACGCAAACAAATTGGAAAAACCAACGCAAAAAAAAAAAGACGCTAAATTGTTTATAAAGGCGAGGAATTTGTATCTATCAATTACTATTCCAGTTGTCAGTTTACATTGCTTACCCTCTATTATCACATCAAAACAAAAATACTGGA,ATGGTGAGCAAGGGCGAGGAGCTGTTCACCGGGGTGGTGCCCATCCTGGTC,test,RPL8A,9.52361172152601,-0.1826252043247223
RPL8A_1210,CCGACGCAAACAAATTGGAAAAACCAACGCAAAAAAAAAAAGACGCTAAATTGTTTATAAAGGCGAGGAATTTGTATCTATCAATTACTATTCCAGTTGTCAGTTTACATTGCTTACCCTCTATTATCACATCAAAACAACTCGAAGGGA,ATGGTGAGCAAGGGCGAGGAGCTGTTCACCGGGGTGGTGCCCATCCTGGTC,test,RPL8A,5.61835759355471,-0.13800138235092163
RPL8A_1211,CCGACGCAAACAAATTGGAAAAACCAACGCAAAAAAAAAAAGACGCTAAATTGTTTATAAAGGCGAGGAATTTGTATCTATCAATTACTATTCCAGTTGTCAGTTTACATTGCTTACCCTCTATTATCACATCAAAACAACCCCATCGGA,ATGGTGAGCAAGGGCGAGGAGCTGTTCACCGGGGTGGTGCCCATCCTGGTC,test,RPL8A,8.49114659364755,-0.12106800824403763
RPL8A_1212,CCGACGCAAACAAATTGGAAAAACCAACGCAAAAAAAAAAAGACGCTAAATTGTTTATAAAGGCGAGGAATTTGTATCTATCAATTACTATTCCAGTTGTCAGTTTACATTGCTTACCCTCTATTATCACATCAAAACAAAAAAGGCGGA,ATGGTGAGCAAGGGCGAGGAGCTGTTCACCGGGGTGGTGCCCATCCTGGTC,test,RPL8A,9.81230605910812,-0.3892863988876343
RPL8A_1213,CCGACGCAAACAAATTGGAAAAACCAACGCAAAAAAAAAAAGACGCTAAATTGTTTATAAAGGCGAGGAATTTGTATCTATCAATTACTATTCCAGTTGTCAGTTTACATTGCTTACCCTCTATTATCACATCAAAACAACCCCTCCGGA,ATGGTGAGCAAGGGCGAGGAGCTGTTCACCGGGGTGGTGCCCATCCTGGTC,test,RPL8A,9.1357898799245,-0.14120706915855408
RPL8A_1214,CCGACGCAAACAAATTGGAAAAACCAACGCAAAAAAAAAAAGACGCTAAATTGTTTATAAAGGCGAGGAATTTGTATCTATCAATTACTATTCCAGTTGTCAGTTTACATTGCTTACCCTCTATTATCACATCAAAACAACCGAGCCGGA,ATGGTGAGCAAGGGCGAGGAGCTGTTCACCGGGGTGGTGCCCATCCTGGTC,test,RPL8A,8.62772893921635,-0.41678109765052795
RPL8A_1215,CCGACGCAAACAAATTGGAAAAACCAACGCAAAAAAAAAAAGACGCTAAATTGTTTATAAAGGCGAGGAATTTGTATCTATCAATTACTATTCCAGTTGTCAGTTTACATTGCTTACCCTCTATTATCACATCAAAACAACACTCCCGGA,ATGGTGAGCAAGGGCGAGGAGCTGTTCACCGGGGTGGTGCCCATCCTGGTC,test,RPL8A,8.94913055913188,-0.03246466815471649
RPL8A_1216,CCGACGCAAACAAATTGGAAAAACCAACGCAAAAAAAAAAAGACGCTAAATTGTTTATAAAGGCGAGGAATTTGTATCTATCAATTACTATTCCAGTTGTCAGTTTACATTGCTTACCCTCTATTATCACATCAAAACAACACACCCGGA,ATGGTGAGCAAGGGCGAGGAGCTGTTCACCGGGGTGGTGCCCATCCTGGTC,test,RPL8A,7.01380119450191,0.2385585606098175
RPL8A_1217,CCGACGCAAACAAATTGGAAAAACCAACGCAAAAAAAAAAAGACGCTAAATTGTTTATAAAGGCGAGGAATTTGTATCTATCAATTACTATTCCAGTTGTCAGTTTACATTGCTTACCCTCTATTATCACATCAAAACAATAATACCGGA,ATGGTGAGCAAGGGCGAGGAGCTGTTCACCGGGGTGGTGCCCATCCTGGTC,test,RPL8A,9.72976209357947,-0.3597324788570404
RPL8A_1218,CCGACGCAAACAAATTGGAAAAACCAACGCAAAAAAAAAAAGACGCTAAATTGTTTATAAAGGCGAGGAATTTGTATCTATCAATTACTATTCCAGTTGTCAGTTTACATTGCTTACCCTCTATTATCACATCAAAACAATATAACCGGA,ATGGTGAGCAAGGGCGAGGAGCTGTTCACCGGGGTGGTGCCCATCCTGGTC,test,RPL8A,9.87193659518296,-0.08517269045114517
RPL8A_1219,CCGACGCAAACAAATTGGAAAAACCAACGCAAAAAAAAAAAGACGCTAAATTGTTTATAAAGGCGAGGAATTTGTATCTATCAATTACTATTCCAGTTGTCAGTTTACATTGCTTACCCTCTATTATCACATCAAAACAACCACGACGGA,ATGGTGAGCAAGGGCGAGGAGCTGTTCACCGGGGTGGTGCCCATCCTGGTC,test,RPL8A,6.72320067066335,-0.29239922761917114
RPL8A_1220,CCGACGCAAACAAATTGGAAAAACCAACGCAAAAAAAAAAAGACGCTAAATTGTTTATAAAGGCGAGGAATTTGTATCTATCAATTACTATTCCAGTTGTCAGTTTACATTGCTTACCCTCTATTATCACATCAAAACAAAGAACACGGA,ATGGTGAGCAAGGGCGAGGAGCTGTTCACCGGGGTGGTGCCCATCCTGGTC,test,RPL8A,10.4413264765161,-0.420895516872406
RPL8A_1221,CCGACGCAAACAAATTGGAAAAACCAACGCAAAAAAAAAAAGACGCTAAATTGTTTATAAAGGCGAGGAATTTGTATCTATCAATTACTATTCCAGTTGTCAGTTTACATTGCTTACCCTCTATTATCACATCAAAACAACAGATTAGGA,ATGGTGAGCAAGGGCGAGGAGCTGTTCACCGGGGTGGTGCCCATCCTGGTC,test,RPL8A,8.41710424085307,0.39453306794166565
RPL8A_1222,CCGACGCAAACAAATTGGAAAAACCAACGCAAAAAAAAAAAGACGCTAAATTGTTTATAAAGGCGAGGAATTTGTATCTATCAATTACTATTCCAGTTGTCAGTTTACATTGCTTACCCTCTATTATCACATCAAAACAAAAGAGTAGGA,ATGGTGAGCAAGGGCGAGGAGCTGTTCACCGGGGTGGTGCCCATCCTGGTC,test,RPL8A,10.6472915542562,-0.36493033170700073
RPL8A_1223,CCGACGCAAACAAATTGGAAAAACCAACGCAAAAAAAAAAAGACGCTAAATTGTTTATAAAGGCGAGGAATTTGTATCTATCAATTACTATTCCAGTTGTCAGTTTACATTGCTTACCCTCTATTATCACATCAAAACAACAAAATAGGA,ATGGTGAGCAAGGGCGAGGAGCTGTTCACCGGGGTGGTGCCCATCCTGGTC,test,RPL8A,7.3767430122241,-0.12051858752965927
RPL8A_1224,CCGACGCAAACAAATTGGAAAAACCAACGCAAAAAAAAAAAGACGCTAAATTGTTTATAAAGGCGAGGAATTTGTATCTATCAATTACTATTCCAGTTGTCAGTTTACATTGCTTACCCTCTATTATCACATCAAAACAACAGGTGAGGA,ATGGTGAGCAAGGGCGAGGAGCTGTTCACCGGGGTGGTGCCCATCCTGGTC,test,RPL8A,9.49090128672812,-0.08528194576501846
RPL8A_1225,CCGACGCAAACAAATTGGAAAAACCAACGCAAAAAAAAAAAGACGCTAAATTGTTTATAAAGGCGAGGAATTTGTATCTATCAATTACTATTCCAGTTGTCAGTTTACATTGCTTACCCTCTATTATCACATCAAAACAAGAAGGCAGGA,ATGGTGAGCAAGGGCGAGGAGCTGTTCACCGGGGTGGTGCCCATCCTGGTC,test,RPL8A,7.89909085136695,-0.10954875499010086
RPL8A_1226,CCGACGCAAACAAATTGGAAAAACCAACGCAAAAAAAAAAAGACGCTAAATTGTTTATAAAGGCGAGGAATTTGTATCTATCAATTACTATTCCAGTTGTCAGTTTACATTGCTTACCCTCTATTATCACATCAAAACAAAACAGCAGGA,ATGGTGAGCAAGGGCGAGGAGCTGTTCACCGGGGTGGTGCCCATCCTGGTC,test,RPL8A,11.4396626855544,-0.2783903479576111
RPL8A_1227,CCGACGCAAACAAATTGGAAAAACCAACGCAAAAAAAAAAAGACGCTAAATTGTTTATAAAGGCGAGGAATTTGTATCTATCAATTACTATTCCAGTTGTCAGTTTACATTGCTTACCCTCTATTATCACATCAAAACAAAACACCAGGA,ATGGTGAGCAAGGGCGAGGAGCTGTTCACCGGGGTGGTGCCCATCCTGGTC,test,RPL8A,5.74717731158525,-0.31860288977622986
RPL8A_1228,CCGACGCAAACAAATTGGAAAAACCAACGCAAAAAAAAAAAGACGCTAAATTGTTTATAAAGGCGAGGAATTTGTATCTATCAATTACTATTCCAGTTGTCAGTTTACATTGCTTACCCTCTATTATCACATCAAAACAACGTAGAAGGA,ATGGTGAGCAAGGGCGAGGAGCTGTTCACCGGGGTGGTGCCCATCCTGGTC,test,RPL8A,11.0476975052568,0.16471126675605774
RPL8A_1229,CCGACGCAAACAAATTGGAAAAACCAACGCAAAAAAAAAAAGACGCTAAATTGTTTATAAAGGCGAGGAATTTGTATCTATCAATTACTATTCCAGTTGTCAGTTTACATTGCTTACCCTCTATTATCACATCAAAACAACAAAGAAGGA,ATGGTGAGCAAGGGCGAGGAGCTGTTCACCGGGGTGGTGCCCATCCTGGTC,test,RPL8A,10.4498139866895,0.012813229113817215
RPL8A_1230,CCGACGCAAACAAATTGGAAAAACCAACGCAAAAAAAAAAAGACGCTAAATTGTTTATAAAGGCGAGGAATTTGTATCTATCAATTACTATTCCAGTTGTCAGTTTACATTGCTTACCCTCTATTATCACATCAAAACAACCTAAAAGGA,ATGGTGAGCAAGGGCGAGGAGCTGTTCACCGGGGTGGTGCCCATCCTGGTC,test,RPL8A,5.51620679573259,-0.02516910433769226
RPL8A_1231,CCGACGCAAACAAATTGGAAAAACCAACGCAAAAAAAAAAAGACGCTAAATTGTTTATAAAGGCGAGGAATTTGTATCTATCAATTACTATTCCAGTTGTCAGTTTACATTGCTTACCCTCTATTATCACATCAAAACAAACCCCTTCGA,ATGGTGAGCAAGGGCGAGGAGCTGTTCACCGGGGTGGTGCCCATCCTGGTC,test,RPL8A,8.9087959205102,-0.04855746030807495
RPL8A_1232,CCGACGCAAACAAATTGGAAAAACCAACGCAAAAAAAAAAAGACGCTAAATTGTTTATAAAGGCGAGGAATTTGTATCTATCAATTACTATTCCAGTTGTCAGTTTACATTGCTTACCCTCTATTATCACATCAAAACAAGACATCTCGA,ATGGTGAGCAAGGGCGAGGAGCTGTTCACCGGGGTGGTGCCCATCCTGGTC,test,RPL8A,2.0435460257744,0.006595417857170105
RPL8A_1233,CCGACGCAAACAAATTGGAAAAACCAACGCAAAAAAAAAAAGACGCTAAATTGTTTATAAAGGCGAGGAATTTGTATCTATCAATTACTATTCCAGTTGTCAGTTTACATTGCTTACCCTCTATTATCACATCAAAACAAAGGGCCTCGA,ATGGTGAGCAAGGGCGAGGAGCTGTTCACCGGGGTGGTGCCCATCCTGGTC,test,RPL8A,10.1726681343844,-0.005908388644456863
RPL8A_1234,CCGACGCAAACAAATTGGAAAAACCAACGCAAAAAAAAAAAGACGCTAAATTGTTTATAAAGGCGAGGAATTTGTATCTATCAATTACTATTCCAGTTGTCAGTTTACATTGCTTACCCTCTATTATCACATCAAAACAAAACACCTCGA,ATGGTGAGCAAGGGCGAGGAGCTGTTCACCGGGGTGGTGCCCATCCTGGTC,test,RPL8A,5.20879617514944,0.1271916925907135
RPL8A_1235,CCGACGCAAACAAATTGGAAAAACCAACGCAAAAAAAAAAAGACGCTAAATTGTTTATAAAGGCGAGGAATTTGTATCTATCAATTACTATTCCAGTTGTCAGTTTACATTGCTTACCCTCTATTATCACATCAAAACAACTTTACTCGA,ATGGTGAGCAAGGGCGAGGAGCTGTTCACCGGGGTGGTGCCCATCCTGGTC,test,RPL8A,9.83470100312119,-0.05780754238367081
RPL8A_1236,CCGACGCAAACAAATTGGAAAAACCAACGCAAAAAAAAAAAGACGCTAAATTGTTTATAAAGGCGAGGAATTTGTATCTATCAATTACTATTCCAGTTGTCAGTTTACATTGCTTACCCTCTATTATCACATCAAAACAACTCAACTCGA,ATGGTGAGCAAGGGCGAGGAGCTGTTCACCGGGGTGGTGCCCATCCTGGTC,test,RPL8A,7.62607256193025,0.06507186591625214
RPL8A_1237,CCGACGCAAACAAATTGGAAAAACCAACGCAAAAAAAAAAAGACGCTAAATTGTTTATAAAGGCGAGGAATTTGTATCTATCAATTACTATTCCAGTTGTCAGTTTACATTGCTTACCCTCTATTATCACATCAAAACAAGACCGCGCGA,ATGGTGAGCAAGGGCGAGGAGCTGTTCACCGGGGTGGTGCCCATCCTGGTC,test,RPL8A,3.57938340756525,-0.25661635398864746
RPL8A_1238,CCGACGCAAACAAATTGGAAAAACCAACGCAAAAAAAAAAAGACGCTAAATTGTTTATAAAGGCGAGGAATTTGTATCTATCAATTACTATTCCAGTTGTCAGTTTACATTGCTTACCCTCTATTATCACATCAAAACAACAAACCGCGA,ATGGTGAGCAAGGGCGAGGAGCTGTTCACCGGGGTGGTGCCCATCCTGGTC,test,RPL8A,9.23117880794555,-0.11659248918294907
RPL8A_1239,CCGACGCAAACAAATTGGAAAAACCAACGCAAAAAAAAAAAGACGCTAAATTGTTTATAAAGGCGAGGAATTTGTATCTATCAATTACTATTCCAGTTGTCAGTTTACATTGCTTACCCTCTATTATCACATCAAAACAAACGGAAGCGA,ATGGTGAGCAAGGGCGAGGAGCTGTTCACCGGGGTGGTGCCCATCCTGGTC,test,RPL8A,9.58554819114891,-0.39188212156295776
RPL8A_1240,CCGACGCAAACAAATTGGAAAAACCAACGCAAAAAAAAAAAGACGCTAAATTGTTTATAAAGGCGAGGAATTTGTATCTATCAATTACTATTCCAGTTGTCAGTTTACATTGCTTACCCTCTATTATCACATCAAAACAAATAAAAGCGA,ATGGTGAGCAAGGGCGAGGAGCTGTTCACCGGGGTGGTGCCCATCCTGGTC,test,RPL8A,9.88909395948056,-0.3946203589439392
RPL8A_1241,CCGACGCAAACAAATTGGAAAAACCAACGCAAAAAAAAAAAGACGCTAAATTGTTTATAAAGGCGAGGAATTTGTATCTATCAATTACTATTCCAGTTGTCAGTTTACATTGCTTACCCTCTATTATCACATCAAAACAAAAAAAAGCGA,ATGGTGAGCAAGGGCGAGGAGCTGTTCACCGGGGTGGTGCCCATCCTGGTC,test,RPL8A,11.7197855665346,-0.42475438117980957
RPL8A_1242,CCGACGCAAACAAATTGGAAAAACCAACGCAAAAAAAAAAAGACGCTAAATTGTTTATAAAGGCGAGGAATTTGTATCTATCAATTACTATTCCAGTTGTCAGTTTACATTGCTTACCCTCTATTATCACATCAAAACAAAACGCTCCGA,ATGGTGAGCAAGGGCGAGGAGCTGTTCACCGGGGTGGTGCCCATCCTGGTC,test,RPL8A,11.1733655564329,-0.43706223368644714
RPL8A_1243,CCGACGCAAACAAATTGGAAAAACCAACGCAAAAAAAAAAAGACGCTAAATTGTTTATAAAGGCGAGGAATTTGTATCTATCAATTACTATTCCAGTTGTCAGTTTACATTGCTTACCCTCTATTATCACATCAAAACAACTCGTGCCGA,ATGGTGAGCAAGGGCGAGGAGCTGTTCACCGGGGTGGTGCCCATCCTGGTC,test,RPL8A,10.7881379711681,-0.011131864041090012
RPL8A_1244,CCGACGCAAACAAATTGGAAAAACCAACGCAAAAAAAAAAAGACGCTAAATTGTTTATAAAGGCGAGGAATTTGTATCTATCAATTACTATTCCAGTTGTCAGTTTACATTGCTTACCCTCTATTATCACATCAAAACAATCACCGCCGA,ATGGTGAGCAAGGGCGAGGAGCTGTTCACCGGGGTGGTGCCCATCCTGGTC,test,RPL8A,3.63825203962146,-0.03400573879480362
RPL8A_1245,CCGACGCAAACAAATTGGAAAAACCAACGCAAAAAAAAAAAGACGCTAAATTGTTTATAAAGGCGAGGAATTTGTATCTATCAATTACTATTCCAGTTGTCAGTTTACATTGCTTACCCTCTATTATCACATCAAAACAATCAACGCCGA,ATGGTGAGCAAGGGCGAGGAGCTGTTCACCGGGGTGGTGCCCATCCTGGTC,test,RPL8A,5.43489844216986,0.2272835671901703
RPL8A_1246,CCGACGCAAACAAATTGGAAAAACCAACGCAAAAAAAAAAAGACGCTAAATTGTTTATAAAGGCGAGGAATTTGTATCTATCAATTACTATTCCAGTTGTCAGTTTACATTGCTTACCCTCTATTATCACATCAAAACAAGGAAAGCCGA,ATGGTGAGCAAGGGCGAGGAGCTGTTCACCGGGGTGGTGCCCATCCTGGTC,test,RPL8A,7.47476480867255,-0.3132174015045166
RPL8A_1247,CCGACGCAAACAAATTGGAAAAACCAACGCAAAAAAAAAAAGACGCTAAATTGTTTATAAAGGCGAGGAATTTGTATCTATCAATTACTATTCCAGTTGTCAGTTTACATTGCTTACCCTCTATTATCACATCAAAACAAAACAGCCCGA,ATGGTGAGCAAGGGCGAGGAGCTGTTCACCGGGGTGGTGCCCATCCTGGTC,test,RPL8A,9.45452080793467,-0.4426879584789276
RPL8A_1248,CCGACGCAAACAAATTGGAAAAACCAACGCAAAAAAAAAAAGACGCTAAATTGTTTATAAAGGCGAGGAATTTGTATCTATCAATTACTATTCCAGTTGTCAGTTTACATTGCTTACCCTCTATTATCACATCAAAACAAGTAACCCCGA,ATGGTGAGCAAGGGCGAGGAGCTGTTCACCGGGGTGGTGCCCATCCTGGTC,test,RPL8A,11.034361363727,0.1871081292629242
RPL8A_1249,CCGACGCAAACAAATTGGAAAAACCAACGCAAAAAAAAAAAGACGCTAAATTGTTTATAAAGGCGAGGAATTTGTATCTATCAATTACTATTCCAGTTGTCAGTTTACATTGCTTACCCTCTATTATCACATCAAAACAAGTAAACCCGA,ATGGTGAGCAAGGGCGAGGAGCTGTTCACCGGGGTGGTGCCCATCCTGGTC,test,RPL8A,9.10695725425047,0.09101174771785736
RPL8A_1250,CCGACGCAAACAAATTGGAAAAACCAACGCAAAAAAAAAAAGACGCTAAATTGTTTATAAAGGCGAGGAATTTGTATCTATCAATTACTATTCCAGTTGTCAGTTTACATTGCTTACCCTCTATTATCACATCAAAACAAAGAAACCCGA,ATGGTGAGCAAGGGCGAGGAGCTGTTCACCGGGGTGGTGCCCATCCTGGTC,test,RPL8A,9.34758917755041,-0.22662508487701416
RPL8A_1251,CCGACGCAAACAAATTGGAAAAACCAACGCAAAAAAAAAAAGACGCTAAATTGTTTATAAAGGCGAGGAATTTGTATCTATCAATTACTATTCCAGTTGTCAGTTTACATTGCTTACCCTCTATTATCACATCAAAACAAAAAAACCCGA,ATGGTGAGCAAGGGCGAGGAGCTGTTCACCGGGGTGGTGCCCATCCTGGTC,test,RPL8A,7.26439565959666,-0.389046847820282
RPL8A_1252,CCGACGCAAACAAATTGGAAAAACCAACGCAAAAAAAAAAAGACGCTAAATTGTTTATAAAGGCGAGGAATTTGTATCTATCAATTACTATTCCAGTTGTCAGTTTACATTGCTTACCCTCTATTATCACATCAAAACAAAACGGACCGA,ATGGTGAGCAAGGGCGAGGAGCTGTTCACCGGGGTGGTGCCCATCCTGGTC,test,RPL8A,7.07283368584025,-0.42166250944137573
RPL8A_1253,CCGACGCAAACAAATTGGAAAAACCAACGCAAAAAAAAAAAGACGCTAAATTGTTTATAAAGGCGAGGAATTTGTATCTATCAATTACTATTCCAGTTGTCAGTTTACATTGCTTACCCTCTATTATCACATCAAAACAACCCCCACCGA,ATGGTGAGCAAGGGCGAGGAGCTGTTCACCGGGGTGGTGCCCATCCTGGTC,test,RPL8A,5.38392953477851,-0.40569764375686646
RPL8A_1254,CCGACGCAAACAAATTGGAAAAACCAACGCAAAAAAAAAAAGACGCTAAATTGTTTATAAAGGCGAGGAATTTGTATCTATCAATTACTATTCCAGTTGTCAGTTTACATTGCTTACCCTCTATTATCACATCAAAACAAAACCCACCGA,ATGGTGAGCAAGGGCGAGGAGCTGTTCACCGGGGTGGTGCCCATCCTGGTC,test,RPL8A,5.91122223834269,-0.46640247106552124
RPL8A_1255,CCGACGCAAACAAATTGGAAAAACCAACGCAAAAAAAAAAAGACGCTAAATTGTTTATAAAGGCGAGGAATTTGTATCTATCAATTACTATTCCAGTTGTCAGTTTACATTGCTTACCCTCTATTATCACATCAAAACAACAAACACCGA,ATGGTGAGCAAGGGCGAGGAGCTGTTCACCGGGGTGGTGCCCATCCTGGTC,test,RPL8A,4.40554147651432,-0.41414788365364075
RPL8A_1256,CCGACGCAAACAAATTGGAAAAACCAACGCAAAAAAAAAAAGACGCTAAATTGTTTATAAAGGCGAGGAATTTGTATCTATCAATTACTATTCCAGTTGTCAGTTTACATTGCTTACCCTCTATTATCACATCAAAACAAAGCTAACCGA,ATGGTGAGCAAGGGCGAGGAGCTGTTCACCGGGGTGGTGCCCATCCTGGTC,test,RPL8A,8.2545176274239,-0.3963111937046051
RPL8A_1257,CCGACGCAAACAAATTGGAAAAACCAACGCAAAAAAAAAAAGACGCTAAATTGTTTATAAAGGCGAGGAATTTGTATCTATCAATTACTATTCCAGTTGTCAGTTTACATTGCTTACCCTCTATTATCACATCAAAACAACGCCCTACGA,ATGGTGAGCAAGGGCGAGGAGCTGTTCACCGGGGTGGTGCCCATCCTGGTC,test,RPL8A,6.95273444577077,-0.23513004183769226
RPL8A_1258,CCGACGCAAACAAATTGGAAAAACCAACGCAAAAAAAAAAAGACGCTAAATTGTTTATAAAGGCGAGGAATTTGTATCTATCAATTACTATTCCAGTTGTCAGTTTACATTGCTTACCCTCTATTATCACATCAAAACAACGTACTACGA,ATGGTGAGCAAGGGCGAGGAGCTGTTCACCGGGGTGGTGCCCATCCTGGTC,test,RPL8A,9.21707247488428,0.11985679715871811
RPL8A_1259,CCGACGCAAACAAATTGGAAAAACCAACGCAAAAAAAAAAAGACGCTAAATTGTTTATAAAGGCGAGGAATTTGTATCTATCAATTACTATTCCAGTTGTCAGTTTACATTGCTTACCCTCTATTATCACATCAAAACAAACAGTGACGA,ATGGTGAGCAAGGGCGAGGAGCTGTTCACCGGGGTGGTGCCCATCCTGGTC,test,RPL8A,8.23694178655604,-0.3421710133552551
RPL8A_1260,CCGACGCAAACAAATTGGAAAAACCAACGCAAAAAAAAAAAGACGCTAAATTGTTTATAAAGGCGAGGAATTTGTATCTATCAATTACTATTCCAGTTGTCAGTTTACATTGCTTACCCTCTATTATCACATCAAAACAAAAAGCGACGA,ATGGTGAGCAAGGGCGAGGAGCTGTTCACCGGGGTGGTGCCCATCCTGGTC,test,RPL8A,8.1743712011919,-0.3715119957923889
RPL8A_1261,CCGACGCAAACAAATTGGAAAAACCAACGCAAAAAAAAAAAGACGCTAAATTGTTTATAAAGGCGAGGAATTTGTATCTATCAATTACTATTCCAGTTGTCAGTTTACATTGCTTACCCTCTATTATCACATCAAAACAACTCCCGACGA,ATGGTGAGCAAGGGCGAGGAGCTGTTCACCGGGGTGGTGCCCATCCTGGTC,test,RPL8A,6.17997495531647,-0.0700693354010582
RPL8A_1262,CCGACGCAAACAAATTGGAAAAACCAACGCAAAAAAAAAAAGACGCTAAATTGTTTATAAAGGCGAGGAATTTGTATCTATCAATTACTATTCCAGTTGTCAGTTTACATTGCTTACCCTCTATTATCACATCAAAACAACGGTTCACGA,ATGGTGAGCAAGGGCGAGGAGCTGTTCACCGGGGTGGTGCCCATCCTGGTC,test,RPL8A,9.69718510198851,0.02928934060037136
RPL8A_1263,CCGACGCAAACAAATTGGAAAAACCAACGCAAAAAAAAAAAGACGCTAAATTGTTTATAAAGGCGAGGAATTTGTATCTATCAATTACTATTCCAGTTGTCAGTTTACATTGCTTACCCTCTATTATCACATCAAAACAAGCAAACACGA,ATGGTGAGCAAGGGCGAGGAGCTGTTCACCGGGGTGGTGCCCATCCTGGTC,test,RPL8A,10.0697403204911,-0.11769815534353256
RPL8A_1264,CCGACGCAAACAAATTGGAAAAACCAACGCAAAAAAAAAAAGACGCTAAATTGTTTATAAAGGCGAGGAATTTGTATCTATCAATTACTATTCCAGTTGTCAGTTTACATTGCTTACCCTCTATTATCACATCAAAACAAAATGGAACGA,ATGGTGAGCAAGGGCGAGGAGCTGTTCACCGGGGTGGTGCCCATCCTGGTC,test,RPL8A,8.15432919913743,-0.47258347272872925
RPL8A_1265,CCGACGCAAACAAATTGGAAAAACCAACGCAAAAAAAAAAAGACGCTAAATTGTTTATAAAGGCGAGGAATTTGTATCTATCAATTACTATTCCAGTTGTCAGTTTACATTGCTTACCCTCTATTATCACATCAAAACAAAACCGAACGA,ATGGTGAGCAAGGGCGAGGAGCTGTTCACCGGGGTGGTGCCCATCCTGGTC,test,RPL8A,9.04592014722619,-0.4374145567417145
RPL8A_1266,CCGACGCAAACAAATTGGAAAAACCAACGCAAAAAAAAAAAGACGCTAAATTGTTTATAAAGGCGAGGAATTTGTATCTATCAATTACTATTCCAGTTGTCAGTTTACATTGCTTACCCTCTATTATCACATCAAAACAACAATCAACGA,ATGGTGAGCAAGGGCGAGGAGCTGTTCACCGGGGTGGTGCCCATCCTGGTC,test,RPL8A,9.19818154500681,0.06594154238700867
RPL8A_1267,CCGACGCAAACAAATTGGAAAAACCAACGCAAAAAAAAAAAGACGCTAAATTGTTTATAAAGGCGAGGAATTTGTATCTATCAATTACTATTCCAGTTGTCAGTTTACATTGCTTACCCTCTATTATCACATCAAAACAACGCCCAACGA,ATGGTGAGCAAGGGCGAGGAGCTGTTCACCGGGGTGGTGCCCATCCTGGTC,test,RPL8A,5.65401064014514,-0.23387420177459717
RPL8A_1268,CCGACGCAAACAAATTGGAAAAACCAACGCAAAAAAAAAAAGACGCTAAATTGTTTATAAAGGCGAGGAATTTGTATCTATCAATTACTATTCCAGTTGTCAGTTTACATTGCTTACCCTCTATTATCACATCAAAACAAAAAACAACGA,ATGGTGAGCAAGGGCGAGGAGCTGTTCACCGGGGTGGTGCCCATCCTGGTC,test,RPL8A,9.38386317398468,-0.0371144637465477
RPL8A_1269,CCGACGCAAACAAATTGGAAAAACCAACGCAAAAAAAAAAAGACGCTAAATTGTTTATAAAGGCGAGGAATTTGTATCTATCAATTACTATTCCAGTTGTCAGTTTACATTGCTTACCCTCTATTATCACATCAAAACAATAACAAACGA,ATGGTGAGCAAGGGCGAGGAGCTGTTCACCGGGGTGGTGCCCATCCTGGTC,test,RPL8A,9.91330894970465,0.14146968722343445
RPL8A_1270,CCGACGCAAACAAATTGGAAAAACCAACGCAAAAAAAAAAAGACGCTAAATTGTTTATAAAGGCGAGGAATTTGTATCTATCAATTACTATTCCAGTTGTCAGTTTACATTGCTTACCCTCTATTATCACATCAAAACAACAAAAAACGA,ATGGTGAGCAAGGGCGAGGAGCTGTTCACCGGGGTGGTGCCCATCCTGGTC,test,RPL8A,8.61366499737234,-0.13079649209976196
RPL8A_1271,CCGACGCAAACAAATTGGAAAAACCAACGCAAAAAAAAAAAGACGCTAAATTGTTTATAAAGGCGAGGAATTTGTATCTATCAATTACTATTCCAGTTGTCAGTTTACATTGCTTACCCTCTATTATCACATCAAAACAAAAAGAGTAGA,ATGGTGAGCAAGGGCGAGGAGCTGTTCACCGGGGTGGTGCCCATCCTGGTC,test,RPL8A,11.208773283647,-0.3574909269809723
RPL8A_1272,CCGACGCAAACAAATTGGAAAAACCAACGCAAAAAAAAAAAGACGCTAAATTGTTTATAAAGGCGAGGAATTTGTATCTATCAATTACTATTCCAGTTGTCAGTTTACATTGCTTACCCTCTATTATCACATCAAAACAAGTCGTCTAGA,ATGGTGAGCAAGGGCGAGGAGCTGTTCACCGGGGTGGTGCCCATCCTGGTC,test,RPL8A,11.8778353295043,-0.21406009793281555
RPL8A_1273,CCGACGCAAACAAATTGGAAAAACCAACGCAAAAAAAAAAAGACGCTAAATTGTTTATAAAGGCGAGGAATTTGTATCTATCAATTACTATTCCAGTTGTCAGTTTACATTGCTTACCCTCTATTATCACATCAAAACAAGAAGACTAGA,ATGGTGAGCAAGGGCGAGGAGCTGTTCACCGGGGTGGTGCCCATCCTGGTC,test,RPL8A,9.88881377746903,-0.2736867666244507
RPL8A_1274,CCGACGCAAACAAATTGGAAAAACCAACGCAAAAAAAAAAAGACGCTAAATTGTTTATAAAGGCGAGGAATTTGTATCTATCAATTACTATTCCAGTTGTCAGTTTACATTGCTTACCCTCTATTATCACATCAAAACAAGAGCTATAGA,ATGGTGAGCAAGGGCGAGGAGCTGTTCACCGGGGTGGTGCCCATCCTGGTC,test,RPL8A,12.0573425114033,-0.35406577587127686
RPL8A_1275,CCGACGCAAACAAATTGGAAAAACCAACGCAAAAAAAAAAAGACGCTAAATTGTTTATAAAGGCGAGGAATTTGTATCTATCAATTACTATTCCAGTTGTCAGTTTACATTGCTTACCCTCTATTATCACATCAAAACAAACAGCATAGA,ATGGTGAGCAAGGGCGAGGAGCTGTTCACCGGGGTGGTGCCCATCCTGGTC,test,RPL8A,11.8325782452827,-0.40540778636932373
RPL8A_1276,CCGACGCAAACAAATTGGAAAAACCAACGCAAAAAAAAAAAGACGCTAAATTGTTTATAAAGGCGAGGAATTTGTATCTATCAATTACTATTCCAGTTGTCAGTTTACATTGCTTACCCTCTATTATCACATCAAAACAACATCTTGAGA,ATGGTGAGCAAGGGCGAGGAGCTGTTCACCGGGGTGGTGCCCATCCTGGTC,test,RPL8A,9.51415103256921,0.03916676342487335
RPL8A_1277,CCGACGCAAACAAATTGGAAAAACCAACGCAAAAAAAAAAAGACGCTAAATTGTTTATAAAGGCGAGGAATTTGTATCTATCAATTACTATTCCAGTTGTCAGTTTACATTGCTTACCCTCTATTATCACATCAAAACAAGTACTGGAGA,ATGGTGAGCAAGGGCGAGGAGCTGTTCACCGGGGTGGTGCCCATCCTGGTC,test,RPL8A,9.66308197198084,-0.28098422288894653
RPL8A_1278,CCGACGCAAACAAATTGGAAAAACCAACGCAAAAAAAAAAAGACGCTAAATTGTTTATAAAGGCGAGGAATTTGTATCTATCAATTACTATTCCAGTTGTCAGTTTACATTGCTTACCCTCTATTATCACATCAAAACAAGGGTCGGAGA,ATGGTGAGCAAGGGCGAGGAGCTGTTCACCGGGGTGGTGCCCATCCTGGTC,test,RPL8A,7.78487095249728,-0.34857648611068726
RPL8A_1279,CCGACGCAAACAAATTGGAAAAACCAACGCAAAAAAAAAAAGACGCTAAATTGTTTATAAAGGCGAGGAATTTGTATCTATCAATTACTATTCCAGTTGTCAGTTTACATTGCTTACCCTCTATTATCACATCAAAACAAATCACGGAGA,ATGGTGAGCAAGGGCGAGGAGCTGTTCACCGGGGTGGTGCCCATCCTGGTC,test,RPL8A,8.18899272771032,-0.35740190744400024
RPL8A_1280,CCGACGCAAACAAATTGGAAAAACCAACGCAAAAAAAAAAAGACGCTAAATTGTTTATAAAGGCGAGGAATTTGTATCTATCAATTACTATTCCAGTTGTCAGTTTACATTGCTTACCCTCTATTATCACATCAAAACAAGACAAGGAGA,ATGGTGAGCAAGGGCGAGGAGCTGTTCACCGGGGTGGTGCCCATCCTGGTC,test,RPL8A,10.508253881241,-0.3301355242729187
RPL8A_1281,CCGACGCAAACAAATTGGAAAAACCAACGCAAAAAAAAAAAGACGCTAAATTGTTTATAAAGGCGAGGAATTTGTATCTATCAATTACTATTCCAGTTGTCAGTTTACATTGCTTACCCTCTATTATCACATCAAAACAATCATGAGAGA,ATGGTGAGCAAGGGCGAGGAGCTGTTCACCGGGGTGGTGCCCATCCTGGTC,test,RPL8A,2.03971281148667,-0.3891225755214691
RPL8A_1282,CCGACGCAAACAAATTGGAAAAACCAACGCAAAAAAAAAAAGACGCTAAATTGTTTATAAAGGCGAGGAATTTGTATCTATCAATTACTATTCCAGTTGTCAGTTTACATTGCTTACCCTCTATTATCACATCAAAACAAACAGAAGAGA,ATGGTGAGCAAGGGCGAGGAGCTGTTCACCGGGGTGGTGCCCATCCTGGTC,test,RPL8A,11.6841867799188,-0.395084947347641
RPL8A_1283,CCGACGCAAACAAATTGGAAAAACCAACGCAAAAAAAAAAAGACGCTAAATTGTTTATAAAGGCGAGGAATTTGTATCTATCAATTACTATTCCAGTTGTCAGTTTACATTGCTTACCCTCTATTATCACATCAAAACAAGCCAAAGAGA,ATGGTGAGCAAGGGCGAGGAGCTGTTCACCGGGGTGGTGCCCATCCTGGTC,test,RPL8A,9.57855640691022,-0.3604275584220886
RPL8A_1284,CCGACGCAAACAAATTGGAAAAACCAACGCAAAAAAAAAAAGACGCTAAATTGTTTATAAAGGCGAGGAATTTGTATCTATCAATTACTATTCCAGTTGTCAGTTTACATTGCTTACCCTCTATTATCACATCAAAACAAAAGCGTCAGA,ATGGTGAGCAAGGGCGAGGAGCTGTTCACCGGGGTGGTGCCCATCCTGGTC,test,RPL8A,12.5588025536023,-0.38664358854293823
RPL8A_1285,CCGACGCAAACAAATTGGAAAAACCAACGCAAAAAAAAAAAGACGCTAAATTGTTTATAAAGGCGAGGAATTTGTATCTATCAATTACTATTCCAGTTGTCAGTTTACATTGCTTACCCTCTATTATCACATCAAAACAAACACCGCAGA,ATGGTGAGCAAGGGCGAGGAGCTGTTCACCGGGGTGGTGCCCATCCTGGTC,test,RPL8A,10.3650201487686,-0.06666048616170883
RPL8A_1286,CCGACGCAAACAAATTGGAAAAACCAACGCAAAAAAAAAAAGACGCTAAATTGTTTATAAAGGCGAGGAATTTGTATCTATCAATTACTATTCCAGTTGTCAGTTTACATTGCTTACCCTCTATTATCACATCAAAACAATATCAGCAGA,ATGGTGAGCAAGGGCGAGGAGCTGTTCACCGGGGTGGTGCCCATCCTGGTC,test,RPL8A,11.286904290103,-0.009352657943964005
RPL8A_1287,CCGACGCAAACAAATTGGAAAAACCAACGCAAAAAAAAAAAGACGCTAAATTGTTTATAAAGGCGAGGAATTTGTATCTATCAATTACTATTCCAGTTGTCAGTTTACATTGCTTACCCTCTATTATCACATCAAAACAACGAAAGCAGA,ATGGTGAGCAAGGGCGAGGAGCTGTTCACCGGGGTGGTGCCCATCCTGGTC,test,RPL8A,12.0827302859194,0.08322606980800629
RPL8A_1288,CCGACGCAAACAAATTGGAAAAACCAACGCAAAAAAAAAAAGACGCTAAATTGTTTATAAAGGCGAGGAATTTGTATCTATCAATTACTATTCCAGTTGTCAGTTTACATTGCTTACCCTCTATTATCACATCAAAACAACAGGGCCAGA,ATGGTGAGCAAGGGCGAGGAGCTGTTCACCGGGGTGGTGCCCATCCTGGTC,test,RPL8A,9.42872891847991,-0.3285728693008423
RPL8A_1289,CCGACGCAAACAAATTGGAAAAACCAACGCAAAAAAAAAAAGACGCTAAATTGTTTATAAAGGCGAGGAATTTGTATCTATCAATTACTATTCCAGTTGTCAGTTTACATTGCTTACCCTCTATTATCACATCAAAACAAACATCCCAGA,ATGGTGAGCAAGGGCGAGGAGCTGTTCACCGGGGTGGTGCCCATCCTGGTC,test,RPL8A,10.2904738104379,0.07235177606344223
RPL8A_1290,CCGACGCAAACAAATTGGAAAAACCAACGCAAAAAAAAAAAGACGCTAAATTGTTTATAAAGGCGAGGAATTTGTATCTATCAATTACTATTCCAGTTGTCAGTTTACATTGCTTACCCTCTATTATCACATCAAAACAAAAGGCCCAGA,ATGGTGAGCAAGGGCGAGGAGCTGTTCACCGGGGTGGTGCCCATCCTGGTC,test,RPL8A,11.3317357385396,-0.39842158555984497
RPL8A_1291,CCGACGCAAACAAATTGGAAAAACCAACGCAAAAAAAAAAAGACGCTAAATTGTTTATAAAGGCGAGGAATTTGTATCTATCAATTACTATTCCAGTTGTCAGTTTACATTGCTTACCCTCTATTATCACATCAAAACAACCACCCCAGA,ATGGTGAGCAAGGGCGAGGAGCTGTTCACCGGGGTGGTGCCCATCCTGGTC,test,RPL8A,9.88110690368974,-0.11621744185686111
RPL8A_1292,CCGACGCAAACAAATTGGAAAAACCAACGCAAAAAAAAAAAGACGCTAAATTGTTTATAAAGGCGAGGAATTTGTATCTATCAATTACTATTCCAGTTGTCAGTTTACATTGCTTACCCTCTATTATCACATCAAAACAAAACACCCAGA,ATGGTGAGCAAGGGCGAGGAGCTGTTCACCGGGGTGGTGCCCATCCTGGTC,test,RPL8A,10.4453069623805,-0.4719642996788025
RPL8A_1293,CCGACGCAAACAAATTGGAAAAACCAACGCAAAAAAAAAAAGACGCTAAATTGTTTATAAAGGCGAGGAATTTGTATCTATCAATTACTATTCCAGTTGTCAGTTTACATTGCTTACCCTCTATTATCACATCAAAACAAGAAACCCAGA,ATGGTGAGCAAGGGCGAGGAGCTGTTCACCGGGGTGGTGCCCATCCTGGTC,test,RPL8A,11.6549621956016,0.24827390909194946
RPL8A_1294,CCGACGCAAACAAATTGGAAAAACCAACGCAAAAAAAAAAAGACGCTAAATTGTTTATAAAGGCGAGGAATTTGTATCTATCAATTACTATTCCAGTTGTCAGTTTACATTGCTTACCCTCTATTATCACATCAAAACAACGCAACCAGA,ATGGTGAGCAAGGGCGAGGAGCTGTTCACCGGGGTGGTGCCCATCCTGGTC,test,RPL8A,9.81187253030388,0.10865919291973114
RPL8A_1295,CCGACGCAAACAAATTGGAAAAACCAACGCAAAAAAAAAAAGACGCTAAATTGTTTATAAAGGCGAGGAATTTGTATCTATCAATTACTATTCCAGTTGTCAGTTTACATTGCTTACCCTCTATTATCACATCAAAACAAACTACACAGA,ATGGTGAGCAAGGGCGAGGAGCTGTTCACCGGGGTGGTGCCCATCCTGGTC,test,RPL8A,5.43722789234914,-0.38959071040153503
RPL8A_1296,CCGACGCAAACAAATTGGAAAAACCAACGCAAAAAAAAAAAGACGCTAAATTGTTTATAAAGGCGAGGAATTTGTATCTATCAATTACTATTCCAGTTGTCAGTTTACATTGCTTACCCTCTATTATCACATCAAAACAAGAACAACAGA,ATGGTGAGCAAGGGCGAGGAGCTGTTCACCGGGGTGGTGCCCATCCTGGTC,test,RPL8A,5.25158952547706,-0.09618756175041199
RPL8A_1297,CCGACGCAAACAAATTGGAAAAACCAACGCAAAAAAAAAAAGACGCTAAATTGTTTATAAAGGCGAGGAATTTGTATCTATCAATTACTATTCCAGTTGTCAGTTTACATTGCTTACCCTCTATTATCACATCAAAACAACAAATTAAGA,ATGGTGAGCAAGGGCGAGGAGCTGTTCACCGGGGTGGTGCCCATCCTGGTC,test,RPL8A,12.7996081341818,0.18466559052467346
RPL8A_1298,CCGACGCAAACAAATTGGAAAAACCAACGCAAAAAAAAAAAGACGCTAAATTGTTTATAAAGGCGAGGAATTTGTATCTATCAATTACTATTCCAGTTGTCAGTTTACATTGCTTACCCTCTATTATCACATCAAAACAACACCGTAAGA,ATGGTGAGCAAGGGCGAGGAGCTGTTCACCGGGGTGGTGCCCATCCTGGTC,test,RPL8A,8.90848560345814,-0.421369731426239
RPL8A_1299,CCGACGCAAACAAATTGGAAAAACCAACGCAAAAAAAAAAAGACGCTAAATTGTTTATAAAGGCGAGGAATTTGTATCTATCAATTACTATTCCAGTTGTCAGTTTACATTGCTTACCCTCTATTATCACATCAAAACAACTTCATAAGA,ATGGTGAGCAAGGGCGAGGAGCTGTTCACCGGGGTGGTGCCCATCCTGGTC,test,RPL8A,10.8676318999581,-0.054780252277851105
RPL8A_1300,CCGACGCAAACAAATTGGAAAAACCAACGCAAAAAAAAAAAGACGCTAAATTGTTTATAAAGGCGAGGAATTTGTATCTATCAATTACTATTCCAGTTGTCAGTTTACATTGCTTACCCTCTATTATCACATCAAAACAAAGACATAAGA,ATGGTGAGCAAGGGCGAGGAGCTGTTCACCGGGGTGGTGCCCATCCTGGTC,test,RPL8A,8.36340438808331,-0.10257894545793533
RPL8A_1301,CCGACGCAAACAAATTGGAAAAACCAACGCAAAAAAAAAAAGACGCTAAATTGTTTATAAAGGCGAGGAATTTGTATCTATCAATTACTATTCCAGTTGTCAGTTTACATTGCTTACCCTCTATTATCACATCAAAACAACCAATGAAGA,ATGGTGAGCAAGGGCGAGGAGCTGTTCACCGGGGTGGTGCCCATCCTGGTC,test,RPL8A,5.50048884512432,0.06048540398478508
RPL8A_1302,CCGACGCAAACAAATTGGAAAAACCAACGCAAAAAAAAAAAGACGCTAAATTGTTTATAAAGGCGAGGAATTTGTATCTATCAATTACTATTCCAGTTGTCAGTTTACATTGCTTACCCTCTATTATCACATCAAAACAACCCGGGAAGA,ATGGTGAGCAAGGGCGAGGAGCTGTTCACCGGGGTGGTGCCCATCCTGGTC,test,RPL8A,7.54270738132596,-0.4075832962989807
RPL8A_1303,CCGACGCAAACAAATTGGAAAAACCAACGCAAAAAAAAAAAGACGCTAAATTGTTTATAAAGGCGAGGAATTTGTATCTATCAATTACTATTCCAGTTGTCAGTTTACATTGCTTACCCTCTATTATCACATCAAAACAAAAGTCGAAGA,ATGGTGAGCAAGGGCGAGGAGCTGTTCACCGGGGTGGTGCCCATCCTGGTC,test,RPL8A,12.6863442381145,-0.35690054297447205
RPL8A_1304,CCGACGCAAACAAATTGGAAAAACCAACGCAAAAAAAAAAAGACGCTAAATTGTTTATAAAGGCGAGGAATTTGTATCTATCAATTACTATTCCAGTTGTCAGTTTACATTGCTTACCCTCTATTATCACATCAAAACAACGAGCGAAGA,ATGGTGAGCAAGGGCGAGGAGCTGTTCACCGGGGTGGTGCCCATCCTGGTC,test,RPL8A,12.8229054799661,-0.2641538381576538
RPL8A_1305,CCGACGCAAACAAATTGGAAAAACCAACGCAAAAAAAAAAAGACGCTAAATTGTTTATAAAGGCGAGGAATTTGTATCTATCAATTACTATTCCAGTTGTCAGTTTACATTGCTTACCCTCTATTATCACATCAAAACAAGGCACGAAGA,ATGGTGAGCAAGGGCGAGGAGCTGTTCACCGGGGTGGTGCCCATCCTGGTC,test,RPL8A,9.73803567844498,-0.06048310548067093
RPL8A_1306,CCGACGCAAACAAATTGGAAAAACCAACGCAAAAAAAAAAAGACGCTAAATTGTTTATAAAGGCGAGGAATTTGTATCTATCAATTACTATTCCAGTTGTCAGTTTACATTGCTTACCCTCTATTATCACATCAAAACAACACAAGAAGA,ATGGTGAGCAAGGGCGAGGAGCTGTTCACCGGGGTGGTGCCCATCCTGGTC,test,RPL8A,11.139026160499,0.013402868062257767
RPL8A_1307,CCGACGCAAACAAATTGGAAAAACCAACGCAAAAAAAAAAAGACGCTAAATTGTTTATAAAGGCGAGGAATTTGTATCTATCAATTACTATTCCAGTTGTCAGTTTACATTGCTTACCCTCTATTATCACATCAAAACAAAGAAAGAAGA,ATGGTGAGCAAGGGCGAGGAGCTGTTCACCGGGGTGGTGCCCATCCTGGTC,test,RPL8A,12.4504320146711,-0.2001386284828186
RPL8A_1308,CCGACGCAAACAAATTGGAAAAACCAACGCAAAAAAAAAAAGACGCTAAATTGTTTATAAAGGCGAGGAATTTGTATCTATCAATTACTATTCCAGTTGTCAGTTTACATTGCTTACCCTCTATTATCACATCAAAACAAAACGGCAAGA,ATGGTGAGCAAGGGCGAGGAGCTGTTCACCGGGGTGGTGCCCATCCTGGTC,test,RPL8A,11.3204145486703,-0.3385075032711029
RPL8A_1309,CCGACGCAAACAAATTGGAAAAACCAACGCAAAAAAAAAAAGACGCTAAATTGTTTATAAAGGCGAGGAATTTGTATCTATCAATTACTATTCCAGTTGTCAGTTTACATTGCTTACCCTCTATTATCACATCAAAACAACAAGCCAAGA,ATGGTGAGCAAGGGCGAGGAGCTGTTCACCGGGGTGGTGCCCATCCTGGTC,test,RPL8A,11.7787728411723,0.0017627645283937454
RPL8A_1310,CCGACGCAAACAAATTGGAAAAACCAACGCAAAAAAAAAAAGACGCTAAATTGTTTATAAAGGCGAGGAATTTGTATCTATCAATTACTATTCCAGTTGTCAGTTTACATTGCTTACCCTCTATTATCACATCAAAACAAAAACCCAAGA,ATGGTGAGCAAGGGCGAGGAGCTGTTCACCGGGGTGGTGCCCATCCTGGTC,test,RPL8A,12.2860360382666,-0.4309183955192566
RPL8A_1311,CCGACGCAAACAAATTGGAAAAACCAACGCAAAAAAAAAAAGACGCTAAATTGTTTATAAAGGCGAGGAATTTGTATCTATCAATTACTATTCCAGTTGTCAGTTTACATTGCTTACCCTCTATTATCACATCAAAACAACATACCAAGA,ATGGTGAGCAAGGGCGAGGAGCTGTTCACCGGGGTGGTGCCCATCCTGGTC,test,RPL8A,10.420095794976,0.23358002305030823
RPL8A_1312,CCGACGCAAACAAATTGGAAAAACCAACGCAAAAAAAAAAAGACGCTAAATTGTTTATAAAGGCGAGGAATTTGTATCTATCAATTACTATTCCAGTTGTCAGTTTACATTGCTTACCCTCTATTATCACATCAAAACAATCAACCAAGA,ATGGTGAGCAAGGGCGAGGAGCTGTTCACCGGGGTGGTGCCCATCCTGGTC,test,RPL8A,9.94252741681975,0.34755751490592957
RPL8A_1313,CCGACGCAAACAAATTGGAAAAACCAACGCAAAAAAAAAAAGACGCTAAATTGTTTATAAAGGCGAGGAATTTGTATCTATCAATTACTATTCCAGTTGTCAGTTTACATTGCTTACCCTCTATTATCACATCAAAACAAAAAACCAAGA,ATGGTGAGCAAGGGCGAGGAGCTGTTCACCGGGGTGGTGCCCATCCTGGTC,test,RPL8A,11.7226374999998,-0.4592434763908386
RPL8A_1314,CCGACGCAAACAAATTGGAAAAACCAACGCAAAAAAAAAAAGACGCTAAATTGTTTATAAAGGCGAGGAATTTGTATCTATCAATTACTATTCCAGTTGTCAGTTTACATTGCTTACCCTCTATTATCACATCAAAACAAAACGACAAGA,ATGGTGAGCAAGGGCGAGGAGCTGTTCACCGGGGTGGTGCCCATCCTGGTC,test,RPL8A,10.3634848093526,-0.38580331206321716
RPL8A_1315,CCGACGCAAACAAATTGGAAAAACCAACGCAAAAAAAAAAAGACGCTAAATTGTTTATAAAGGCGAGGAATTTGTATCTATCAATTACTATTCCAGTTGTCAGTTTACATTGCTTACCCTCTATTATCACATCAAAACAACCCAACAAGA,ATGGTGAGCAAGGGCGAGGAGCTGTTCACCGGGGTGGTGCCCATCCTGGTC,test,RPL8A,12.0309862688476,0.10582717508077621
RPL8A_1316,CCGACGCAAACAAATTGGAAAAACCAACGCAAAAAAAAAAAGACGCTAAATTGTTTATAAAGGCGAGGAATTTGTATCTATCAATTACTATTCCAGTTGTCAGTTTACATTGCTTACCCTCTATTATCACATCAAAACAAGACAACAAGA,ATGGTGAGCAAGGGCGAGGAGCTGTTCACCGGGGTGGTGCCCATCCTGGTC,test,RPL8A,7.68193083750244,0.03740232437849045
RPL8A_1317,CCGACGCAAACAAATTGGAAAAACCAACGCAAAAAAAAAAAGACGCTAAATTGTTTATAAAGGCGAGGAATTTGTATCTATCAATTACTATTCCAGTTGTCAGTTTACATTGCTTACCCTCTATTATCACATCAAAACAACAGGTAAAGA,ATGGTGAGCAAGGGCGAGGAGCTGTTCACCGGGGTGGTGCCCATCCTGGTC,test,RPL8A,12.3730956375459,0.05592695623636246
RPL8A_1318,CCGACGCAAACAAATTGGAAAAACCAACGCAAAAAAAAAAAGACGCTAAATTGTTTATAAAGGCGAGGAATTTGTATCTATCAATTACTATTCCAGTTGTCAGTTTACATTGCTTACCCTCTATTATCACATCAAAACAACCCCGAAAGA,ATGGTGAGCAAGGGCGAGGAGCTGTTCACCGGGGTGGTGCCCATCCTGGTC,test,RPL8A,11.1464322209927,-0.22615036368370056
RPL8A_1319,CCGACGCAAACAAATTGGAAAAACCAACGCAAAAAAAAAAAGACGCTAAATTGTTTATAAAGGCGAGGAATTTGTATCTATCAATTACTATTCCAGTTGTCAGTTTACATTGCTTACCCTCTATTATCACATCAAAACAAAATAGAAAGA,ATGGTGAGCAAGGGCGAGGAGCTGTTCACCGGGGTGGTGCCCATCCTGGTC,test,RPL8A,11.9434600230764,-0.4219248592853546
RPL8A_1320,CCGACGCAAACAAATTGGAAAAACCAACGCAAAAAAAAAAAGACGCTAAATTGTTTATAAAGGCGAGGAATTTGTATCTATCAATTACTATTCCAGTTGTCAGTTTACATTGCTTACCCTCTATTATCACATCAAAACAACGGAGAAAGA,ATGGTGAGCAAGGGCGAGGAGCTGTTCACCGGGGTGGTGCCCATCCTGGTC,test,RPL8A,11.3200030065963,-0.31887170672416687
RPL8A_1321,CCGACGCAAACAAATTGGAAAAACCAACGCAAAAAAAAAAAGACGCTAAATTGTTTATAAAGGCGAGGAATTTGTATCTATCAATTACTATTCCAGTTGTCAGTTTACATTGCTTACCCTCTATTATCACATCAAAACAAAAATCAAAGA,ATGGTGAGCAAGGGCGAGGAGCTGTTCACCGGGGTGGTGCCCATCCTGGTC,test,RPL8A,12.6327261678613,-0.3951156735420227
RPL8A_1322,CCGACGCAAACAAATTGGAAAAACCAACGCAAAAAAAAAAAGACGCTAAATTGTTTATAAAGGCGAGGAATTTGTATCTATCAATTACTATTCCAGTTGTCAGTTTACATTGCTTACCCTCTATTATCACATCAAAACAAGGCACAAAGA,ATGGTGAGCAAGGGCGAGGAGCTGTTCACCGGGGTGGTGCCCATCCTGGTC,test,RPL8A,9.56571547317911,-0.13183841109275818
RPL8A_1323,CCGACGCAAACAAATTGGAAAAACCAACGCAAAAAAAAAAAGACGCTAAATTGTTTATAAAGGCGAGGAATTTGTATCTATCAATTACTATTCCAGTTGTCAGTTTACATTGCTTACCCTCTATTATCACATCAAAACAAAACACAAAGA,ATGGTGAGCAAGGGCGAGGAGCTGTTCACCGGGGTGGTGCCCATCCTGGTC,test,RPL8A,12.3032938129783,-0.43189388513565063
RPL8A_1324,CCGACGCAAACAAATTGGAAAAACCAACGCAAAAAAAAAAAGACGCTAAATTGTTTATAAAGGCGAGGAATTTGTATCTATCAATTACTATTCCAGTTGTCAGTTTACATTGCTTACCCTCTATTATCACATCAAAACAACTGCAAAAGA,ATGGTGAGCAAGGGCGAGGAGCTGTTCACCGGGGTGGTGCCCATCCTGGTC,test,RPL8A,11.9333860551971,-0.09853660315275192
RPL8A_1325,CCGACGCAAACAAATTGGAAAAACCAACGCAAAAAAAAAAAGACGCTAAATTGTTTATAAAGGCGAGGAATTTGTATCTATCAATTACTATTCCAGTTGTCAGTTTACATTGCTTACCCTCTATTATCACATCAAAACAAAACCAAAAGA,ATGGTGAGCAAGGGCGAGGAGCTGTTCACCGGGGTGGTGCCCATCCTGGTC,test,RPL8A,10.1293401142237,-0.4521251320838928
RPL8A_1326,CCGACGCAAACAAATTGGAAAAACCAACGCAAAAAAAAAAAGACGCTAAATTGTTTATAAAGGCGAGGAATTTGTATCTATCAATTACTATTCCAGTTGTCAGTTTACATTGCTTACCCTCTATTATCACATCAAAACAACTACAAAAGA,ATGGTGAGCAAGGGCGAGGAGCTGTTCACCGGGGTGGTGCCCATCCTGGTC,test,RPL8A,12.4961059279093,-0.12757736444473267
RPL8A_1327,CCGACGCAAACAAATTGGAAAAACCAACGCAAAAAAAAAAAGACGCTAAATTGTTTATAAAGGCGAGGAATTTGTATCTATCAATTACTATTCCAGTTGTCAGTTTACATTGCTTACCCTCTATTATCACATCAAAACAACAACAAAAGA,ATGGTGAGCAAGGGCGAGGAGCTGTTCACCGGGGTGGTGCCCATCCTGGTC,test,RPL8A,11.4704653832962,0.036788880825042725
RPL8A_1328,CCGACGCAAACAAATTGGAAAAACCAACGCAAAAAAAAAAAGACGCTAAATTGTTTATAAAGGCGAGGAATTTGTATCTATCAATTACTATTCCAGTTGTCAGTTTACATTGCTTACCCTCTATTATCACATCAAAACAAAAACAAAAGA,ATGGTGAGCAAGGGCGAGGAGCTGTTCACCGGGGTGGTGCCCATCCTGGTC,test,RPL8A,12.0077726838517,-0.3113451302051544
RPL8A_1329,CCGACGCAAACAAATTGGAAAAACCAACGCAAAAAAAAAAAGACGCTAAATTGTTTATAAAGGCGAGGAATTTGTATCTATCAATTACTATTCCAGTTGTCAGTTTACATTGCTTACCCTCTATTATCACATCAAAACAACATAAAAAGA,ATGGTGAGCAAGGGCGAGGAGCTGTTCACCGGGGTGGTGCCCATCCTGGTC,test,RPL8A,11.8100935067034,0.10768606513738632
RPL8A_1330,CCGACGCAAACAAATTGGAAAAACCAACGCAAAAAAAAAAAGACGCTAAATTGTTTATAAAGGCGAGGAATTTGTATCTATCAATTACTATTCCAGTTGTCAGTTTACATTGCTTACCCTCTATTATCACATCAAAACAAGGAAAAAAGA,ATGGTGAGCAAGGGCGAGGAGCTGTTCACCGGGGTGGTGCCCATCCTGGTC,test,RPL8A,12.7623696849287,-0.26582902669906616
RPL8A_1331,CCGACGCAAACAAATTGGAAAAACCAACGCAAAAAAAAAAAGACGCTAAATTGTTTATAAAGGCGAGGAATTTGTATCTATCAATTACTATTCCAGTTGTCAGTTTACATTGCTTACCCTCTATTATCACATCAAAACAACCAGAGTTCA,ATGGTGAGCAAGGGCGAGGAGCTGTTCACCGGGGTGGTGCCCATCCTGGTC,test,RPL8A,4.21220598260846,-0.14160263538360596
RPL8A_1332,CCGACGCAAACAAATTGGAAAAACCAACGCAAAAAAAAAAAGACGCTAAATTGTTTATAAAGGCGAGGAATTTGTATCTATCAATTACTATTCCAGTTGTCAGTTTACATTGCTTACCCTCTATTATCACATCAAAACAAACCCACTTCA,ATGGTGAGCAAGGGCGAGGAGCTGTTCACCGGGGTGGTGCCCATCCTGGTC,test,RPL8A,9.1543110310686,-0.03575579449534416
RPL8A_1333,CCGACGCAAACAAATTGGAAAAACCAACGCAAAAAAAAAAAGACGCTAAATTGTTTATAAAGGCGAGGAATTTGTATCTATCAATTACTATTCCAGTTGTCAGTTTACATTGCTTACCCTCTATTATCACATCAAAACAAAACCACTTCA,ATGGTGAGCAAGGGCGAGGAGCTGTTCACCGGGGTGGTGCCCATCCTGGTC,test,RPL8A,8.1914332836726,-0.0522073432803154
RPL8A_1334,CCGACGCAAACAAATTGGAAAAACCAACGCAAAAAAAAAAAGACGCTAAATTGTTTATAAAGGCGAGGAATTTGTATCTATCAATTACTATTCCAGTTGTCAGTTTACATTGCTTACCCTCTATTATCACATCAAAACAAAACGCATTCA,ATGGTGAGCAAGGGCGAGGAGCTGTTCACCGGGGTGGTGCCCATCCTGGTC,test,RPL8A,10.2759707451773,-0.35755789279937744
RPL8A_1335,CCGACGCAAACAAATTGGAAAAACCAACGCAAAAAAAAAAAGACGCTAAATTGTTTATAAAGGCGAGGAATTTGTATCTATCAATTACTATTCCAGTTGTCAGTTTACATTGCTTACCCTCTATTATCACATCAAAACAAACCCCCGTCA,ATGGTGAGCAAGGGCGAGGAGCTGTTCACCGGGGTGGTGCCCATCCTGGTC,test,RPL8A,8.17774310162698,-0.14980724453926086
RPL8A_1336,CCGACGCAAACAAATTGGAAAAACCAACGCAAAAAAAAAAAGACGCTAAATTGTTTATAAAGGCGAGGAATTTGTATCTATCAATTACTATTCCAGTTGTCAGTTTACATTGCTTACCCTCTATTATCACATCAAAACAAACGACCGTCA,ATGGTGAGCAAGGGCGAGGAGCTGTTCACCGGGGTGGTGCCCATCCTGGTC,test,RPL8A,3.60601592357531,-0.004465743899345398
RPL8A_1337,CCGACGCAAACAAATTGGAAAAACCAACGCAAAAAAAAAAAGACGCTAAATTGTTTATAAAGGCGAGGAATTTGTATCTATCAATTACTATTCCAGTTGTCAGTTTACATTGCTTACCCTCTATTATCACATCAAAACAATAACACGTCA,ATGGTGAGCAAGGGCGAGGAGCTGTTCACCGGGGTGGTGCCCATCCTGGTC,test,RPL8A,7.86207958336034,0.04268587380647659
RPL8A_1338,CCGACGCAAACAAATTGGAAAAACCAACGCAAAAAAAAAAAGACGCTAAATTGTTTATAAAGGCGAGGAATTTGTATCTATCAATTACTATTCCAGTTGTCAGTTTACATTGCTTACCCTCTATTATCACATCAAAACAAAGCACAGTCA,ATGGTGAGCAAGGGCGAGGAGCTGTTCACCGGGGTGGTGCCCATCCTGGTC,test,RPL8A,8.20151576775758,-0.2602010667324066
RPL8A_1339,CCGACGCAAACAAATTGGAAAAACCAACGCAAAAAAAAAAAGACGCTAAATTGTTTATAAAGGCGAGGAATTTGTATCTATCAATTACTATTCCAGTTGTCAGTTTACATTGCTTACCCTCTATTATCACATCAAAACAATAACAAGTCA,ATGGTGAGCAAGGGCGAGGAGCTGTTCACCGGGGTGGTGCCCATCCTGGTC,test,RPL8A,8.73663091348438,0.06402918696403503
RPL8A_1340,CCGACGCAAACAAATTGGAAAAACCAACGCAAAAAAAAAAAGACGCTAAATTGTTTATAAAGGCGAGGAATTTGTATCTATCAATTACTATTCCAGTTGTCAGTTTACATTGCTTACCCTCTATTATCACATCAAAACAACAAAAAGTCA,ATGGTGAGCAAGGGCGAGGAGCTGTTCACCGGGGTGGTGCCCATCCTGGTC,test,RPL8A,7.90054709859593,-0.17839562892913818
RPL8A_1341,CCGACGCAAACAAATTGGAAAAACCAACGCAAAAAAAAAAAGACGCTAAATTGTTTATAAAGGCGAGGAATTTGTATCTATCAATTACTATTCCAGTTGTCAGTTTACATTGCTTACCCTCTATTATCACATCAAAACAAGCCCATCTCA,ATGGTGAGCAAGGGCGAGGAGCTGTTCACCGGGGTGGTGCCCATCCTGGTC,test,RPL8A,8.5799944690878,-0.018573731184005737
RPL8A_1342,CCGACGCAAACAAATTGGAAAAACCAACGCAAAAAAAAAAAGACGCTAAATTGTTTATAAAGGCGAGGAATTTGTATCTATCAATTACTATTCCAGTTGTCAGTTTACATTGCTTACCCTCTATTATCACATCAAAACAAGGTAAGCTCA,ATGGTGAGCAAGGGCGAGGAGCTGTTCACCGGGGTGGTGCCCATCCTGGTC,test,RPL8A,11.2304759526373,-0.19244545698165894
RPL8A_1343,CCGACGCAAACAAATTGGAAAAACCAACGCAAAAAAAAAAAGACGCTAAATTGTTTATAAAGGCGAGGAATTTGTATCTATCAATTACTATTCCAGTTGTCAGTTTACATTGCTTACCCTCTATTATCACATCAAAACAATCCGGCCTCA,ATGGTGAGCAAGGGCGAGGAGCTGTTCACCGGGGTGGTGCCCATCCTGGTC,test,RPL8A,9.17912591723911,0.015962880104780197
RPL8A_1344,CCGACGCAAACAAATTGGAAAAACCAACGCAAAAAAAAAAAGACGCTAAATTGTTTATAAAGGCGAGGAATTTGTATCTATCAATTACTATTCCAGTTGTCAGTTTACATTGCTTACCCTCTATTATCACATCAAAACAACCGAGCCTCA,ATGGTGAGCAAGGGCGAGGAGCTGTTCACCGGGGTGGTGCCCATCCTGGTC,test,RPL8A,9.11379815574783,-0.14568275213241577
RPL8A_1345,CCGACGCAAACAAATTGGAAAAACCAACGCAAAAAAAAAAAGACGCTAAATTGTTTATAAAGGCGAGGAATTTGTATCTATCAATTACTATTCCAGTTGTCAGTTTACATTGCTTACCCTCTATTATCACATCAAAACAACAGACCCTCA,ATGGTGAGCAAGGGCGAGGAGCTGTTCACCGGGGTGGTGCCCATCCTGGTC,test,RPL8A,8.30731620268643,-0.02922694757580757
RPL8A_1346,CCGACGCAAACAAATTGGAAAAACCAACGCAAAAAAAAAAAGACGCTAAATTGTTTATAAAGGCGAGGAATTTGTATCTATCAATTACTATTCCAGTTGTCAGTTTACATTGCTTACCCTCTATTATCACATCAAAACAACCAGCACTCA,ATGGTGAGCAAGGGCGAGGAGCTGTTCACCGGGGTGGTGCCCATCCTGGTC,test,RPL8A,7.58465619486626,-0.06028372794389725
RPL8A_1347,CCGACGCAAACAAATTGGAAAAACCAACGCAAAAAAAAAAAGACGCTAAATTGTTTATAAAGGCGAGGAATTTGTATCTATCAATTACTATTCCAGTTGTCAGTTTACATTGCTTACCCTCTATTATCACATCAAAACAAGACCCACTCA,ATGGTGAGCAAGGGCGAGGAGCTGTTCACCGGGGTGGTGCCCATCCTGGTC,test,RPL8A,7.85736408926139,-0.09528113156557083
RPL8A_1348,CCGACGCAAACAAATTGGAAAAACCAACGCAAAAAAAAAAAGACGCTAAATTGTTTATAAAGGCGAGGAATTTGTATCTATCAATTACTATTCCAGTTGTCAGTTTACATTGCTTACCCTCTATTATCACATCAAAACAAACAACACTCA,ATGGTGAGCAAGGGCGAGGAGCTGTTCACCGGGGTGGTGCCCATCCTGGTC,test,RPL8A,6.67331315341595,-0.12280557304620743
RPL8A_1349,CCGACGCAAACAAATTGGAAAAACCAACGCAAAAAAAAAAAGACGCTAAATTGTTTATAAAGGCGAGGAATTTGTATCTATCAATTACTATTCCAGTTGTCAGTTTACATTGCTTACCCTCTATTATCACATCAAAACAATAAACACTCA,ATGGTGAGCAAGGGCGAGGAGCTGTTCACCGGGGTGGTGCCCATCCTGGTC,test,RPL8A,9.6493280102341,-0.10805464535951614
RPL8A_1350,CCGACGCAAACAAATTGGAAAAACCAACGCAAAAAAAAAAAGACGCTAAATTGTTTATAAAGGCGAGGAATTTGTATCTATCAATTACTATTCCAGTTGTCAGTTTACATTGCTTACCCTCTATTATCACATCAAAACAAAAGAAACTCA,ATGGTGAGCAAGGGCGAGGAGCTGTTCACCGGGGTGGTGCCCATCCTGGTC,test,RPL8A,10.1810747680736,-0.14919695258140564
RPL8A_1351,CCGACGCAAACAAATTGGAAAAACCAACGCAAAAAAAAAAAGACGCTAAATTGTTTATAAAGGCGAGGAATTTGTATCTATCAATTACTATTCCAGTTGTCAGTTTACATTGCTTACCCTCTATTATCACATCAAAACAACGCAAACTCA,ATGGTGAGCAAGGGCGAGGAGCTGTTCACCGGGGTGGTGCCCATCCTGGTC,test,RPL8A,10.9012832413546,-0.1126067265868187
RPL8A_1352,CCGACGCAAACAAATTGGAAAAACCAACGCAAAAAAAAAAAGACGCTAAATTGTTTATAAAGGCGAGGAATTTGTATCTATCAATTACTATTCCAGTTGTCAGTTTACATTGCTTACCCTCTATTATCACATCAAAACAAATAAAACTCA,ATGGTGAGCAAGGGCGAGGAGCTGTTCACCGGGGTGGTGCCCATCCTGGTC,test,RPL8A,10.9552905066209,-0.09591829031705856
RPL8A_1353,CCGACGCAAACAAATTGGAAAAACCAACGCAAAAAAAAAAAGACGCTAAATTGTTTATAAAGGCGAGGAATTTGTATCTATCAATTACTATTCCAGTTGTCAGTTTACATTGCTTACCCTCTATTATCACATCAAAACAACACATTATCA,ATGGTGAGCAAGGGCGAGGAGCTGTTCACCGGGGTGGTGCCCATCCTGGTC,test,RPL8A,9.52433000743305,-0.0032443664968013763
RPL8A_1354,CCGACGCAAACAAATTGGAAAAACCAACGCAAAAAAAAAAAGACGCTAAATTGTTTATAAAGGCGAGGAATTTGTATCTATCAATTACTATTCCAGTTGTCAGTTTACATTGCTTACCCTCTATTATCACATCAAAACAACAAATTATCA,ATGGTGAGCAAGGGCGAGGAGCTGTTCACCGGGGTGGTGCCCATCCTGGTC,test,RPL8A,9.2941564653263,0.02647019550204277
RPL8A_1355,CCGACGCAAACAAATTGGAAAAACCAACGCAAAAAAAAAAAGACGCTAAATTGTTTATAAAGGCGAGGAATTTGTATCTATCAATTACTATTCCAGTTGTCAGTTTACATTGCTTACCCTCTATTATCACATCAAAACAACCACCTATCA,ATGGTGAGCAAGGGCGAGGAGCTGTTCACCGGGGTGGTGCCCATCCTGGTC,test,RPL8A,4.6825648981466,-0.07254809886217117
RPL8A_1356,CCGACGCAAACAAATTGGAAAAACCAACGCAAAAAAAAAAAGACGCTAAATTGTTTATAAAGGCGAGGAATTTGTATCTATCAATTACTATTCCAGTTGTCAGTTTACATTGCTTACCCTCTATTATCACATCAAAACAAACTTATATCA,ATGGTGAGCAAGGGCGAGGAGCTGTTCACCGGGGTGGTGCCCATCCTGGTC,test,RPL8A,11.12175476124,0.01874241605401039
RPL8A_1357,CCGACGCAAACAAATTGGAAAAACCAACGCAAAAAAAAAAAGACGCTAAATTGTTTATAAAGGCGAGGAATTTGTATCTATCAATTACTATTCCAGTTGTCAGTTTACATTGCTTACCCTCTATTATCACATCAAAACAACGCAATATCA,ATGGTGAGCAAGGGCGAGGAGCTGTTCACCGGGGTGGTGCCCATCCTGGTC,test,RPL8A,9.31007800314588,0.010804912075400352
RPL8A_1358,CCGACGCAAACAAATTGGAAAAACCAACGCAAAAAAAAAAAGACGCTAAATTGTTTATAAAGGCGAGGAATTTGTATCTATCAATTACTATTCCAGTTGTCAGTTTACATTGCTTACCCTCTATTATCACATCAAAACAACCCAATATCA,ATGGTGAGCAAGGGCGAGGAGCTGTTCACCGGGGTGGTGCCCATCCTGGTC,test,RPL8A,8.69666023304017,-0.108757384121418
RPL8A_1359,CCGACGCAAACAAATTGGAAAAACCAACGCAAAAAAAAAAAGACGCTAAATTGTTTATAAAGGCGAGGAATTTGTATCTATCAATTACTATTCCAGTTGTCAGTTTACATTGCTTACCCTCTATTATCACATCAAAACAACGACTGATCA,ATGGTGAGCAAGGGCGAGGAGCTGTTCACCGGGGTGGTGCCCATCCTGGTC,test,RPL8A,9.3145872196579,-0.05557265132665634
RPL8A_1360,CCGACGCAAACAAATTGGAAAAACCAACGCAAAAAAAAAAAGACGCTAAATTGTTTATAAAGGCGAGGAATTTGTATCTATCAATTACTATTCCAGTTGTCAGTTTACATTGCTTACCCTCTATTATCACATCAAAACAAATACCGATCA,ATGGTGAGCAAGGGCGAGGAGCTGTTCACCGGGGTGGTGCCCATCCTGGTC,test,RPL8A,8.7920595643649,-0.019439131021499634
RPL8A_1361,CCGACGCAAACAAATTGGAAAAACCAACGCAAAAAAAAAAAGACGCTAAATTGTTTATAAAGGCGAGGAATTTGTATCTATCAATTACTATTCCAGTTGTCAGTTTACATTGCTTACCCTCTATTATCACATCAAAACAAGAACCGATCA,ATGGTGAGCAAGGGCGAGGAGCTGTTCACCGGGGTGGTGCCCATCCTGGTC,test,RPL8A,9.05440481749506,0.045649297535419464
RPL8A_1362,CCGACGCAAACAAATTGGAAAAACCAACGCAAAAAAAAAAAGACGCTAAATTGTTTATAAAGGCGAGGAATTTGTATCTATCAATTACTATTCCAGTTGTCAGTTTACATTGCTTACCCTCTATTATCACATCAAAACAACGAACCATCA,ATGGTGAGCAAGGGCGAGGAGCTGTTCACCGGGGTGGTGCCCATCCTGGTC,test,RPL8A,8.11969365167328,0.04357268661260605
RPL8A_1363,CCGACGCAAACAAATTGGAAAAACCAACGCAAAAAAAAAAAGACGCTAAATTGTTTATAAAGGCGAGGAATTTGTATCTATCAATTACTATTCCAGTTGTCAGTTTACATTGCTTACCCTCTATTATCACATCAAAACAATATGCAATCA,ATGGTGAGCAAGGGCGAGGAGCTGTTCACCGGGGTGGTGCCCATCCTGGTC,test,RPL8A,9.94879172599975,-0.26229262351989746
RPL8A_1364,CCGACGCAAACAAATTGGAAAAACCAACGCAAAAAAAAAAAGACGCTAAATTGTTTATAAAGGCGAGGAATTTGTATCTATCAATTACTATTCCAGTTGTCAGTTTACATTGCTTACCCTCTATTATCACATCAAAACAAAATACAATCA,ATGGTGAGCAAGGGCGAGGAGCTGTTCACCGGGGTGGTGCCCATCCTGGTC,test,RPL8A,11.441526051372,-0.3774656355381012
RPL8A_1365,CCGACGCAAACAAATTGGAAAAACCAACGCAAAAAAAAAAAGACGCTAAATTGTTTATAAAGGCGAGGAATTTGTATCTATCAATTACTATTCCAGTTGTCAGTTTACATTGCTTACCCTCTATTATCACATCAAAACAAAGCACAATCA,ATGGTGAGCAAGGGCGAGGAGCTGTTCACCGGGGTGGTGCCCATCCTGGTC,test,RPL8A,10.048504731422,-0.1297062337398529
RPL8A_1366,CCGACGCAAACAAATTGGAAAAACCAACGCAAAAAAAAAAAGACGCTAAATTGTTTATAAAGGCGAGGAATTTGTATCTATCAATTACTATTCCAGTTGTCAGTTTACATTGCTTACCCTCTATTATCACATCAAAACAACTCTAAATCA,ATGGTGAGCAAGGGCGAGGAGCTGTTCACCGGGGTGGTGCCCATCCTGGTC,test,RPL8A,9.28883490043592,-0.23766183853149414
RPL8A_1367,CCGACGCAAACAAATTGGAAAAACCAACGCAAAAAAAAAAAGACGCTAAATTGTTTATAAAGGCGAGGAATTTGTATCTATCAATTACTATTCCAGTTGTCAGTTTACATTGCTTACCCTCTATTATCACATCAAAACAAAACTAAATCA,ATGGTGAGCAAGGGCGAGGAGCTGTTCACCGGGGTGGTGCCCATCCTGGTC,test,RPL8A,11.6789205972783,-0.21238583326339722
RPL8A_1368,CCGACGCAAACAAATTGGAAAAACCAACGCAAAAAAAAAAAGACGCTAAATTGTTTATAAAGGCGAGGAATTTGTATCTATCAATTACTATTCCAGTTGTCAGTTTACATTGCTTACCCTCTATTATCACATCAAAACAACTGAAGTGCA,ATGGTGAGCAAGGGCGAGGAGCTGTTCACCGGGGTGGTGCCCATCCTGGTC,test,RPL8A,9.04911127770953,-0.04018940031528473
RPL8A_1369,CCGACGCAAACAAATTGGAAAAACCAACGCAAAAAAAAAAAGACGCTAAATTGTTTATAAAGGCGAGGAATTTGTATCTATCAATTACTATTCCAGTTGTCAGTTTACATTGCTTACCCTCTATTATCACATCAAAACAACTAAGCTGCA,ATGGTGAGCAAGGGCGAGGAGCTGTTCACCGGGGTGGTGCCCATCCTGGTC,test,RPL8A,12.0236216308283,0.34239351749420166
RPL8A_1370,CCGACGCAAACAAATTGGAAAAACCAACGCAAAAAAAAAAAGACGCTAAATTGTTTATAAAGGCGAGGAATTTGTATCTATCAATTACTATTCCAGTTGTCAGTTTACATTGCTTACCCTCTATTATCACATCAAAACAAACTCACTGCA,ATGGTGAGCAAGGGCGAGGAGCTGTTCACCGGGGTGGTGCCCATCCTGGTC,test,RPL8A,10.2916689659314,-0.4010295867919922
RPL8A_1371,CCGACGCAAACAAATTGGAAAAACCAACGCAAAAAAAAAAAGACGCTAAATTGTTTATAAAGGCGAGGAATTTGTATCTATCAATTACTATTCCAGTTGTCAGTTTACATTGCTTACCCTCTATTATCACATCAAAACAACTTACTGGCA,ATGGTGAGCAAGGGCGAGGAGCTGTTCACCGGGGTGGTGCCCATCCTGGTC,test,RPL8A,8.89174263091231,0.10496032983064651
RPL8A_1372,CCGACGCAAACAAATTGGAAAAACCAACGCAAAAAAAAAAAGACGCTAAATTGTTTATAAAGGCGAGGAATTTGTATCTATCAATTACTATTCCAGTTGTCAGTTTACATTGCTTACCCTCTATTATCACATCAAAACAAACATAGGGCA,ATGGTGAGCAAGGGCGAGGAGCTGTTCACCGGGGTGGTGCCCATCCTGGTC,test,RPL8A,5.91536916788732,-0.343937486410141
RPL8A_1373,CCGACGCAAACAAATTGGAAAAACCAACGCAAAAAAAAAAAGACGCTAAATTGTTTATAAAGGCGAGGAATTTGTATCTATCAATTACTATTCCAGTTGTCAGTTTACATTGCTTACCCTCTATTATCACATCAAAACAACAGAAGGGCA,ATGGTGAGCAAGGGCGAGGAGCTGTTCACCGGGGTGGTGCCCATCCTGGTC,test,RPL8A,5.63030322915195,-0.00748739019036293
RPL8A_1374,CCGACGCAAACAAATTGGAAAAACCAACGCAAAAAAAAAAAGACGCTAAATTGTTTATAAAGGCGAGGAATTTGTATCTATCAATTACTATTCCAGTTGTCAGTTTACATTGCTTACCCTCTATTATCACATCAAAACAAACTCTCGGCA,ATGGTGAGCAAGGGCGAGGAGCTGTTCACCGGGGTGGTGCCCATCCTGGTC,test,RPL8A,9.63485250246848,-0.43439918756484985
RPL8A_1375,CCGACGCAAACAAATTGGAAAAACCAACGCAAAAAAAAAAAGACGCTAAATTGTTTATAAAGGCGAGGAATTTGTATCTATCAATTACTATTCCAGTTGTCAGTTTACATTGCTTACCCTCTATTATCACATCAAAACAAGTCAACGGCA,ATGGTGAGCAAGGGCGAGGAGCTGTTCACCGGGGTGGTGCCCATCCTGGTC,test,RPL8A,9.32999256685857,-0.22295045852661133
RPL8A_1376,CCGACGCAAACAAATTGGAAAAACCAACGCAAAAAAAAAAAGACGCTAAATTGTTTATAAAGGCGAGGAATTTGTATCTATCAATTACTATTCCAGTTGTCAGTTTACATTGCTTACCCTCTATTATCACATCAAAACAACAAGGAGGCA,ATGGTGAGCAAGGGCGAGGAGCTGTTCACCGGGGTGGTGCCCATCCTGGTC,test,RPL8A,7.60375348228393,-0.34742432832717896
RPL8A_1377,CCGACGCAAACAAATTGGAAAAACCAACGCAAAAAAAAAAAGACGCTAAATTGTTTATAAAGGCGAGGAATTTGTATCTATCAATTACTATTCCAGTTGTCAGTTTACATTGCTTACCCTCTATTATCACATCAAAACAAAATCGAGGCA,ATGGTGAGCAAGGGCGAGGAGCTGTTCACCGGGGTGGTGCCCATCCTGGTC,test,RPL8A,5.44286815460039,-0.4375411868095398
RPL8A_1378,CCGACGCAAACAAATTGGAAAAACCAACGCAAAAAAAAAAAGACGCTAAATTGTTTATAAAGGCGAGGAATTTGTATCTATCAATTACTATTCCAGTTGTCAGTTTACATTGCTTACCCTCTATTATCACATCAAAACAATAAAGAGGCA,ATGGTGAGCAAGGGCGAGGAGCTGTTCACCGGGGTGGTGCCCATCCTGGTC,test,RPL8A,8.21988576858943,-0.3621101379394531
RPL8A_1379,CCGACGCAAACAAATTGGAAAAACCAACGCAAAAAAAAAAAGACGCTAAATTGTTTATAAAGGCGAGGAATTTGTATCTATCAATTACTATTCCAGTTGTCAGTTTACATTGCTTACCCTCTATTATCACATCAAAACAAATCAGTCGCA,ATGGTGAGCAAGGGCGAGGAGCTGTTCACCGGGGTGGTGCCCATCCTGGTC,test,RPL8A,12.4507440085659,-0.14674848318099976
RPL8A_1380,CCGACGCAAACAAATTGGAAAAACCAACGCAAAAAAAAAAAGACGCTAAATTGTTTATAAAGGCGAGGAATTTGTATCTATCAATTACTATTCCAGTTGTCAGTTTACATTGCTTACCCTCTATTATCACATCAAAACAACTAAGTCGCA,ATGGTGAGCAAGGGCGAGGAGCTGTTCACCGGGGTGGTGCCCATCCTGGTC,test,RPL8A,11.571614988846,0.11368211358785629
RPL8A_1381,CCGACGCAAACAAATTGGAAAAACCAACGCAAAAAAAAAAAGACGCTAAATTGTTTATAAAGGCGAGGAATTTGTATCTATCAATTACTATTCCAGTTGTCAGTTTACATTGCTTACCCTCTATTATCACATCAAAACAAAAAGCTCGCA,ATGGTGAGCAAGGGCGAGGAGCTGTTCACCGGGGTGGTGCCCATCCTGGTC,test,RPL8A,11.7685536701444,-0.3180147409439087
RPL8A_1382,CCGACGCAAACAAATTGGAAAAACCAACGCAAAAAAAAAAAGACGCTAAATTGTTTATAAAGGCGAGGAATTTGTATCTATCAATTACTATTCCAGTTGTCAGTTTACATTGCTTACCCTCTATTATCACATCAAAACAACAAAATCGCA,ATGGTGAGCAAGGGCGAGGAGCTGTTCACCGGGGTGGTGCCCATCCTGGTC,test,RPL8A,11.0577376117191,-0.15693017840385437
RPL8A_1383,CCGACGCAAACAAATTGGAAAAACCAACGCAAAAAAAAAAAGACGCTAAATTGTTTATAAAGGCGAGGAATTTGTATCTATCAATTACTATTCCAGTTGTCAGTTTACATTGCTTACCCTCTATTATCACATCAAAACAACGTGGGCGCA,ATGGTGAGCAAGGGCGAGGAGCTGTTCACCGGGGTGGTGCCCATCCTGGTC,test,RPL8A,7.74860347620044,-0.4410856366157532
RPL8A_1384,CCGACGCAAACAAATTGGAAAAACCAACGCAAAAAAAAAAAGACGCTAAATTGTTTATAAAGGCGAGGAATTTGTATCTATCAATTACTATTCCAGTTGTCAGTTTACATTGCTTACCCTCTATTATCACATCAAAACAATAACGGCGCA,ATGGTGAGCAAGGGCGAGGAGCTGTTCACCGGGGTGGTGCCCATCCTGGTC,test,RPL8A,9.36337413357105,-0.3477265238761902
RPL8A_1385,CCGACGCAAACAAATTGGAAAAACCAACGCAAAAAAAAAAAGACGCTAAATTGTTTATAAAGGCGAGGAATTTGTATCTATCAATTACTATTCCAGTTGTCAGTTTACATTGCTTACCCTCTATTATCACATCAAAACAACGTTCGCGCA,ATGGTGAGCAAGGGCGAGGAGCTGTTCACCGGGGTGGTGCCCATCCTGGTC,test,RPL8A,11.2390146810548,-0.01613324135541916
RPL8A_1386,CCGACGCAAACAAATTGGAAAAACCAACGCAAAAAAAAAAAGACGCTAAATTGTTTATAAAGGCGAGGAATTTGTATCTATCAATTACTATTCCAGTTGTCAGTTTACATTGCTTACCCTCTATTATCACATCAAAACAAATAGCGCGCA,ATGGTGAGCAAGGGCGAGGAGCTGTTCACCGGGGTGGTGCCCATCCTGGTC,test,RPL8A,11.4479359250734,-0.399199903011322
RPL8A_1387,CCGACGCAAACAAATTGGAAAAACCAACGCAAAAAAAAAAAGACGCTAAATTGTTTATAAAGGCGAGGAATTTGTATCTATCAATTACTATTCCAGTTGTCAGTTTACATTGCTTACCCTCTATTATCACATCAAAACAAAAAGAGCGCA,ATGGTGAGCAAGGGCGAGGAGCTGTTCACCGGGGTGGTGCCCATCCTGGTC,test,RPL8A,10.3927160174876,-0.43685096502304077
RPL8A_1388,CCGACGCAAACAAATTGGAAAAACCAACGCAAAAAAAAAAAGACGCTAAATTGTTTATAAAGGCGAGGAATTTGTATCTATCAATTACTATTCCAGTTGTCAGTTTACATTGCTTACCCTCTATTATCACATCAAAACAAATCAAGCGCA,ATGGTGAGCAAGGGCGAGGAGCTGTTCACCGGGGTGGTGCCCATCCTGGTC,test,RPL8A,12.3100732223086,-0.4348704516887665
RPL8A_1389,CCGACGCAAACAAATTGGAAAAACCAACGCAAAAAAAAAAAGACGCTAAATTGTTTATAAAGGCGAGGAATTTGTATCTATCAATTACTATTCCAGTTGTCAGTTTACATTGCTTACCCTCTATTATCACATCAAAACAATATATCCGCA,ATGGTGAGCAAGGGCGAGGAGCTGTTCACCGGGGTGGTGCCCATCCTGGTC,test,RPL8A,11.6335607415451,-0.031886521726846695
RPL8A_1390,CCGACGCAAACAAATTGGAAAAACCAACGCAAAAAAAAAAAGACGCTAAATTGTTTATAAAGGCGAGGAATTTGTATCTATCAATTACTATTCCAGTTGTCAGTTTACATTGCTTACCCTCTATTATCACATCAAAACAAGAAATCCGCA,ATGGTGAGCAAGGGCGAGGAGCTGTTCACCGGGGTGGTGCCCATCCTGGTC,test,RPL8A,11.5522300292705,0.0894385278224945
RPL8A_1391,CCGACGCAAACAAATTGGAAAAACCAACGCAAAAAAAAAAAGACGCTAAATTGTTTATAAAGGCGAGGAATTTGTATCTATCAATTACTATTCCAGTTGTCAGTTTACATTGCTTACCCTCTATTATCACATCAAAACAAAAAATCCGCA,ATGGTGAGCAAGGGCGAGGAGCTGTTCACCGGGGTGGTGCCCATCCTGGTC,test,RPL8A,11.0689596747798,-0.12978330254554749
RPL8A_1392,CCGACGCAAACAAATTGGAAAAACCAACGCAAAAAAAAAAAGACGCTAAATTGTTTATAAAGGCGAGGAATTTGTATCTATCAATTACTATTCCAGTTGTCAGTTTACATTGCTTACCCTCTATTATCACATCAAAACAAAAGCGCCGCA,ATGGTGAGCAAGGGCGAGGAGCTGTTCACCGGGGTGGTGCCCATCCTGGTC,test,RPL8A,9.8809082779496,-0.41026151180267334
RPL8A_1393,CCGACGCAAACAAATTGGAAAAACCAACGCAAAAAAAAAAAGACGCTAAATTGTTTATAAAGGCGAGGAATTTGTATCTATCAATTACTATTCCAGTTGTCAGTTTACATTGCTTACCCTCTATTATCACATCAAAACAAGACCGCCGCA,ATGGTGAGCAAGGGCGAGGAGCTGTTCACCGGGGTGGTGCCCATCCTGGTC,test,RPL8A,9.44142047263771,-0.0679449737071991
RPL8A_1394,CCGACGCAAACAAATTGGAAAAACCAACGCAAAAAAAAAAAGACGCTAAATTGTTTATAAAGGCGAGGAATTTGTATCTATCAATTACTATTCCAGTTGTCAGTTTACATTGCTTACCCTCTATTATCACATCAAAACAAAGCAGCCGCA,ATGGTGAGCAAGGGCGAGGAGCTGTTCACCGGGGTGGTGCCCATCCTGGTC,test,RPL8A,11.437855068061,-0.17416003346443176
RPL8A_1395,CCGACGCAAACAAATTGGAAAAACCAACGCAAAAAAAAAAAGACGCTAAATTGTTTATAAAGGCGAGGAATTTGTATCTATCAATTACTATTCCAGTTGTCAGTTTACATTGCTTACCCTCTATTATCACATCAAAACAACTCGCCCGCA,ATGGTGAGCAAGGGCGAGGAGCTGTTCACCGGGGTGGTGCCCATCCTGGTC,test,RPL8A,11.046644618402,-0.04214329272508621
RPL8A_1396,CCGACGCAAACAAATTGGAAAAACCAACGCAAAAAAAAAAAGACGCTAAATTGTTTATAAAGGCGAGGAATTTGTATCTATCAATTACTATTCCAGTTGTCAGTTTACATTGCTTACCCTCTATTATCACATCAAAACAAAATCCCCGCA,ATGGTGAGCAAGGGCGAGGAGCTGTTCACCGGGGTGGTGCCCATCCTGGTC,test,RPL8A,10.9000893376226,-0.1424514353275299
RPL8A_1397,CCGACGCAAACAAATTGGAAAAACCAACGCAAAAAAAAAAAGACGCTAAATTGTTTATAAAGGCGAGGAATTTGTATCTATCAATTACTATTCCAGTTGTCAGTTTACATTGCTTACCCTCTATTATCACATCAAAACAACGAACCCGCA,ATGGTGAGCAAGGGCGAGGAGCTGTTCACCGGGGTGGTGCCCATCCTGGTC,test,RPL8A,10.2313551223793,-0.09526289254426956
RPL8A_1398,CCGACGCAAACAAATTGGAAAAACCAACGCAAAAAAAAAAAGACGCTAAATTGTTTATAAAGGCGAGGAATTTGTATCTATCAATTACTATTCCAGTTGTCAGTTTACATTGCTTACCCTCTATTATCACATCAAAACAAAGAAACCGCA,ATGGTGAGCAAGGGCGAGGAGCTGTTCACCGGGGTGGTGCCCATCCTGGTC,test,RPL8A,11.1248617436268,-0.10914728790521622
RPL8A_1399,CCGACGCAAACAAATTGGAAAAACCAACGCAAAAAAAAAAAGACGCTAAATTGTTTATAAAGGCGAGGAATTTGTATCTATCAATTACTATTCCAGTTGTCAGTTTACATTGCTTACCCTCTATTATCACATCAAAACAACCGAGACGCA,ATGGTGAGCAAGGGCGAGGAGCTGTTCACCGGGGTGGTGCCCATCCTGGTC,test,RPL8A,5.84470730589011,-0.4390331506729126
RPL8A_1400,CCGACGCAAACAAATTGGAAAAACCAACGCAAAAAAAAAAAGACGCTAAATTGTTTATAAAGGCGAGGAATTTGTATCTATCAATTACTATTCCAGTTGTCAGTTTACATTGCTTACCCTCTATTATCACATCAAAACAAAACGCACGCA,ATGGTGAGCAAGGGCGAGGAGCTGTTCACCGGGGTGGTGCCCATCCTGGTC,test,RPL8A,11.4226161443509,-0.4613272249698639
RPL8A_1401,CCGACGCAAACAAATTGGAAAAACCAACGCAAAAAAAAAAAGACGCTAAATTGTTTATAAAGGCGAGGAATTTGTATCTATCAATTACTATTCCAGTTGTCAGTTTACATTGCTTACCCTCTATTATCACATCAAAACAAGCAGCACGCA,ATGGTGAGCAAGGGCGAGGAGCTGTTCACCGGGGTGGTGCCCATCCTGGTC,test,RPL8A,8.65409473919142,-0.304548442363739
RPL8A_1402,CCGACGCAAACAAATTGGAAAAACCAACGCAAAAAAAAAAAGACGCTAAATTGTTTATAAAGGCGAGGAATTTGTATCTATCAATTACTATTCCAGTTGTCAGTTTACATTGCTTACCCTCTATTATCACATCAAAACAACGCACACGCA,ATGGTGAGCAAGGGCGAGGAGCTGTTCACCGGGGTGGTGCCCATCCTGGTC,test,RPL8A,10.6734439436213,-0.09233612567186356
RPL8A_1403,CCGACGCAAACAAATTGGAAAAACCAACGCAAAAAAAAAAAGACGCTAAATTGTTTATAAAGGCGAGGAATTTGTATCTATCAATTACTATTCCAGTTGTCAGTTTACATTGCTTACCCTCTATTATCACATCAAAACAATATAAACGCA,ATGGTGAGCAAGGGCGAGGAGCTGTTCACCGGGGTGGTGCCCATCCTGGTC,test,RPL8A,11.3534735879288,-0.3152316212654114
RPL8A_1404,CCGACGCAAACAAATTGGAAAAACCAACGCAAAAAAAAAAAGACGCTAAATTGTTTATAAAGGCGAGGAATTTGTATCTATCAATTACTATTCCAGTTGTCAGTTTACATTGCTTACCCTCTATTATCACATCAAAACAAAAAGCTAGCA,ATGGTGAGCAAGGGCGAGGAGCTGTTCACCGGGGTGGTGCCCATCCTGGTC,test,RPL8A,11.1813898787469,-0.4298558831214905
RPL8A_1405,CCGACGCAAACAAATTGGAAAAACCAACGCAAAAAAAAAAAGACGCTAAATTGTTTATAAAGGCGAGGAATTTGTATCTATCAATTACTATTCCAGTTGTCAGTTTACATTGCTTACCCTCTATTATCACATCAAAACAAATTCAGAGCA,ATGGTGAGCAAGGGCGAGGAGCTGTTCACCGGGGTGGTGCCCATCCTGGTC,test,RPL8A,10.8453738576474,-0.3732662796974182
RPL8A_1406,CCGACGCAAACAAATTGGAAAAACCAACGCAAAAAAAAAAAGACGCTAAATTGTTTATAAAGGCGAGGAATTTGTATCTATCAATTACTATTCCAGTTGTCAGTTTACATTGCTTACCCTCTATTATCACATCAAAACAAAGAAGCAGCA,ATGGTGAGCAAGGGCGAGGAGCTGTTCACCGGGGTGGTGCCCATCCTGGTC,test,RPL8A,12.284261697243,-0.3564799129962921
RPL8A_1407,CCGACGCAAACAAATTGGAAAAACCAACGCAAAAAAAAAAAGACGCTAAATTGTTTATAAAGGCGAGGAATTTGTATCTATCAATTACTATTCCAGTTGTCAGTTTACATTGCTTACCCTCTATTATCACATCAAAACAACCCGACAGCA,ATGGTGAGCAAGGGCGAGGAGCTGTTCACCGGGGTGGTGCCCATCCTGGTC,test,RPL8A,2.59476099337797,-0.4343593716621399
RPL8A_1408,CCGACGCAAACAAATTGGAAAAACCAACGCAAAAAAAAAAAGACGCTAAATTGTTTATAAAGGCGAGGAATTTGTATCTATCAATTACTATTCCAGTTGTCAGTTTACATTGCTTACCCTCTATTATCACATCAAAACAAAGCAACAGCA,ATGGTGAGCAAGGGCGAGGAGCTGTTCACCGGGGTGGTGCCCATCCTGGTC,test,RPL8A,10.7072610721178,-0.39072704315185547
RPL8A_1409,CCGACGCAAACAAATTGGAAAAACCAACGCAAAAAAAAAAAGACGCTAAATTGTTTATAAAGGCGAGGAATTTGTATCTATCAATTACTATTCCAGTTGTCAGTTTACATTGCTTACCCTCTATTATCACATCAAAACAAATTTCAAGCA,ATGGTGAGCAAGGGCGAGGAGCTGTTCACCGGGGTGGTGCCCATCCTGGTC,test,RPL8A,11.4442998855767,-0.3577210009098053
RPL8A_1410,CCGACGCAAACAAATTGGAAAAACCAACGCAAAAAAAAAAAGACGCTAAATTGTTTATAAAGGCGAGGAATTTGTATCTATCAATTACTATTCCAGTTGTCAGTTTACATTGCTTACCCTCTATTATCACATCAAAACAATCAGCAAGCA,ATGGTGAGCAAGGGCGAGGAGCTGTTCACCGGGGTGGTGCCCATCCTGGTC,test,RPL8A,11.8645853979373,-0.4133812487125397
RPL8A_1411,CCGACGCAAACAAATTGGAAAAACCAACGCAAAAAAAAAAAGACGCTAAATTGTTTATAAAGGCGAGGAATTTGTATCTATCAATTACTATTCCAGTTGTCAGTTTACATTGCTTACCCTCTATTATCACATCAAAACAACATGAAAGCA,ATGGTGAGCAAGGGCGAGGAGCTGTTCACCGGGGTGGTGCCCATCCTGGTC,test,RPL8A,10.1935283288109,-0.07915707677602768
RPL8A_1412,CCGACGCAAACAAATTGGAAAAACCAACGCAAAAAAAAAAAGACGCTAAATTGTTTATAAAGGCGAGGAATTTGTATCTATCAATTACTATTCCAGTTGTCAGTTTACATTGCTTACCCTCTATTATCACATCAAAACAACAACAAAGCA,ATGGTGAGCAAGGGCGAGGAGCTGTTCACCGGGGTGGTGCCCATCCTGGTC,test,RPL8A,10.7589562823674,-0.10179299861192703
RPL8A_1413,CCGACGCAAACAAATTGGAAAAACCAACGCAAAAAAAAAAAGACGCTAAATTGTTTATAAAGGCGAGGAATTTGTATCTATCAATTACTATTCCAGTTGTCAGTTTACATTGCTTACCCTCTATTATCACATCAAAACAAAGCAAAAGCA,ATGGTGAGCAAGGGCGAGGAGCTGTTCACCGGGGTGGTGCCCATCCTGGTC,test,RPL8A,12.0922143649134,-0.3975455164909363
RPL8A_1414,CCGACGCAAACAAATTGGAAAAACCAACGCAAAAAAAAAAAGACGCTAAATTGTTTATAAAGGCGAGGAATTTGTATCTATCAATTACTATTCCAGTTGTCAGTTTACATTGCTTACCCTCTATTATCACATCAAAACAAAAGCGGTCCA,ATGGTGAGCAAGGGCGAGGAGCTGTTCACCGGGGTGGTGCCCATCCTGGTC,test,RPL8A,7.54270029919324,-0.18367725610733032
RPL8A_1415,CCGACGCAAACAAATTGGAAAAACCAACGCAAAAAAAAAAAGACGCTAAATTGTTTATAAAGGCGAGGAATTTGTATCTATCAATTACTATTCCAGTTGTCAGTTTACATTGCTTACCCTCTATTATCACATCAAAACAAAAACGCTCCA,ATGGTGAGCAAGGGCGAGGAGCTGTTCACCGGGGTGGTGCCCATCCTGGTC,test,RPL8A,11.2082672545194,-0.2361615002155304
RPL8A_1416,CCGACGCAAACAAATTGGAAAAACCAACGCAAAAAAAAAAAGACGCTAAATTGTTTATAAAGGCGAGGAATTTGTATCTATCAATTACTATTCCAGTTGTCAGTTTACATTGCTTACCCTCTATTATCACATCAAAACAAACCCCCTCCA,ATGGTGAGCAAGGGCGAGGAGCTGTTCACCGGGGTGGTGCCCATCCTGGTC,test,RPL8A,10.2231777836043,-0.060189977288246155
RPL8A_1417,CCGACGCAAACAAATTGGAAAAACCAACGCAAAAAAAAAAAGACGCTAAATTGTTTATAAAGGCGAGGAATTTGTATCTATCAATTACTATTCCAGTTGTCAGTTTACATTGCTTACCCTCTATTATCACATCAAAACAAAACCACTCCA,ATGGTGAGCAAGGGCGAGGAGCTGTTCACCGGGGTGGTGCCCATCCTGGTC,test,RPL8A,9.26994693518713,-0.03562374785542488
RPL8A_1418,CCGACGCAAACAAATTGGAAAAACCAACGCAAAAAAAAAAAGACGCTAAATTGTTTATAAAGGCGAGGAATTTGTATCTATCAATTACTATTCCAGTTGTCAGTTTACATTGCTTACCCTCTATTATCACATCAAAACAAGAACTATCCA,ATGGTGAGCAAGGGCGAGGAGCTGTTCACCGGGGTGGTGCCCATCCTGGTC,test,RPL8A,10.5410264185753,0.03678271546959877
RPL8A_1419,CCGACGCAAACAAATTGGAAAAACCAACGCAAAAAAAAAAAGACGCTAAATTGTTTATAAAGGCGAGGAATTTGTATCTATCAATTACTATTCCAGTTGTCAGTTTACATTGCTTACCCTCTATTATCACATCAAAACAAAGTCGATCCA,ATGGTGAGCAAGGGCGAGGAGCTGTTCACCGGGGTGGTGCCCATCCTGGTC,test,RPL8A,10.7103170212739,-0.1996856927871704
RPL8A_1420,CCGACGCAAACAAATTGGAAAAACCAACGCAAAAAAAAAAAGACGCTAAATTGTTTATAAAGGCGAGGAATTTGTATCTATCAATTACTATTCCAGTTGTCAGTTTACATTGCTTACCCTCTATTATCACATCAAAACAACAACGATCCA,ATGGTGAGCAAGGGCGAGGAGCTGTTCACCGGGGTGGTGCCCATCCTGGTC,test,RPL8A,10.1708300001387,0.04781162738800049
RPL8A_1421,CCGACGCAAACAAATTGGAAAAACCAACGCAAAAAAAAAAAGACGCTAAATTGTTTATAAAGGCGAGGAATTTGTATCTATCAATTACTATTCCAGTTGTCAGTTTACATTGCTTACCCTCTATTATCACATCAAAACAAGGCCCATCCA,ATGGTGAGCAAGGGCGAGGAGCTGTTCACCGGGGTGGTGCCCATCCTGGTC,test,RPL8A,7.11531712800683,-0.0023207813501358032
RPL8A_1422,CCGACGCAAACAAATTGGAAAAACCAACGCAAAAAAAAAAAGACGCTAAATTGTTTATAAAGGCGAGGAATTTGTATCTATCAATTACTATTCCAGTTGTCAGTTTACATTGCTTACCCTCTATTATCACATCAAAACAAGCCCCATCCA,ATGGTGAGCAAGGGCGAGGAGCTGTTCACCGGGGTGGTGCCCATCCTGGTC,test,RPL8A,8.57815652048812,-0.04059092700481415
RPL8A_1423,CCGACGCAAACAAATTGGAAAAACCAACGCAAAAAAAAAAAGACGCTAAATTGTTTATAAAGGCGAGGAATTTGTATCTATCAATTACTATTCCAGTTGTCAGTTTACATTGCTTACCCTCTATTATCACATCAAAACAAAACCAATCCA,ATGGTGAGCAAGGGCGAGGAGCTGTTCACCGGGGTGGTGCCCATCCTGGTC,test,RPL8A,9.24674519674462,-0.11007285863161087
RPL8A_1424,CCGACGCAAACAAATTGGAAAAACCAACGCAAAAAAAAAAAGACGCTAAATTGTTTATAAAGGCGAGGAATTTGTATCTATCAATTACTATTCCAGTTGTCAGTTTACATTGCTTACCCTCTATTATCACATCAAAACAACCCAAATCCA,ATGGTGAGCAAGGGCGAGGAGCTGTTCACCGGGGTGGTGCCCATCCTGGTC,test,RPL8A,9.29602555480032,-0.2548997700214386
RPL8A_1425,CCGACGCAAACAAATTGGAAAAACCAACGCAAAAAAAAAAAGACGCTAAATTGTTTATAAAGGCGAGGAATTTGTATCTATCAATTACTATTCCAGTTGTCAGTTTACATTGCTTACCCTCTATTATCACATCAAAACAACGAAAATCCA,ATGGTGAGCAAGGGCGAGGAGCTGTTCACCGGGGTGGTGCCCATCCTGGTC,test,RPL8A,10.3775093516395,0.008284159004688263
RPL8A_1426,CCGACGCAAACAAATTGGAAAAACCAACGCAAAAAAAAAAAGACGCTAAATTGTTTATAAAGGCGAGGAATTTGTATCTATCAATTACTATTCCAGTTGTCAGTTTACATTGCTTACCCTCTATTATCACATCAAAACAACAAAAATCCA,ATGGTGAGCAAGGGCGAGGAGCTGTTCACCGGGGTGGTGCCCATCCTGGTC,test,RPL8A,9.14452648640085,-0.20167189836502075
RPL8A_1427,CCGACGCAAACAAATTGGAAAAACCAACGCAAAAAAAAAAAGACGCTAAATTGTTTATAAAGGCGAGGAATTTGTATCTATCAATTACTATTCCAGTTGTCAGTTTACATTGCTTACCCTCTATTATCACATCAAAACAACCCAGTGCCA,ATGGTGAGCAAGGGCGAGGAGCTGTTCACCGGGGTGGTGCCCATCCTGGTC,test,RPL8A,6.0231886017639,-0.36630743741989136
RPL8A_1428,CCGACGCAAACAAATTGGAAAAACCAACGCAAAAAAAAAAAGACGCTAAATTGTTTATAAAGGCGAGGAATTTGTATCTATCAATTACTATTCCAGTTGTCAGTTTACATTGCTTACCCTCTATTATCACATCAAAACAATACCCTGCCA,ATGGTGAGCAAGGGCGAGGAGCTGTTCACCGGGGTGGTGCCCATCCTGGTC,test,RPL8A,8.64899132677933,-0.2688785195350647
RPL8A_1429,CCGACGCAAACAAATTGGAAAAACCAACGCAAAAAAAAAAAGACGCTAAATTGTTTATAAAGGCGAGGAATTTGTATCTATCAATTACTATTCCAGTTGTCAGTTTACATTGCTTACCCTCTATTATCACATCAAAACAATAACCGGCCA,ATGGTGAGCAAGGGCGAGGAGCTGTTCACCGGGGTGGTGCCCATCCTGGTC,test,RPL8A,6.16673872934386,-0.3139350414276123
RPL8A_1430,CCGACGCAAACAAATTGGAAAAACCAACGCAAAAAAAAAAAGACGCTAAATTGTTTATAAAGGCGAGGAATTTGTATCTATCAATTACTATTCCAGTTGTCAGTTTACATTGCTTACCCTCTATTATCACATCAAAACAATCACAGGCCA,ATGGTGAGCAAGGGCGAGGAGCTGTTCACCGGGGTGGTGCCCATCCTGGTC,test,RPL8A,5.91223393536854,-0.009446840733289719
RPL8A_1431,CCGACGCAAACAAATTGGAAAAACCAACGCAAAAAAAAAAAGACGCTAAATTGTTTATAAAGGCGAGGAATTTGTATCTATCAATTACTATTCCAGTTGTCAGTTTACATTGCTTACCCTCTATTATCACATCAAAACAACCCATCGCCA,ATGGTGAGCAAGGGCGAGGAGCTGTTCACCGGGGTGGTGCCCATCCTGGTC,test,RPL8A,5.66306251196928,-0.0201425738632679
RPL8A_1432,CCGACGCAAACAAATTGGAAAAACCAACGCAAAAAAAAAAAGACGCTAAATTGTTTATAAAGGCGAGGAATTTGTATCTATCAATTACTATTCCAGTTGTCAGTTTACATTGCTTACCCTCTATTATCACATCAAAACAAACCCCCGCCA,ATGGTGAGCAAGGGCGAGGAGCTGTTCACCGGGGTGGTGCCCATCCTGGTC,test,RPL8A,8.3936475502468,-0.10400629788637161
RPL8A_1433,CCGACGCAAACAAATTGGAAAAACCAACGCAAAAAAAAAAAGACGCTAAATTGTTTATAAAGGCGAGGAATTTGTATCTATCAATTACTATTCCAGTTGTCAGTTTACATTGCTTACCCTCTATTATCACATCAAAACAATTACCCGCCA,ATGGTGAGCAAGGGCGAGGAGCTGTTCACCGGGGTGGTGCCCATCCTGGTC,test,RPL8A,6.31353538284668,-0.11182040721178055
RPL8A_1434,CCGACGCAAACAAATTGGAAAAACCAACGCAAAAAAAAAAAGACGCTAAATTGTTTATAAAGGCGAGGAATTTGTATCTATCAATTACTATTCCAGTTGTCAGTTTACATTGCTTACCCTCTATTATCACATCAAAACAAGCCACCGCCA,ATGGTGAGCAAGGGCGAGGAGCTGTTCACCGGGGTGGTGCCCATCCTGGTC,test,RPL8A,6.37328092960006,-0.01902904361486435
RPL8A_1435,CCGACGCAAACAAATTGGAAAAACCAACGCAAAAAAAAAAAGACGCTAAATTGTTTATAAAGGCGAGGAATTTGTATCTATCAATTACTATTCCAGTTGTCAGTTTACATTGCTTACCCTCTATTATCACATCAAAACAAACACACGCCA,ATGGTGAGCAAGGGCGAGGAGCTGTTCACCGGGGTGGTGCCCATCCTGGTC,test,RPL8A,6.94355830787443,-0.38758277893066406
RPL8A_1436,CCGACGCAAACAAATTGGAAAAACCAACGCAAAAAAAAAAAGACGCTAAATTGTTTATAAAGGCGAGGAATTTGTATCTATCAATTACTATTCCAGTTGTCAGTTTACATTGCTTACCCTCTATTATCACATCAAAACAACAACACGCCA,ATGGTGAGCAAGGGCGAGGAGCTGTTCACCGGGGTGGTGCCCATCCTGGTC,test,RPL8A,5.84265466027452,-0.20805099606513977
RPL8A_1437,CCGACGCAAACAAATTGGAAAAACCAACGCAAAAAAAAAAAGACGCTAAATTGTTTATAAAGGCGAGGAATTTGTATCTATCAATTACTATTCCAGTTGTCAGTTTACATTGCTTACCCTCTATTATCACATCAAAACAACAAAACGCCA,ATGGTGAGCAAGGGCGAGGAGCTGTTCACCGGGGTGGTGCCCATCCTGGTC,test,RPL8A,8.28000922265709,-0.22021383047103882
RPL8A_1438,CCGACGCAAACAAATTGGAAAAACCAACGCAAAAAAAAAAAGACGCTAAATTGTTTATAAAGGCGAGGAATTTGTATCTATCAATTACTATTCCAGTTGTCAGTTTACATTGCTTACCCTCTATTATCACATCAAAACAACCATTAGCCA,ATGGTGAGCAAGGGCGAGGAGCTGTTCACCGGGGTGGTGCCCATCCTGGTC,test,RPL8A,4.08458652798919,-0.13622435927391052
RPL8A_1439,CCGACGCAAACAAATTGGAAAAACCAACGCAAAAAAAAAAAGACGCTAAATTGTTTATAAAGGCGAGGAATTTGTATCTATCAATTACTATTCCAGTTGTCAGTTTACATTGCTTACCCTCTATTATCACATCAAAACAAGAAAGAGCCA,ATGGTGAGCAAGGGCGAGGAGCTGTTCACCGGGGTGGTGCCCATCCTGGTC,test,RPL8A,8.90604740055635,-0.31147581338882446
RPL8A_1440,CCGACGCAAACAAATTGGAAAAACCAACGCAAAAAAAAAAAGACGCTAAATTGTTTATAAAGGCGAGGAATTTGTATCTATCAATTACTATTCCAGTTGTCAGTTTACATTGCTTACCCTCTATTATCACATCAAAACAACAAAGAGCCA,ATGGTGAGCAAGGGCGAGGAGCTGTTCACCGGGGTGGTGCCCATCCTGGTC,test,RPL8A,9.59853812925256,-0.0018745865672826767
RPL8A_1441,CCGACGCAAACAAATTGGAAAAACCAACGCAAAAAAAAAAAGACGCTAAATTGTTTATAAAGGCGAGGAATTTGTATCTATCAATTACTATTCCAGTTGTCAGTTTACATTGCTTACCCTCTATTATCACATCAAAACAACAGCAAGCCA,ATGGTGAGCAAGGGCGAGGAGCTGTTCACCGGGGTGGTGCCCATCCTGGTC,test,RPL8A,8.54952511853459,-0.42736756801605225
RPL8A_1442,CCGACGCAAACAAATTGGAAAAACCAACGCAAAAAAAAAAAGACGCTAAATTGTTTATAAAGGCGAGGAATTTGTATCTATCAATTACTATTCCAGTTGTCAGTTTACATTGCTTACCCTCTATTATCACATCAAAACAAACACAAGCCA,ATGGTGAGCAAGGGCGAGGAGCTGTTCACCGGGGTGGTGCCCATCCTGGTC,test,RPL8A,9.30755230865697,-0.44217854738235474
RPL8A_1443,CCGACGCAAACAAATTGGAAAAACCAACGCAAAAAAAAAAAGACGCTAAATTGTTTATAAAGGCGAGGAATTTGTATCTATCAATTACTATTCCAGTTGTCAGTTTACATTGCTTACCCTCTATTATCACATCAAAACAACAAAGTCCCA,ATGGTGAGCAAGGGCGAGGAGCTGTTCACCGGGGTGGTGCCCATCCTGGTC,test,RPL8A,12.4661992859937,-0.08389941602945328
RPL8A_1444,CCGACGCAAACAAATTGGAAAAACCAACGCAAAAAAAAAAAGACGCTAAATTGTTTATAAAGGCGAGGAATTTGTATCTATCAATTACTATTCCAGTTGTCAGTTTACATTGCTTACCCTCTATTATCACATCAAAACAAACCCCTCCCA,ATGGTGAGCAAGGGCGAGGAGCTGTTCACCGGGGTGGTGCCCATCCTGGTC,test,RPL8A,10.6654518065864,-0.06272345036268234
RPL8A_1445,CCGACGCAAACAAATTGGAAAAACCAACGCAAAAAAAAAAAGACGCTAAATTGTTTATAAAGGCGAGGAATTTGTATCTATCAATTACTATTCCAGTTGTCAGTTTACATTGCTTACCCTCTATTATCACATCAAAACAATCCCATCCCA,ATGGTGAGCAAGGGCGAGGAGCTGTTCACCGGGGTGGTGCCCATCCTGGTC,test,RPL8A,8.40749419392693,-0.07759318500757217
RPL8A_1446,CCGACGCAAACAAATTGGAAAAACCAACGCAAAAAAAAAAAGACGCTAAATTGTTTATAAAGGCGAGGAATTTGTATCTATCAATTACTATTCCAGTTGTCAGTTTACATTGCTTACCCTCTATTATCACATCAAAACAAGAACATCCCA,ATGGTGAGCAAGGGCGAGGAGCTGTTCACCGGGGTGGTGCCCATCCTGGTC,test,RPL8A,10.0320214965846,0.021311325952410698
RPL8A_1447,CCGACGCAAACAAATTGGAAAAACCAACGCAAAAAAAAAAAGACGCTAAATTGTTTATAAAGGCGAGGAATTTGTATCTATCAATTACTATTCCAGTTGTCAGTTTACATTGCTTACCCTCTATTATCACATCAAAACAAACAAATCCCA,ATGGTGAGCAAGGGCGAGGAGCTGTTCACCGGGGTGGTGCCCATCCTGGTC,test,RPL8A,11.6498935766279,-0.07090892642736435
RPL8A_1448,CCGACGCAAACAAATTGGAAAAACCAACGCAAAAAAAAAAAGACGCTAAATTGTTTATAAAGGCGAGGAATTTGTATCTATCAATTACTATTCCAGTTGTCAGTTTACATTGCTTACCCTCTATTATCACATCAAAACAAGAAAATCCCA,ATGGTGAGCAAGGGCGAGGAGCTGTTCACCGGGGTGGTGCCCATCCTGGTC,test,RPL8A,11.4050799227892,-0.157261461019516
RPL8A_1449,CCGACGCAAACAAATTGGAAAAACCAACGCAAAAAAAAAAAGACGCTAAATTGTTTATAAAGGCGAGGAATTTGTATCTATCAATTACTATTCCAGTTGTCAGTTTACATTGCTTACCCTCTATTATCACATCAAAACAACACTTGCCCA,ATGGTGAGCAAGGGCGAGGAGCTGTTCACCGGGGTGGTGCCCATCCTGGTC,test,RPL8A,9.28391582330528,-0.12274939566850662
RPL8A_1450,CCGACGCAAACAAATTGGAAAAACCAACGCAAAAAAAAAAAGACGCTAAATTGTTTATAAAGGCGAGGAATTTGTATCTATCAATTACTATTCCAGTTGTCAGTTTACATTGCTTACCCTCTATTATCACATCAAAACAAGACCTGCCCA,ATGGTGAGCAAGGGCGAGGAGCTGTTCACCGGGGTGGTGCCCATCCTGGTC,test,RPL8A,8.98059886509749,-0.07082512974739075
RPL8A_1451,CCGACGCAAACAAATTGGAAAAACCAACGCAAAAAAAAAAAGACGCTAAATTGTTTATAAAGGCGAGGAATTTGTATCTATCAATTACTATTCCAGTTGTCAGTTTACATTGCTTACCCTCTATTATCACATCAAAACAACACATGCCCA,ATGGTGAGCAAGGGCGAGGAGCTGTTCACCGGGGTGGTGCCCATCCTGGTC,test,RPL8A,7.52264569690725,-0.0826631411910057
RPL8A_1452,CCGACGCAAACAAATTGGAAAAACCAACGCAAAAAAAAAAAGACGCTAAATTGTTTATAAAGGCGAGGAATTTGTATCTATCAATTACTATTCCAGTTGTCAGTTTACATTGCTTACCCTCTATTATCACATCAAAACAATCCACGCCCA,ATGGTGAGCAAGGGCGAGGAGCTGTTCACCGGGGTGGTGCCCATCCTGGTC,test,RPL8A,9.8263332408416,-0.0764790028333664
RPL8A_1453,CCGACGCAAACAAATTGGAAAAACCAACGCAAAAAAAAAAAGACGCTAAATTGTTTATAAAGGCGAGGAATTTGTATCTATCAATTACTATTCCAGTTGTCAGTTTACATTGCTTACCCTCTATTATCACATCAAAACAACAGGAGCCCA,ATGGTGAGCAAGGGCGAGGAGCTGTTCACCGGGGTGGTGCCCATCCTGGTC,test,RPL8A,9.86725182583709,-0.18924430012702942
RPL8A_1454,CCGACGCAAACAAATTGGAAAAACCAACGCAAAAAAAAAAAGACGCTAAATTGTTTATAAAGGCGAGGAATTTGTATCTATCAATTACTATTCCAGTTGTCAGTTTACATTGCTTACCCTCTATTATCACATCAAAACAACCCGAGCCCA,ATGGTGAGCAAGGGCGAGGAGCTGTTCACCGGGGTGGTGCCCATCCTGGTC,test,RPL8A,10.1112947607452,-0.43195292353630066
RPL8A_1455,CCGACGCAAACAAATTGGAAAAACCAACGCAAAAAAAAAAAGACGCTAAATTGTTTATAAAGGCGAGGAATTTGTATCTATCAATTACTATTCCAGTTGTCAGTTTACATTGCTTACCCTCTATTATCACATCAAAACAACTTCAGCCCA,ATGGTGAGCAAGGGCGAGGAGCTGTTCACCGGGGTGGTGCCCATCCTGGTC,test,RPL8A,9.1435347034334,-0.056724391877651215
RPL8A_1456,CCGACGCAAACAAATTGGAAAAACCAACGCAAAAAAAAAAAGACGCTAAATTGTTTATAAAGGCGAGGAATTTGTATCTATCAATTACTATTCCAGTTGTCAGTTTACATTGCTTACCCTCTATTATCACATCAAAACAACAACAGCCCA,ATGGTGAGCAAGGGCGAGGAGCTGTTCACCGGGGTGGTGCCCATCCTGGTC,test,RPL8A,9.45295361377337,-0.15952926874160767
RPL8A_1457,CCGACGCAAACAAATTGGAAAAACCAACGCAAAAAAAAAAAGACGCTAAATTGTTTATAAAGGCGAGGAATTTGTATCTATCAATTACTATTCCAGTTGTCAGTTTACATTGCTTACCCTCTATTATCACATCAAAACAAAAGAAGCCCA,ATGGTGAGCAAGGGCGAGGAGCTGTTCACCGGGGTGGTGCCCATCCTGGTC,test,RPL8A,9.87208445565046,-0.1336345374584198
RPL8A_1458,CCGACGCAAACAAATTGGAAAAACCAACGCAAAAAAAAAAAGACGCTAAATTGTTTATAAAGGCGAGGAATTTGTATCTATCAATTACTATTCCAGTTGTCAGTTTACATTGCTTACCCTCTATTATCACATCAAAACAATAAAAGCCCA,ATGGTGAGCAAGGGCGAGGAGCTGTTCACCGGGGTGGTGCCCATCCTGGTC,test,RPL8A,11.3729003302465,-0.19486501812934875
RPL8A_1459,CCGACGCAAACAAATTGGAAAAACCAACGCAAAAAAAAAAAGACGCTAAATTGTTTATAAAGGCGAGGAATTTGTATCTATCAATTACTATTCCAGTTGTCAGTTTACATTGCTTACCCTCTATTATCACATCAAAACAACAAAAGCCCA,ATGGTGAGCAAGGGCGAGGAGCTGTTCACCGGGGTGGTGCCCATCCTGGTC,test,RPL8A,11.6139406563303,-0.2190432846546173
RPL8A_1460,CCGACGCAAACAAATTGGAAAAACCAACGCAAAAAAAAAAAGACGCTAAATTGTTTATAAAGGCGAGGAATTTGTATCTATCAATTACTATTCCAGTTGTCAGTTTACATTGCTTACCCTCTATTATCACATCAAAACAAAAAAAGCCCA,ATGGTGAGCAAGGGCGAGGAGCTGTTCACCGGGGTGGTGCCCATCCTGGTC,test,RPL8A,10.839874214362,-0.4358951449394226
RPL8A_1461,CCGACGCAAACAAATTGGAAAAACCAACGCAAAAAAAAAAAGACGCTAAATTGTTTATAAAGGCGAGGAATTTGTATCTATCAATTACTATTCCAGTTGTCAGTTTACATTGCTTACCCTCTATTATCACATCAAAACAACCCTGCCCCA,ATGGTGAGCAAGGGCGAGGAGCTGTTCACCGGGGTGGTGCCCATCCTGGTC,test,RPL8A,10.4542113913839,-0.12971875071525574
RPL8A_1462,CCGACGCAAACAAATTGGAAAAACCAACGCAAAAAAAAAAAGACGCTAAATTGTTTATAAAGGCGAGGAATTTGTATCTATCAATTACTATTCCAGTTGTCAGTTTACATTGCTTACCCTCTATTATCACATCAAAACAATATGGCCCCA,ATGGTGAGCAAGGGCGAGGAGCTGTTCACCGGGGTGGTGCCCATCCTGGTC,test,RPL8A,8.61512585940849,-0.0405183881521225
RPL8A_1463,CCGACGCAAACAAATTGGAAAAACCAACGCAAAAAAAAAAAGACGCTAAATTGTTTATAAAGGCGAGGAATTTGTATCTATCAATTACTATTCCAGTTGTCAGTTTACATTGCTTACCCTCTATTATCACATCAAAACAAATCAGCCCCA,ATGGTGAGCAAGGGCGAGGAGCTGTTCACCGGGGTGGTGCCCATCCTGGTC,test,RPL8A,10.7121045437786,-0.16357874870300293
RPL8A_1464,CCGACGCAAACAAATTGGAAAAACCAACGCAAAAAAAAAAAGACGCTAAATTGTTTATAAAGGCGAGGAATTTGTATCTATCAATTACTATTCCAGTTGTCAGTTTACATTGCTTACCCTCTATTATCACATCAAAACAAAGAAGCCCCA,ATGGTGAGCAAGGGCGAGGAGCTGTTCACCGGGGTGGTGCCCATCCTGGTC,test,RPL8A,11.3731174676339,-0.11970589309930801
RPL8A_1465,CCGACGCAAACAAATTGGAAAAACCAACGCAAAAAAAAAAAGACGCTAAATTGTTTATAAAGGCGAGGAATTTGTATCTATCAATTACTATTCCAGTTGTCAGTTTACATTGCTTACCCTCTATTATCACATCAAAACAATCACCCCCCA,ATGGTGAGCAAGGGCGAGGAGCTGTTCACCGGGGTGGTGCCCATCCTGGTC,test,RPL8A,7.61359247440747,-0.07526855170726776
RPL8A_1466,CCGACGCAAACAAATTGGAAAAACCAACGCAAAAAAAAAAAGACGCTAAATTGTTTATAAAGGCGAGGAATTTGTATCTATCAATTACTATTCCAGTTGTCAGTTTACATTGCTTACCCTCTATTATCACATCAAAACAAAAACCCCCCA,ATGGTGAGCAAGGGCGAGGAGCTGTTCACCGGGGTGGTGCCCATCCTGGTC,test,RPL8A,10.7116727267414,-0.13751977682113647
RPL8A_1467,CCGACGCAAACAAATTGGAAAAACCAACGCAAAAAAAAAAAGACGCTAAATTGTTTATAAAGGCGAGGAATTTGTATCTATCAATTACTATTCCAGTTGTCAGTTTACATTGCTTACCCTCTATTATCACATCAAAACAACTGACCCCCA,ATGGTGAGCAAGGGCGAGGAGCTGTTCACCGGGGTGGTGCCCATCCTGGTC,test,RPL8A,9.85219719407618,-0.031068727374076843
RPL8A_1468,CCGACGCAAACAAATTGGAAAAACCAACGCAAAAAAAAAAAGACGCTAAATTGTTTATAAAGGCGAGGAATTTGTATCTATCAATTACTATTCCAGTTGTCAGTTTACATTGCTTACCCTCTATTATCACATCAAAACAACACACCCCCA,ATGGTGAGCAAGGGCGAGGAGCTGTTCACCGGGGTGGTGCCCATCCTGGTC,test,RPL8A,7.47818196230279,-0.07682687789201736
RPL8A_1469,CCGACGCAAACAAATTGGAAAAACCAACGCAAAAAAAAAAAGACGCTAAATTGTTTATAAAGGCGAGGAATTTGTATCTATCAATTACTATTCCAGTTGTCAGTTTACATTGCTTACCCTCTATTATCACATCAAAACAAACAGACCCCA,ATGGTGAGCAAGGGCGAGGAGCTGTTCACCGGGGTGGTGCCCATCCTGGTC,test,RPL8A,10.2046320335157,-0.19772550463676453
RPL8A_1470,CCGACGCAAACAAATTGGAAAAACCAACGCAAAAAAAAAAAGACGCTAAATTGTTTATAAAGGCGAGGAATTTGTATCTATCAATTACTATTCCAGTTGTCAGTTTACATTGCTTACCCTCTATTATCACATCAAAACAAAGCCACCCCA,ATGGTGAGCAAGGGCGAGGAGCTGTTCACCGGGGTGGTGCCCATCCTGGTC,test,RPL8A,8.83824971442956,-0.04967479407787323
RPL8A_1471,CCGACGCAAACAAATTGGAAAAACCAACGCAAAAAAAAAAAGACGCTAAATTGTTTATAAAGGCGAGGAATTTGTATCTATCAATTACTATTCCAGTTGTCAGTTTACATTGCTTACCCTCTATTATCACATCAAAACAACCCCACCCCA,ATGGTGAGCAAGGGCGAGGAGCTGTTCACCGGGGTGGTGCCCATCCTGGTC,test,RPL8A,8.26230252390397,-0.13685128092765808
RPL8A_1472,CCGACGCAAACAAATTGGAAAAACCAACGCAAAAAAAAAAAGACGCTAAATTGTTTATAAAGGCGAGGAATTTGTATCTATCAATTACTATTCCAGTTGTCAGTTTACATTGCTTACCCTCTATTATCACATCAAAACAAAACAACCCCA,ATGGTGAGCAAGGGCGAGGAGCTGTTCACCGGGGTGGTGCCCATCCTGGTC,test,RPL8A,8.45807600341368,-0.05971462279558182
RPL8A_1473,CCGACGCAAACAAATTGGAAAAACCAACGCAAAAAAAAAAAGACGCTAAATTGTTTATAAAGGCGAGGAATTTGTATCTATCAATTACTATTCCAGTTGTCAGTTTACATTGCTTACCCTCTATTATCACATCAAAACAATAAAACCCCA,ATGGTGAGCAAGGGCGAGGAGCTGTTCACCGGGGTGGTGCCCATCCTGGTC,test,RPL8A,10.6091352311291,-0.13884887099266052
RPL8A_1474,CCGACGCAAACAAATTGGAAAAACCAACGCAAAAAAAAAAAGACGCTAAATTGTTTATAAAGGCGAGGAATTTGTATCTATCAATTACTATTCCAGTTGTCAGTTTACATTGCTTACCCTCTATTATCACATCAAAACAACCAGTACCCA,ATGGTGAGCAAGGGCGAGGAGCTGTTCACCGGGGTGGTGCCCATCCTGGTC,test,RPL8A,9.86305500274539,-0.1952919065952301
RPL8A_1475,CCGACGCAAACAAATTGGAAAAACCAACGCAAAAAAAAAAAGACGCTAAATTGTTTATAAAGGCGAGGAATTTGTATCTATCAATTACTATTCCAGTTGTCAGTTTACATTGCTTACCCTCTATTATCACATCAAAACAAGCACTACCCA,ATGGTGAGCAAGGGCGAGGAGCTGTTCACCGGGGTGGTGCCCATCCTGGTC,test,RPL8A,10.9447614594012,-0.14256051182746887
RPL8A_1476,CCGACGCAAACAAATTGGAAAAACCAACGCAAAAAAAAAAAGACGCTAAATTGTTTATAAAGGCGAGGAATTTGTATCTATCAATTACTATTCCAGTTGTCAGTTTACATTGCTTACCCTCTATTATCACATCAAAACAACAAATACCCA,ATGGTGAGCAAGGGCGAGGAGCTGTTCACCGGGGTGGTGCCCATCCTGGTC,test,RPL8A,10.7310994382024,-0.1834130883216858
RPL8A_1477,CCGACGCAAACAAATTGGAAAAACCAACGCAAAAAAAAAAAGACGCTAAATTGTTTATAAAGGCGAGGAATTTGTATCTATCAATTACTATTCCAGTTGTCAGTTTACATTGCTTACCCTCTATTATCACATCAAAACAACCCCGACCCA,ATGGTGAGCAAGGGCGAGGAGCTGTTCACCGGGGTGGTGCCCATCCTGGTC,test,RPL8A,8.78281221013519,-0.4542731046676636
RPL8A_1478,CCGACGCAAACAAATTGGAAAAACCAACGCAAAAAAAAAAAGACGCTAAATTGTTTATAAAGGCGAGGAATTTGTATCTATCAATTACTATTCCAGTTGTCAGTTTACATTGCTTACCCTCTATTATCACATCAAAACAAAACCGACCCA,ATGGTGAGCAAGGGCGAGGAGCTGTTCACCGGGGTGGTGCCCATCCTGGTC,test,RPL8A,9.84301330484824,-0.45871132612228394
RPL8A_1479,CCGACGCAAACAAATTGGAAAAACCAACGCAAAAAAAAAAAGACGCTAAATTGTTTATAAAGGCGAGGAATTTGTATCTATCAATTACTATTCCAGTTGTCAGTTTACATTGCTTACCCTCTATTATCACATCAAAACAAGGACGACCCA,ATGGTGAGCAAGGGCGAGGAGCTGTTCACCGGGGTGGTGCCCATCCTGGTC,test,RPL8A,2.91946183320813,-0.14879339933395386
RPL8A_1480,CCGACGCAAACAAATTGGAAAAACCAACGCAAAAAAAAAAAGACGCTAAATTGTTTATAAAGGCGAGGAATTTGTATCTATCAATTACTATTCCAGTTGTCAGTTTACATTGCTTACCCTCTATTATCACATCAAAACAACCAAGACCCA,ATGGTGAGCAAGGGCGAGGAGCTGTTCACCGGGGTGGTGCCCATCCTGGTC,test,RPL8A,6.81975045312974,-0.4864846467971802
RPL8A_1481,CCGACGCAAACAAATTGGAAAAACCAACGCAAAAAAAAAAAGACGCTAAATTGTTTATAAAGGCGAGGAATTTGTATCTATCAATTACTATTCCAGTTGTCAGTTTACATTGCTTACCCTCTATTATCACATCAAAACAAACAGCACCCA,ATGGTGAGCAAGGGCGAGGAGCTGTTCACCGGGGTGGTGCCCATCCTGGTC,test,RPL8A,3.64868058587173,-0.39455747604370117
RPL8A_1482,CCGACGCAAACAAATTGGAAAAACCAACGCAAAAAAAAAAAGACGCTAAATTGTTTATAAAGGCGAGGAATTTGTATCTATCAATTACTATTCCAGTTGTCAGTTTACATTGCTTACCCTCTATTATCACATCAAAACAAAGCCCACCCA,ATGGTGAGCAAGGGCGAGGAGCTGTTCACCGGGGTGGTGCCCATCCTGGTC,test,RPL8A,9.21142031244182,-0.15681082010269165
RPL8A_1483,CCGACGCAAACAAATTGGAAAAACCAACGCAAAAAAAAAAAGACGCTAAATTGTTTATAAAGGCGAGGAATTTGTATCTATCAATTACTATTCCAGTTGTCAGTTTACATTGCTTACCCTCTATTATCACATCAAAACAACATACACCCA,ATGGTGAGCAAGGGCGAGGAGCTGTTCACCGGGGTGGTGCCCATCCTGGTC,test,RPL8A,7.2318611097144,-0.10573569685220718
RPL8A_1484,CCGACGCAAACAAATTGGAAAAACCAACGCAAAAAAAAAAAGACGCTAAATTGTTTATAAAGGCGAGGAATTTGTATCTATCAATTACTATTCCAGTTGTCAGTTTACATTGCTTACCCTCTATTATCACATCAAAACAAAGCTAACCCA,ATGGTGAGCAAGGGCGAGGAGCTGTTCACCGGGGTGGTGCCCATCCTGGTC,test,RPL8A,9.68837620000077,-0.34267741441726685
RPL8A_1485,CCGACGCAAACAAATTGGAAAAACCAACGCAAAAAAAAAAAGACGCTAAATTGTTTATAAAGGCGAGGAATTTGTATCTATCAATTACTATTCCAGTTGTCAGTTTACATTGCTTACCCTCTATTATCACATCAAAACAAACATAACCCA,ATGGTGAGCAAGGGCGAGGAGCTGTTCACCGGGGTGGTGCCCATCCTGGTC,test,RPL8A,10.0159132726957,-0.24010741710662842
RPL8A_1486,CCGACGCAAACAAATTGGAAAAACCAACGCAAAAAAAAAAAGACGCTAAATTGTTTATAAAGGCGAGGAATTTGTATCTATCAATTACTATTCCAGTTGTCAGTTTACATTGCTTACCCTCTATTATCACATCAAAACAATCCGAACCCA,ATGGTGAGCAAGGGCGAGGAGCTGTTCACCGGGGTGGTGCCCATCCTGGTC,test,RPL8A,10.3268459587546,-0.2981316149234772
RPL8A_1487,CCGACGCAAACAAATTGGAAAAACCAACGCAAAAAAAAAAAGACGCTAAATTGTTTATAAAGGCGAGGAATTTGTATCTATCAATTACTATTCCAGTTGTCAGTTTACATTGCTTACCCTCTATTATCACATCAAAACAAAACGAACCCA,ATGGTGAGCAAGGGCGAGGAGCTGTTCACCGGGGTGGTGCCCATCCTGGTC,test,RPL8A,10.3042267403569,-0.2962636947631836
RPL8A_1488,CCGACGCAAACAAATTGGAAAAACCAACGCAAAAAAAAAAAGACGCTAAATTGTTTATAAAGGCGAGGAATTTGTATCTATCAATTACTATTCCAGTTGTCAGTTTACATTGCTTACCCTCTATTATCACATCAAAACAAGTAGAACCCA,ATGGTGAGCAAGGGCGAGGAGCTGTTCACCGGGGTGGTGCCCATCCTGGTC,test,RPL8A,11.010876602711,-0.06467894464731216
RPL8A_1489,CCGACGCAAACAAATTGGAAAAACCAACGCAAAAAAAAAAAGACGCTAAATTGTTTATAAAGGCGAGGAATTTGTATCTATCAATTACTATTCCAGTTGTCAGTTTACATTGCTTACCCTCTATTATCACATCAAAACAATCAGAACCCA,ATGGTGAGCAAGGGCGAGGAGCTGTTCACCGGGGTGGTGCCCATCCTGGTC,test,RPL8A,6.60343274290608,-0.28204724192619324
RPL8A_1490,CCGACGCAAACAAATTGGAAAAACCAACGCAAAAAAAAAAAGACGCTAAATTGTTTATAAAGGCGAGGAATTTGTATCTATCAATTACTATTCCAGTTGTCAGTTTACATTGCTTACCCTCTATTATCACATCAAAACAATAAGAACCCA,ATGGTGAGCAAGGGCGAGGAGCTGTTCACCGGGGTGGTGCCCATCCTGGTC,test,RPL8A,10.5682655864309,-0.19201001524925232
RPL8A_1491,CCGACGCAAACAAATTGGAAAAACCAACGCAAAAAAAAAAAGACGCTAAATTGTTTATAAAGGCGAGGAATTTGTATCTATCAATTACTATTCCAGTTGTCAGTTTACATTGCTTACCCTCTATTATCACATCAAAACAACCCCAACCCA,ATGGTGAGCAAGGGCGAGGAGCTGTTCACCGGGGTGGTGCCCATCCTGGTC,test,RPL8A,8.27751959460371,-0.2825060188770294
RPL8A_1492,CCGACGCAAACAAATTGGAAAAACCAACGCAAAAAAAAAAAGACGCTAAATTGTTTATAAAGGCGAGGAATTTGTATCTATCAATTACTATTCCAGTTGTCAGTTTACATTGCTTACCCTCTATTATCACATCAAAACAAAATAAACCCA,ATGGTGAGCAAGGGCGAGGAGCTGTTCACCGGGGTGGTGCCCATCCTGGTC,test,RPL8A,10.7622309451144,-0.2400074601173401
RPL8A_1493,CCGACGCAAACAAATTGGAAAAACCAACGCAAAAAAAAAAAGACGCTAAATTGTTTATAAAGGCGAGGAATTTGTATCTATCAATTACTATTCCAGTTGTCAGTTTACATTGCTTACCCTCTATTATCACATCAAAACAACACAAACCCA,ATGGTGAGCAAGGGCGAGGAGCTGTTCACCGGGGTGGTGCCCATCCTGGTC,test,RPL8A,9.88318427906999,-0.33956432342529297
RPL8A_1494,CCGACGCAAACAAATTGGAAAAACCAACGCAAAAAAAAAAAGACGCTAAATTGTTTATAAAGGCGAGGAATTTGTATCTATCAATTACTATTCCAGTTGTCAGTTTACATTGCTTACCCTCTATTATCACATCAAAACAACGAAAACCCA,ATGGTGAGCAAGGGCGAGGAGCTGTTCACCGGGGTGGTGCCCATCCTGGTC,test,RPL8A,10.3445693574081,-0.0393681600689888
RPL8A_1495,CCGACGCAAACAAATTGGAAAAACCAACGCAAAAAAAAAAAGACGCTAAATTGTTTATAAAGGCGAGGAATTTGTATCTATCAATTACTATTCCAGTTGTCAGTTTACATTGCTTACCCTCTATTATCACATCAAAACAACCATATACCA,ATGGTGAGCAAGGGCGAGGAGCTGTTCACCGGGGTGGTGCCCATCCTGGTC,test,RPL8A,7.54018221374212,-0.12893149256706238
RPL8A_1496,CCGACGCAAACAAATTGGAAAAACCAACGCAAAAAAAAAAAGACGCTAAATTGTTTATAAAGGCGAGGAATTTGTATCTATCAATTACTATTCCAGTTGTCAGTTTACATTGCTTACCCTCTATTATCACATCAAAACAAAACCATACCA,ATGGTGAGCAAGGGCGAGGAGCTGTTCACCGGGGTGGTGCCCATCCTGGTC,test,RPL8A,9.04071883830798,-0.08280163258314133
RPL8A_1497,CCGACGCAAACAAATTGGAAAAACCAACGCAAAAAAAAAAAGACGCTAAATTGTTTATAAAGGCGAGGAATTTGTATCTATCAATTACTATTCCAGTTGTCAGTTTACATTGCTTACCCTCTATTATCACATCAAAACAACCAATGACCA,ATGGTGAGCAAGGGCGAGGAGCTGTTCACCGGGGTGGTGCCCATCCTGGTC,test,RPL8A,2.6544498161576,-0.046973682940006256
RPL8A_1498,CCGACGCAAACAAATTGGAAAAACCAACGCAAAAAAAAAAAGACGCTAAATTGTTTATAAAGGCGAGGAATTTGTATCTATCAATTACTATTCCAGTTGTCAGTTTACATTGCTTACCCTCTATTATCACATCAAAACAATCAGGGACCA,ATGGTGAGCAAGGGCGAGGAGCTGTTCACCGGGGTGGTGCCCATCCTGGTC,test,RPL8A,4.98874956744821,-0.19231969118118286
RPL8A_1499,CCGACGCAAACAAATTGGAAAAACCAACGCAAAAAAAAAAAGACGCTAAATTGTTTATAAAGGCGAGGAATTTGTATCTATCAATTACTATTCCAGTTGTCAGTTTACATTGCTTACCCTCTATTATCACATCAAAACAATAAGGGACCA,ATGGTGAGCAAGGGCGAGGAGCTGTTCACCGGGGTGGTGCCCATCCTGGTC,test,RPL8A,5.38567861097298,-0.20942705869674683
RPL8A_1500,CCGACGCAAACAAATTGGAAAAACCAACGCAAAAAAAAAAAGACGCTAAATTGTTTATAAAGGCGAGGAATTTGTATCTATCAATTACTATTCCAGTTGTCAGTTTACATTGCTTACCCTCTATTATCACATCAAAACAAAACCGGACCA,ATGGTGAGCAAGGGCGAGGAGCTGTTCACCGGGGTGGTGCCCATCCTGGTC,test,RPL8A,7.4985824373277,-0.3772326409816742
RPL8A_1501,CCGACGCAAACAAATTGGAAAAACCAACGCAAAAAAAAAAAGACGCTAAATTGTTTATAAAGGCGAGGAATTTGTATCTATCAATTACTATTCCAGTTGTCAGTTTACATTGCTTACCCTCTATTATCACATCAAAACAAGCATCGACCA,ATGGTGAGCAAGGGCGAGGAGCTGTTCACCGGGGTGGTGCCCATCCTGGTC,test,RPL8A,7.72285099694434,-0.06087310612201691
RPL8A_1502,CCGACGCAAACAAATTGGAAAAACCAACGCAAAAAAAAAAAGACGCTAAATTGTTTATAAAGGCGAGGAATTTGTATCTATCAATTACTATTCCAGTTGTCAGTTTACATTGCTTACCCTCTATTATCACATCAAAACAAGGACCGACCA,ATGGTGAGCAAGGGCGAGGAGCTGTTCACCGGGGTGGTGCCCATCCTGGTC,test,RPL8A,5.40062504483447,-0.21938061714172363
RPL8A_1503,CCGACGCAAACAAATTGGAAAAACCAACGCAAAAAAAAAAAGACGCTAAATTGTTTATAAAGGCGAGGAATTTGTATCTATCAATTACTATTCCAGTTGTCAGTTTACATTGCTTACCCTCTATTATCACATCAAAACAATATACGACCA,ATGGTGAGCAAGGGCGAGGAGCTGTTCACCGGGGTGGTGCCCATCCTGGTC,test,RPL8A,9.61564507386053,0.016698282212018967
RPL8A_1504,CCGACGCAAACAAATTGGAAAAACCAACGCAAAAAAAAAAAGACGCTAAATTGTTTATAAAGGCGAGGAATTTGTATCTATCAATTACTATTCCAGTTGTCAGTTTACATTGCTTACCCTCTATTATCACATCAAAACAAAAGACGACCA,ATGGTGAGCAAGGGCGAGGAGCTGTTCACCGGGGTGGTGCCCATCCTGGTC,test,RPL8A,6.63939438390913,-0.09704150259494781
RPL8A_1505,CCGACGCAAACAAATTGGAAAAACCAACGCAAAAAAAAAAAGACGCTAAATTGTTTATAAAGGCGAGGAATTTGTATCTATCAATTACTATTCCAGTTGTCAGTTTACATTGCTTACCCTCTATTATCACATCAAAACAAGAGTTCACCA,ATGGTGAGCAAGGGCGAGGAGCTGTTCACCGGGGTGGTGCCCATCCTGGTC,test,RPL8A,7.49330396943073,0.0280402023345232
RPL8A_1506,CCGACGCAAACAAATTGGAAAAACCAACGCAAAAAAAAAAAGACGCTAAATTGTTTATAAAGGCGAGGAATTTGTATCTATCAATTACTATTCCAGTTGTCAGTTTACATTGCTTACCCTCTATTATCACATCAAAACAACACCTCACCA,ATGGTGAGCAAGGGCGAGGAGCTGTTCACCGGGGTGGTGCCCATCCTGGTC,test,RPL8A,3.98698646702855,-0.04898664355278015
RPL8A_1507,CCGACGCAAACAAATTGGAAAAACCAACGCAAAAAAAAAAAGACGCTAAATTGTTTATAAAGGCGAGGAATTTGTATCTATCAATTACTATTCCAGTTGTCAGTTTACATTGCTTACCCTCTATTATCACATCAAAACAAAAGGGCACCA,ATGGTGAGCAAGGGCGAGGAGCTGTTCACCGGGGTGGTGCCCATCCTGGTC,test,RPL8A,5.34638729931038,-0.37448224425315857
RPL8A_1508,CCGACGCAAACAAATTGGAAAAACCAACGCAAAAAAAAAAAGACGCTAAATTGTTTATAAAGGCGAGGAATTTGTATCTATCAATTACTATTCCAGTTGTCAGTTTACATTGCTTACCCTCTATTATCACATCAAAACAAAAAAGCACCA,ATGGTGAGCAAGGGCGAGGAGCTGTTCACCGGGGTGGTGCCCATCCTGGTC,test,RPL8A,9.34601988152663,-0.39191263914108276
RPL8A_1509,CCGACGCAAACAAATTGGAAAAACCAACGCAAAAAAAAAAAGACGCTAAATTGTTTATAAAGGCGAGGAATTTGTATCTATCAATTACTATTCCAGTTGTCAGTTTACATTGCTTACCCTCTATTATCACATCAAAACAAAGGTCCACCA,ATGGTGAGCAAGGGCGAGGAGCTGTTCACCGGGGTGGTGCCCATCCTGGTC,test,RPL8A,6.11759967123561,0.007745407521724701
RPL8A_1510,CCGACGCAAACAAATTGGAAAAACCAACGCAAAAAAAAAAAGACGCTAAATTGTTTATAAAGGCGAGGAATTTGTATCTATCAATTACTATTCCAGTTGTCAGTTTACATTGCTTACCCTCTATTATCACATCAAAACAAAACCCCACCA,ATGGTGAGCAAGGGCGAGGAGCTGTTCACCGGGGTGGTGCCCATCCTGGTC,test,RPL8A,4.69282725461621,-0.07462642341852188
RPL8A_1511,CCGACGCAAACAAATTGGAAAAACCAACGCAAAAAAAAAAAGACGCTAAATTGTTTATAAAGGCGAGGAATTTGTATCTATCAATTACTATTCCAGTTGTCAGTTTACATTGCTTACCCTCTATTATCACATCAAAACAAACACCCACCA,ATGGTGAGCAAGGGCGAGGAGCTGTTCACCGGGGTGGTGCCCATCCTGGTC,test,RPL8A,6.61350725949267,-0.05128519982099533
RPL8A_1512,CCGACGCAAACAAATTGGAAAAACCAACGCAAAAAAAAAAAGACGCTAAATTGTTTATAAAGGCGAGGAATTTGTATCTATCAATTACTATTCCAGTTGTCAGTTTACATTGCTTACCCTCTATTATCACATCAAAACAACATACCACCA,ATGGTGAGCAAGGGCGAGGAGCTGTTCACCGGGGTGGTGCCCATCCTGGTC,test,RPL8A,7.62643964337416,0.00029372796416282654
RPL8A_1513,CCGACGCAAACAAATTGGAAAAACCAACGCAAAAAAAAAAAGACGCTAAATTGTTTATAAAGGCGAGGAATTTGTATCTATCAATTACTATTCCAGTTGTCAGTTTACATTGCTTACCCTCTATTATCACATCAAAACAACAACTAACCA,ATGGTGAGCAAGGGCGAGGAGCTGTTCACCGGGGTGGTGCCCATCCTGGTC,test,RPL8A,8.05240951615595,0.013517525047063828
RPL8A_1514,CCGACGCAAACAAATTGGAAAAACCAACGCAAAAAAAAAAAGACGCTAAATTGTTTATAAAGGCGAGGAATTTGTATCTATCAATTACTATTCCAGTTGTCAGTTTACATTGCTTACCCTCTATTATCACATCAAAACAACCCCGAACCA,ATGGTGAGCAAGGGCGAGGAGCTGTTCACCGGGGTGGTGCCCATCCTGGTC,test,RPL8A,9.41334482665566,-0.216891348361969
RPL8A_1515,CCGACGCAAACAAATTGGAAAAACCAACGCAAAAAAAAAAAGACGCTAAATTGTTTATAAAGGCGAGGAATTTGTATCTATCAATTACTATTCCAGTTGTCAGTTTACATTGCTTACCCTCTATTATCACATCAAAACAAAACCGAACCA,ATGGTGAGCAAGGGCGAGGAGCTGTTCACCGGGGTGGTGCCCATCCTGGTC,test,RPL8A,9.84376238323206,-0.4524511694908142
RPL8A_1516,CCGACGCAAACAAATTGGAAAAACCAACGCAAAAAAAAAAAGACGCTAAATTGTTTATAAAGGCGAGGAATTTGTATCTATCAATTACTATTCCAGTTGTCAGTTTACATTGCTTACCCTCTATTATCACATCAAAACAACCACGAACCA,ATGGTGAGCAAGGGCGAGGAGCTGTTCACCGGGGTGGTGCCCATCCTGGTC,test,RPL8A,9.00464576580769,-0.1029796376824379
RPL8A_1517,CCGACGCAAACAAATTGGAAAAACCAACGCAAAAAAAAAAAGACGCTAAATTGTTTATAAAGGCGAGGAATTTGTATCTATCAATTACTATTCCAGTTGTCAGTTTACATTGCTTACCCTCTATTATCACATCAAAACAAGAACGAACCA,ATGGTGAGCAAGGGCGAGGAGCTGTTCACCGGGGTGGTGCCCATCCTGGTC,test,RPL8A,10.8455059414304,-0.05761435627937317
RPL8A_1518,CCGACGCAAACAAATTGGAAAAACCAACGCAAAAAAAAAAAGACGCTAAATTGTTTATAAAGGCGAGGAATTTGTATCTATCAATTACTATTCCAGTTGTCAGTTTACATTGCTTACCCTCTATTATCACATCAAAACAACACTCAACCA,ATGGTGAGCAAGGGCGAGGAGCTGTTCACCGGGGTGGTGCCCATCCTGGTC,test,RPL8A,7.31733243476437,-0.08818407356739044
RPL8A_1519,CCGACGCAAACAAATTGGAAAAACCAACGCAAAAAAAAAAAGACGCTAAATTGTTTATAAAGGCGAGGAATTTGTATCTATCAATTACTATTCCAGTTGTCAGTTTACATTGCTTACCCTCTATTATCACATCAAAACAACAGCCAACCA,ATGGTGAGCAAGGGCGAGGAGCTGTTCACCGGGGTGGTGCCCATCCTGGTC,test,RPL8A,7.96380256247246,-0.11613074690103531
RPL8A_1520,CCGACGCAAACAAATTGGAAAAACCAACGCAAAAAAAAAAAGACGCTAAATTGTTTATAAAGGCGAGGAATTTGTATCTATCAATTACTATTCCAGTTGTCAGTTTACATTGCTTACCCTCTATTATCACATCAAAACAAATCCCAACCA,ATGGTGAGCAAGGGCGAGGAGCTGTTCACCGGGGTGGTGCCCATCCTGGTC,test,RPL8A,8.87364203583513,-0.2115088701248169
RPL8A_1521,CCGACGCAAACAAATTGGAAAAACCAACGCAAAAAAAAAAAGACGCTAAATTGTTTATAAAGGCGAGGAATTTGTATCTATCAATTACTATTCCAGTTGTCAGTTTACATTGCTTACCCTCTATTATCACATCAAAACAACCACCAACCA,ATGGTGAGCAAGGGCGAGGAGCTGTTCACCGGGGTGGTGCCCATCCTGGTC,test,RPL8A,5.18836326675862,-0.1365867257118225
RPL8A_1522,CCGACGCAAACAAATTGGAAAAACCAACGCAAAAAAAAAAAGACGCTAAATTGTTTATAAAGGCGAGGAATTTGTATCTATCAATTACTATTCCAGTTGTCAGTTTACATTGCTTACCCTCTATTATCACATCAAAACAAATTACAACCA,ATGGTGAGCAAGGGCGAGGAGCTGTTCACCGGGGTGGTGCCCATCCTGGTC,test,RPL8A,8.67834431513149,-0.008648797869682312
RPL8A_1523,CCGACGCAAACAAATTGGAAAAACCAACGCAAAAAAAAAAAGACGCTAAATTGTTTATAAAGGCGAGGAATTTGTATCTATCAATTACTATTCCAGTTGTCAGTTTACATTGCTTACCCTCTATTATCACATCAAAACAACATACAACCA,ATGGTGAGCAAGGGCGAGGAGCTGTTCACCGGGGTGGTGCCCATCCTGGTC,test,RPL8A,7.72024167120627,0.12782081961631775
RPL8A_1524,CCGACGCAAACAAATTGGAAAAACCAACGCAAAAAAAAAAAGACGCTAAATTGTTTATAAAGGCGAGGAATTTGTATCTATCAATTACTATTCCAGTTGTCAGTTTACATTGCTTACCCTCTATTATCACATCAAAACAACGCGAAACCA,ATGGTGAGCAAGGGCGAGGAGCTGTTCACCGGGGTGGTGCCCATCCTGGTC,test,RPL8A,9.79994547247951,-0.39868539571762085
RPL8A_1525,CCGACGCAAACAAATTGGAAAAACCAACGCAAAAAAAAAAAGACGCTAAATTGTTTATAAAGGCGAGGAATTTGTATCTATCAATTACTATTCCAGTTGTCAGTTTACATTGCTTACCCTCTATTATCACATCAAAACAAACCGAAACCA,ATGGTGAGCAAGGGCGAGGAGCTGTTCACCGGGGTGGTGCCCATCCTGGTC,test,RPL8A,9.16705344743932,-0.4249693751335144
RPL8A_1526,CCGACGCAAACAAATTGGAAAAACCAACGCAAAAAAAAAAAGACGCTAAATTGTTTATAAAGGCGAGGAATTTGTATCTATCAATTACTATTCCAGTTGTCAGTTTACATTGCTTACCCTCTATTATCACATCAAAACAACATCAAACCA,ATGGTGAGCAAGGGCGAGGAGCTGTTCACCGGGGTGGTGCCCATCCTGGTC,test,RPL8A,7.67683624076916,-0.011814214289188385
RPL8A_1527,CCGACGCAAACAAATTGGAAAAACCAACGCAAAAAAAAAAAGACGCTAAATTGTTTATAAAGGCGAGGAATTTGTATCTATCAATTACTATTCCAGTTGTCAGTTTACATTGCTTACCCTCTATTATCACATCAAAACAACCCAAAACCA,ATGGTGAGCAAGGGCGAGGAGCTGTTCACCGGGGTGGTGCCCATCCTGGTC,test,RPL8A,8.80130811389281,-0.15981236100196838
RPL8A_1528,CCGACGCAAACAAATTGGAAAAACCAACGCAAAAAAAAAAAGACGCTAAATTGTTTATAAAGGCGAGGAATTTGTATCTATCAATTACTATTCCAGTTGTCAGTTTACATTGCTTACCCTCTATTATCACATCAAAACAAACAAAAACCA,ATGGTGAGCAAGGGCGAGGAGCTGTTCACCGGGGTGGTGCCCATCCTGGTC,test,RPL8A,10.2701149139872,-0.19357016682624817
RPL8A_1529,CCGACGCAAACAAATTGGAAAAACCAACGCAAAAAAAAAAAGACGCTAAATTGTTTATAAAGGCGAGGAATTTGTATCTATCAATTACTATTCCAGTTGTCAGTTTACATTGCTTACCCTCTATTATCACATCAAAACAACAAAAAACCA,ATGGTGAGCAAGGGCGAGGAGCTGTTCACCGGGGTGGTGCCCATCCTGGTC,test,RPL8A,10.0416703721617,-0.15897560119628906
RPL8A_1530,CCGACGCAAACAAATTGGAAAAACCAACGCAAAAAAAAAAAGACGCTAAATTGTTTATAAAGGCGAGGAATTTGTATCTATCAATTACTATTCCAGTTGTCAGTTTACATTGCTTACCCTCTATTATCACATCAAAACAACAAATTTACA,ATGGTGAGCAAGGGCGAGGAGCTGTTCACCGGGGTGGTGCCCATCCTGGTC,test,RPL8A,11.6270073841567,0.03057488426566124
RPL8A_1531,CCGACGCAAACAAATTGGAAAAACCAACGCAAAAAAAAAAAGACGCTAAATTGTTTATAAAGGCGAGGAATTTGTATCTATCAATTACTATTCCAGTTGTCAGTTTACATTGCTTACCCTCTATTATCACATCAAAACAACGCAATTACA,ATGGTGAGCAAGGGCGAGGAGCTGTTCACCGGGGTGGTGCCCATCCTGGTC,test,RPL8A,10.5312566552595,-0.0543784499168396
RPL8A_1532,CCGACGCAAACAAATTGGAAAAACCAACGCAAAAAAAAAAAGACGCTAAATTGTTTATAAAGGCGAGGAATTTGTATCTATCAATTACTATTCCAGTTGTCAGTTTACATTGCTTACCCTCTATTATCACATCAAAACAAGCCTTGTACA,ATGGTGAGCAAGGGCGAGGAGCTGTTCACCGGGGTGGTGCCCATCCTGGTC,test,RPL8A,8.74240828096643,0.034688666462898254
RPL8A_1533,CCGACGCAAACAAATTGGAAAAACCAACGCAAAAAAAAAAAGACGCTAAATTGTTTATAAAGGCGAGGAATTTGTATCTATCAATTACTATTCCAGTTGTCAGTTTACATTGCTTACCCTCTATTATCACATCAAAACAACATTCGTACA,ATGGTGAGCAAGGGCGAGGAGCTGTTCACCGGGGTGGTGCCCATCCTGGTC,test,RPL8A,10.6568839712088,-0.017577268183231354
RPL8A_1534,CCGACGCAAACAAATTGGAAAAACCAACGCAAAAAAAAAAAGACGCTAAATTGTTTATAAAGGCGAGGAATTTGTATCTATCAATTACTATTCCAGTTGTCAGTTTACATTGCTTACCCTCTATTATCACATCAAAACAAGCAAAGTACA,ATGGTGAGCAAGGGCGAGGAGCTGTTCACCGGGGTGGTGCCCATCCTGGTC,test,RPL8A,11.206800475417,-0.09733862429857254
RPL8A_1535,CCGACGCAAACAAATTGGAAAAACCAACGCAAAAAAAAAAAGACGCTAAATTGTTTATAAAGGCGAGGAATTTGTATCTATCAATTACTATTCCAGTTGTCAGTTTACATTGCTTACCCTCTATTATCACATCAAAACAAACTCTCTACA,ATGGTGAGCAAGGGCGAGGAGCTGTTCACCGGGGTGGTGCCCATCCTGGTC,test,RPL8A,11.2726049039878,-0.016034554690122604
RPL8A_1536,CCGACGCAAACAAATTGGAAAAACCAACGCAAAAAAAAAAAGACGCTAAATTGTTTATAAAGGCGAGGAATTTGTATCTATCAATTACTATTCCAGTTGTCAGTTTACATTGCTTACCCTCTATTATCACATCAAAACAACAGGGCTACA,ATGGTGAGCAAGGGCGAGGAGCTGTTCACCGGGGTGGTGCCCATCCTGGTC,test,RPL8A,7.69668686205006,-0.10689400881528854
RPL8A_1537,CCGACGCAAACAAATTGGAAAAACCAACGCAAAAAAAAAAAGACGCTAAATTGTTTATAAAGGCGAGGAATTTGTATCTATCAATTACTATTCCAGTTGTCAGTTTACATTGCTTACCCTCTATTATCACATCAAAACAACCCAGCTACA,ATGGTGAGCAAGGGCGAGGAGCTGTTCACCGGGGTGGTGCCCATCCTGGTC,test,RPL8A,10.4748142851474,0.3434678316116333
RPL8A_1538,CCGACGCAAACAAATTGGAAAAACCAACGCAAAAAAAAAAAGACGCTAAATTGTTTATAAAGGCGAGGAATTTGTATCTATCAATTACTATTCCAGTTGTCAGTTTACATTGCTTACCCTCTATTATCACATCAAAACAAAAACTATACA,ATGGTGAGCAAGGGCGAGGAGCTGTTCACCGGGGTGGTGCCCATCCTGGTC,test,RPL8A,11.2434094005422,-0.41001588106155396
RPL8A_1539,CCGACGCAAACAAATTGGAAAAACCAACGCAAAAAAAAAAAGACGCTAAATTGTTTATAAAGGCGAGGAATTTGTATCTATCAATTACTATTCCAGTTGTCAGTTTACATTGCTTACCCTCTATTATCACATCAAAACAACGAGCATACA,ATGGTGAGCAAGGGCGAGGAGCTGTTCACCGGGGTGGTGCCCATCCTGGTC,test,RPL8A,11.2033630884104,-0.11166670173406601
RPL8A_1540,CCGACGCAAACAAATTGGAAAAACCAACGCAAAAAAAAAAAGACGCTAAATTGTTTATAAAGGCGAGGAATTTGTATCTATCAATTACTATTCCAGTTGTCAGTTTACATTGCTTACCCTCTATTATCACATCAAAACAACACAAATACA,ATGGTGAGCAAGGGCGAGGAGCTGTTCACCGGGGTGGTGCCCATCCTGGTC,test,RPL8A,11.3260102311654,0.11774221807718277
RPL8A_1541,CCGACGCAAACAAATTGGAAAAACCAACGCAAAAAAAAAAAGACGCTAAATTGTTTATAAAGGCGAGGAATTTGTATCTATCAATTACTATTCCAGTTGTCAGTTTACATTGCTTACCCTCTATTATCACATCAAAACAACCACCTGACA,ATGGTGAGCAAGGGCGAGGAGCTGTTCACCGGGGTGGTGCCCATCCTGGTC,test,RPL8A,4.31148358919629,-0.3321192264556885
RPL8A_1542,CCGACGCAAACAAATTGGAAAAACCAACGCAAAAAAAAAAAGACGCTAAATTGTTTATAAAGGCGAGGAATTTGTATCTATCAATTACTATTCCAGTTGTCAGTTTACATTGCTTACCCTCTATTATCACATCAAAACAACCCAATGACA,ATGGTGAGCAAGGGCGAGGAGCTGTTCACCGGGGTGGTGCCCATCCTGGTC,test,RPL8A,7.29929572081511,-0.3738868236541748
RPL8A_1543,CCGACGCAAACAAATTGGAAAAACCAACGCAAAAAAAAAAAGACGCTAAATTGTTTATAAAGGCGAGGAATTTGTATCTATCAATTACTATTCCAGTTGTCAGTTTACATTGCTTACCCTCTATTATCACATCAAAACAACAAATGGACA,ATGGTGAGCAAGGGCGAGGAGCTGTTCACCGGGGTGGTGCCCATCCTGGTC,test,RPL8A,3.56124051134373,-0.07595204561948776
RPL8A_1544,CCGACGCAAACAAATTGGAAAAACCAACGCAAAAAAAAAAAGACGCTAAATTGTTTATAAAGGCGAGGAATTTGTATCTATCAATTACTATTCCAGTTGTCAGTTTACATTGCTTACCCTCTATTATCACATCAAAACAAACCCCGGACA,ATGGTGAGCAAGGGCGAGGAGCTGTTCACCGGGGTGGTGCCCATCCTGGTC,test,RPL8A,5.34101462539381,-0.4217221140861511
RPL8A_1545,CCGACGCAAACAAATTGGAAAAACCAACGCAAAAAAAAAAAGACGCTAAATTGTTTATAAAGGCGAGGAATTTGTATCTATCAATTACTATTCCAGTTGTCAGTTTACATTGCTTACCCTCTATTATCACATCAAAACAAAGACAGGACA,ATGGTGAGCAAGGGCGAGGAGCTGTTCACCGGGGTGGTGCCCATCCTGGTC,test,RPL8A,4.64803113103972,-0.20420917868614197
RPL8A_1546,CCGACGCAAACAAATTGGAAAAACCAACGCAAAAAAAAAAAGACGCTAAATTGTTTATAAAGGCGAGGAATTTGTATCTATCAATTACTATTCCAGTTGTCAGTTTACATTGCTTACCCTCTATTATCACATCAAAACAAAGAATCGACA,ATGGTGAGCAAGGGCGAGGAGCTGTTCACCGGGGTGGTGCCCATCCTGGTC,test,RPL8A,9.95773619234155,-0.19150009751319885
RPL8A_1547,CCGACGCAAACAAATTGGAAAAACCAACGCAAAAAAAAAAAGACGCTAAATTGTTTATAAAGGCGAGGAATTTGTATCTATCAATTACTATTCCAGTTGTCAGTTTACATTGCTTACCCTCTATTATCACATCAAAACAAGTTCCCGACA,ATGGTGAGCAAGGGCGAGGAGCTGTTCACCGGGGTGGTGCCCATCCTGGTC,test,RPL8A,9.66963911975521,-0.11829005926847458
RPL8A_1548,CCGACGCAAACAAATTGGAAAAACCAACGCAAAAAAAAAAAGACGCTAAATTGTTTATAAAGGCGAGGAATTTGTATCTATCAATTACTATTCCAGTTGTCAGTTTACATTGCTTACCCTCTATTATCACATCAAAACAACGATACGACA,ATGGTGAGCAAGGGCGAGGAGCTGTTCACCGGGGTGGTGCCCATCCTGGTC,test,RPL8A,10.0526924347912,-0.17512261867523193
RPL8A_1549,CCGACGCAAACAAATTGGAAAAACCAACGCAAAAAAAAAAAGACGCTAAATTGTTTATAAAGGCGAGGAATTTGTATCTATCAATTACTATTCCAGTTGTCAGTTTACATTGCTTACCCTCTATTATCACATCAAAACAAGGCGACGACA,ATGGTGAGCAAGGGCGAGGAGCTGTTCACCGGGGTGGTGCCCATCCTGGTC,test,RPL8A,6.97565891654114,-0.13505789637565613
RPL8A_1550,CCGACGCAAACAAATTGGAAAAACCAACGCAAAAAAAAAAAGACGCTAAATTGTTTATAAAGGCGAGGAATTTGTATCTATCAATTACTATTCCAGTTGTCAGTTTACATTGCTTACCCTCTATTATCACATCAAAACAACCCGACGACA,ATGGTGAGCAAGGGCGAGGAGCTGTTCACCGGGGTGGTGCCCATCCTGGTC,test,RPL8A,5.67272078241097,-0.36435627937316895
RPL8A_1551,CCGACGCAAACAAATTGGAAAAACCAACGCAAAAAAAAAAAGACGCTAAATTGTTTATAAAGGCGAGGAATTTGTATCTATCAATTACTATTCCAGTTGTCAGTTTACATTGCTTACCCTCTATTATCACATCAAAACAACAGCACGACA,ATGGTGAGCAAGGGCGAGGAGCTGTTCACCGGGGTGGTGCCCATCCTGGTC,test,RPL8A,8.89334242823483,-0.060971103608608246
RPL8A_1552,CCGACGCAAACAAATTGGAAAAACCAACGCAAAAAAAAAAAGACGCTAAATTGTTTATAAAGGCGAGGAATTTGTATCTATCAATTACTATTCCAGTTGTCAGTTTACATTGCTTACCCTCTATTATCACATCAAAACAACCCCACGACA,ATGGTGAGCAAGGGCGAGGAGCTGTTCACCGGGGTGGTGCCCATCCTGGTC,test,RPL8A,7.44031049921632,-0.16579008102416992
RPL8A_1553,CCGACGCAAACAAATTGGAAAAACCAACGCAAAAAAAAAAAGACGCTAAATTGTTTATAAAGGCGAGGAATTTGTATCTATCAATTACTATTCCAGTTGTCAGTTTACATTGCTTACCCTCTATTATCACATCAAAACAAGTAACAGACA,ATGGTGAGCAAGGGCGAGGAGCTGTTCACCGGGGTGGTGCCCATCCTGGTC,test,RPL8A,9.28745170515616,-0.3273991346359253
RPL8A_1554,CCGACGCAAACAAATTGGAAAAACCAACGCAAAAAAAAAAAGACGCTAAATTGTTTATAAAGGCGAGGAATTTGTATCTATCAATTACTATTCCAGTTGTCAGTTTACATTGCTTACCCTCTATTATCACATCAAAACAAATAGAAGACA,ATGGTGAGCAAGGGCGAGGAGCTGTTCACCGGGGTGGTGCCCATCCTGGTC,test,RPL8A,8.82638704010581,-0.28184258937835693
RPL8A_1555,CCGACGCAAACAAATTGGAAAAACCAACGCAAAAAAAAAAAGACGCTAAATTGTTTATAAAGGCGAGGAATTTGTATCTATCAATTACTATTCCAGTTGTCAGTTTACATTGCTTACCCTCTATTATCACATCAAAACAACCTCAAGACA,ATGGTGAGCAAGGGCGAGGAGCTGTTCACCGGGGTGGTGCCCATCCTGGTC,test,RPL8A,4.78876600942566,-0.3663531243801117
RPL8A_1556,CCGACGCAAACAAATTGGAAAAACCAACGCAAAAAAAAAAAGACGCTAAATTGTTTATAAAGGCGAGGAATTTGTATCTATCAATTACTATTCCAGTTGTCAGTTTACATTGCTTACCCTCTATTATCACATCAAAACAATATAAAGACA,ATGGTGAGCAAGGGCGAGGAGCTGTTCACCGGGGTGGTGCCCATCCTGGTC,test,RPL8A,8.57208405935521,-0.22423064708709717
RPL8A_1557,CCGACGCAAACAAATTGGAAAAACCAACGCAAAAAAAAAAAGACGCTAAATTGTTTATAAAGGCGAGGAATTTGTATCTATCAATTACTATTCCAGTTGTCAGTTTACATTGCTTACCCTCTATTATCACATCAAAACAACGATCTCACA,ATGGTGAGCAAGGGCGAGGAGCTGTTCACCGGGGTGGTGCCCATCCTGGTC,test,RPL8A,11.3821952477454,0.008799849078059196
RPL8A_1558,CCGACGCAAACAAATTGGAAAAACCAACGCAAAAAAAAAAAGACGCTAAATTGTTTATAAAGGCGAGGAATTTGTATCTATCAATTACTATTCCAGTTGTCAGTTTACATTGCTTACCCTCTATTATCACATCAAAACAATCCGGGCACA,ATGGTGAGCAAGGGCGAGGAGCTGTTCACCGGGGTGGTGCCCATCCTGGTC,test,RPL8A,7.00168299728132,-0.42269688844680786
RPL8A_1559,CCGACGCAAACAAATTGGAAAAACCAACGCAAAAAAAAAAAGACGCTAAATTGTTTATAAAGGCGAGGAATTTGTATCTATCAATTACTATTCCAGTTGTCAGTTTACATTGCTTACCCTCTATTATCACATCAAAACAACTACGGCACA,ATGGTGAGCAAGGGCGAGGAGCTGTTCACCGGGGTGGTGCCCATCCTGGTC,test,RPL8A,9.08961356822643,-0.1963423788547516
RPL8A_1560,CCGACGCAAACAAATTGGAAAAACCAACGCAAAAAAAAAAAGACGCTAAATTGTTTATAAAGGCGAGGAATTTGTATCTATCAATTACTATTCCAGTTGTCAGTTTACATTGCTTACCCTCTATTATCACATCAAAACAATCACGGCACA,ATGGTGAGCAAGGGCGAGGAGCTGTTCACCGGGGTGGTGCCCATCCTGGTC,test,RPL8A,8.78015739935167,0.05693729594349861
RPL8A_1561,CCGACGCAAACAAATTGGAAAAACCAACGCAAAAAAAAAAAGACGCTAAATTGTTTATAAAGGCGAGGAATTTGTATCTATCAATTACTATTCCAGTTGTCAGTTTACATTGCTTACCCTCTATTATCACATCAAAACAAAGAAGGCACA,ATGGTGAGCAAGGGCGAGGAGCTGTTCACCGGGGTGGTGCCCATCCTGGTC,test,RPL8A,9.03306600477438,-0.18370306491851807
RPL8A_1562,CCGACGCAAACAAATTGGAAAAACCAACGCAAAAAAAAAAAGACGCTAAATTGTTTATAAAGGCGAGGAATTTGTATCTATCAATTACTATTCCAGTTGTCAGTTTACATTGCTTACCCTCTATTATCACATCAAAACAAGTATCGCACA,ATGGTGAGCAAGGGCGAGGAGCTGTTCACCGGGGTGGTGCCCATCCTGGTC,test,RPL8A,12.1738637151836,0.0027486514300107956
RPL8A_1563,CCGACGCAAACAAATTGGAAAAACCAACGCAAAAAAAAAAAGACGCTAAATTGTTTATAAAGGCGAGGAATTTGTATCTATCAATTACTATTCCAGTTGTCAGTTTACATTGCTTACCCTCTATTATCACATCAAAACAAGGGAAGCACA,ATGGTGAGCAAGGGCGAGGAGCTGTTCACCGGGGTGGTGCCCATCCTGGTC,test,RPL8A,7.33464998097308,-0.10393544286489487
RPL8A_1564,CCGACGCAAACAAATTGGAAAAACCAACGCAAAAAAAAAAAGACGCTAAATTGTTTATAAAGGCGAGGAATTTGTATCTATCAATTACTATTCCAGTTGTCAGTTTACATTGCTTACCCTCTATTATCACATCAAAACAACAGGTCCACA,ATGGTGAGCAAGGGCGAGGAGCTGTTCACCGGGGTGGTGCCCATCCTGGTC,test,RPL8A,10.6818254464757,-0.032357096672058105
RPL8A_1565,CCGACGCAAACAAATTGGAAAAACCAACGCAAAAAAAAAAAGACGCTAAATTGTTTATAAAGGCGAGGAATTTGTATCTATCAATTACTATTCCAGTTGTCAGTTTACATTGCTTACCCTCTATTATCACATCAAAACAACAAGTCCACA,ATGGTGAGCAAGGGCGAGGAGCTGTTCACCGGGGTGGTGCCCATCCTGGTC,test,RPL8A,11.4401820159549,-0.010615184903144836
RPL8A_1566,CCGACGCAAACAAATTGGAAAAACCAACGCAAAAAAAAAAAGACGCTAAATTGTTTATAAAGGCGAGGAATTTGTATCTATCAATTACTATTCCAGTTGTCAGTTTACATTGCTTACCCTCTATTATCACATCAAAACAAACAATCCACA,ATGGTGAGCAAGGGCGAGGAGCTGTTCACCGGGGTGGTGCCCATCCTGGTC,test,RPL8A,11.6870057852088,0.1082197055220604
RPL8A_1567,CCGACGCAAACAAATTGGAAAAACCAACGCAAAAAAAAAAAGACGCTAAATTGTTTATAAAGGCGAGGAATTTGTATCTATCAATTACTATTCCAGTTGTCAGTTTACATTGCTTACCCTCTATTATCACATCAAAACAACCATGCCACA,ATGGTGAGCAAGGGCGAGGAGCTGTTCACCGGGGTGGTGCCCATCCTGGTC,test,RPL8A,2.06178544977007,-0.055407144129276276
RPL8A_1568,CCGACGCAAACAAATTGGAAAAACCAACGCAAAAAAAAAAAGACGCTAAATTGTTTATAAAGGCGAGGAATTTGTATCTATCAATTACTATTCCAGTTGTCAGTTTACATTGCTTACCCTCTATTATCACATCAAAACAATAACGCCACA,ATGGTGAGCAAGGGCGAGGAGCTGTTCACCGGGGTGGTGCCCATCCTGGTC,test,RPL8A,10.1961145284215,-0.07048351317644119
RPL8A_1569,CCGACGCAAACAAATTGGAAAAACCAACGCAAAAAAAAAAAGACGCTAAATTGTTTATAAAGGCGAGGAATTTGTATCTATCAATTACTATTCCAGTTGTCAGTTTACATTGCTTACCCTCTATTATCACATCAAAACAACACAGCCACA,ATGGTGAGCAAGGGCGAGGAGCTGTTCACCGGGGTGGTGCCCATCCTGGTC,test,RPL8A,10.4364095442917,-0.052238814532756805
RPL8A_1570,CCGACGCAAACAAATTGGAAAAACCAACGCAAAAAAAAAAAGACGCTAAATTGTTTATAAAGGCGAGGAATTTGTATCTATCAATTACTATTCCAGTTGTCAGTTTACATTGCTTACCCTCTATTATCACATCAAAACAACCTTCCCACA,ATGGTGAGCAAGGGCGAGGAGCTGTTCACCGGGGTGGTGCCCATCCTGGTC,test,RPL8A,9.10164877459767,-0.06288937479257584
RPL8A_1571,CCGACGCAAACAAATTGGAAAAACCAACGCAAAAAAAAAAAGACGCTAAATTGTTTATAAAGGCGAGGAATTTGTATCTATCAATTACTATTCCAGTTGTCAGTTTACATTGCTTACCCTCTATTATCACATCAAAACAACCATCCCACA,ATGGTGAGCAAGGGCGAGGAGCTGTTCACCGGGGTGGTGCCCATCCTGGTC,test,RPL8A,9.70849160128294,-0.066963329911232
RPL8A_1572,CCGACGCAAACAAATTGGAAAAACCAACGCAAAAAAAAAAAGACGCTAAATTGTTTATAAAGGCGAGGAATTTGTATCTATCAATTACTATTCCAGTTGTCAGTTTACATTGCTTACCCTCTATTATCACATCAAAACAAAGCCCCCACA,ATGGTGAGCAAGGGCGAGGAGCTGTTCACCGGGGTGGTGCCCATCCTGGTC,test,RPL8A,10.8661672509459,-0.07386896014213562
RPL8A_1573,CCGACGCAAACAAATTGGAAAAACCAACGCAAAAAAAAAAAGACGCTAAATTGTTTATAAAGGCGAGGAATTTGTATCTATCAATTACTATTCCAGTTGTCAGTTTACATTGCTTACCCTCTATTATCACATCAAAACAAATACCCCACA,ATGGTGAGCAAGGGCGAGGAGCTGTTCACCGGGGTGGTGCCCATCCTGGTC,test,RPL8A,10.2358065763748,-0.071076400578022
RPL8A_1574,CCGACGCAAACAAATTGGAAAAACCAACGCAAAAAAAAAAAGACGCTAAATTGTTTATAAAGGCGAGGAATTTGTATCTATCAATTACTATTCCAGTTGTCAGTTTACATTGCTTACCCTCTATTATCACATCAAAACAACCACCCCACA,ATGGTGAGCAAGGGCGAGGAGCTGTTCACCGGGGTGGTGCCCATCCTGGTC,test,RPL8A,9.50749020646175,-0.09682019054889679
RPL8A_1575,CCGACGCAAACAAATTGGAAAAACCAACGCAAAAAAAAAAAGACGCTAAATTGTTTATAAAGGCGAGGAATTTGTATCTATCAATTACTATTCCAGTTGTCAGTTTACATTGCTTACCCTCTATTATCACATCAAAACAAGAACCCCACA,ATGGTGAGCAAGGGCGAGGAGCTGTTCACCGGGGTGGTGCCCATCCTGGTC,test,RPL8A,11.3266990191963,-0.033200252801179886
RPL8A_1576,CCGACGCAAACAAATTGGAAAAACCAACGCAAAAAAAAAAAGACGCTAAATTGTTTATAAAGGCGAGGAATTTGTATCTATCAATTACTATTCCAGTTGTCAGTTTACATTGCTTACCCTCTATTATCACATCAAAACAAGGCACCCACA,ATGGTGAGCAAGGGCGAGGAGCTGTTCACCGGGGTGGTGCCCATCCTGGTC,test,RPL8A,8.28989827511864,-0.002203105017542839
RPL8A_1577,CCGACGCAAACAAATTGGAAAAACCAACGCAAAAAAAAAAAGACGCTAAATTGTTTATAAAGGCGAGGAATTTGTATCTATCAATTACTATTCCAGTTGTCAGTTTACATTGCTTACCCTCTATTATCACATCAAAACAAACAGACCACA,ATGGTGAGCAAGGGCGAGGAGCTGTTCACCGGGGTGGTGCCCATCCTGGTC,test,RPL8A,10.8821230538548,-0.0805380791425705
RPL8A_1578,CCGACGCAAACAAATTGGAAAAACCAACGCAAAAAAAAAAAGACGCTAAATTGTTTATAAAGGCGAGGAATTTGTATCTATCAATTACTATTCCAGTTGTCAGTTTACATTGCTTACCCTCTATTATCACATCAAAACAAACCCACCACA,ATGGTGAGCAAGGGCGAGGAGCTGTTCACCGGGGTGGTGCCCATCCTGGTC,test,RPL8A,9.77303139819264,-0.05255959928035736
RPL8A_1579,CCGACGCAAACAAATTGGAAAAACCAACGCAAAAAAAAAAAGACGCTAAATTGTTTATAAAGGCGAGGAATTTGTATCTATCAATTACTATTCCAGTTGTCAGTTTACATTGCTTACCCTCTATTATCACATCAAAACAAAAACACCACA,ATGGTGAGCAAGGGCGAGGAGCTGTTCACCGGGGTGGTGCCCATCCTGGTC,test,RPL8A,8.87327485878537,-0.08985227346420288
RPL8A_1580,CCGACGCAAACAAATTGGAAAAACCAACGCAAAAAAAAAAAGACGCTAAATTGTTTATAAAGGCGAGGAATTTGTATCTATCAATTACTATTCCAGTTGTCAGTTTACATTGCTTACCCTCTATTATCACATCAAAACAAACATTACACA,ATGGTGAGCAAGGGCGAGGAGCTGTTCACCGGGGTGGTGCCCATCCTGGTC,test,RPL8A,11.7782991113189,-0.10372666269540787
RPL8A_1581,CCGACGCAAACAAATTGGAAAAACCAACGCAAAAAAAAAAAGACGCTAAATTGTTTATAAAGGCGAGGAATTTGTATCTATCAATTACTATTCCAGTTGTCAGTTTACATTGCTTACCCTCTATTATCACATCAAAACAACCACTACACA,ATGGTGAGCAAGGGCGAGGAGCTGTTCACCGGGGTGGTGCCCATCCTGGTC,test,RPL8A,9.18993814408348,-0.2382524609565735
RPL8A_1582,CCGACGCAAACAAATTGGAAAAACCAACGCAAAAAAAAAAAGACGCTAAATTGTTTATAAAGGCGAGGAATTTGTATCTATCAATTACTATTCCAGTTGTCAGTTTACATTGCTTACCCTCTATTATCACATCAAAACAACCCGGACACA,ATGGTGAGCAAGGGCGAGGAGCTGTTCACCGGGGTGGTGCCCATCCTGGTC,test,RPL8A,5.88106576247906,-0.43604594469070435
RPL8A_1583,CCGACGCAAACAAATTGGAAAAACCAACGCAAAAAAAAAAAGACGCTAAATTGTTTATAAAGGCGAGGAATTTGTATCTATCAATTACTATTCCAGTTGTCAGTTTACATTGCTTACCCTCTATTATCACATCAAAACAAGTACGACACA,ATGGTGAGCAAGGGCGAGGAGCTGTTCACCGGGGTGGTGCCCATCCTGGTC,test,RPL8A,8.68437194363267,-0.429578572511673
RPL8A_1584,CCGACGCAAACAAATTGGAAAAACCAACGCAAAAAAAAAAAGACGCTAAATTGTTTATAAAGGCGAGGAATTTGTATCTATCAATTACTATTCCAGTTGTCAGTTTACATTGCTTACCCTCTATTATCACATCAAAACAAATCACACACA,ATGGTGAGCAAGGGCGAGGAGCTGTTCACCGGGGTGGTGCCCATCCTGGTC,test,RPL8A,9.62531611629096,-0.3666347861289978
RPL8A_1585,CCGACGCAAACAAATTGGAAAAACCAACGCAAAAAAAAAAAGACGCTAAATTGTTTATAAAGGCGAGGAATTTGTATCTATCAATTACTATTCCAGTTGTCAGTTTACATTGCTTACCCTCTATTATCACATCAAAACAAACATAACACA,ATGGTGAGCAAGGGCGAGGAGCTGTTCACCGGGGTGGTGCCCATCCTGGTC,test,RPL8A,10.7090465041965,-0.3676489293575287
RPL8A_1586,CCGACGCAAACAAATTGGAAAAACCAACGCAAAAAAAAAAAGACGCTAAATTGTTTATAAAGGCGAGGAATTTGTATCTATCAATTACTATTCCAGTTGTCAGTTTACATTGCTTACCCTCTATTATCACATCAAAACAAATAGAACACA,ATGGTGAGCAAGGGCGAGGAGCTGTTCACCGGGGTGGTGCCCATCCTGGTC,test,RPL8A,9.91035588495808,-0.2237343192100525
RPL8A_1587,CCGACGCAAACAAATTGGAAAAACCAACGCAAAAAAAAAAAGACGCTAAATTGTTTATAAAGGCGAGGAATTTGTATCTATCAATTACTATTCCAGTTGTCAGTTTACATTGCTTACCCTCTATTATCACATCAAAACAAAAAGAACACA,ATGGTGAGCAAGGGCGAGGAGCTGTTCACCGGGGTGGTGCCCATCCTGGTC,test,RPL8A,10.1850397404783,-0.4779064655303955
RPL8A_1588,CCGACGCAAACAAATTGGAAAAACCAACGCAAAAAAAAAAAGACGCTAAATTGTTTATAAAGGCGAGGAATTTGTATCTATCAATTACTATTCCAGTTGTCAGTTTACATTGCTTACCCTCTATTATCACATCAAAACAAGAACAACACA,ATGGTGAGCAAGGGCGAGGAGCTGTTCACCGGGGTGGTGCCCATCCTGGTC,test,RPL8A,8.94242645423648,-0.22684064507484436
RPL8A_1589,CCGACGCAAACAAATTGGAAAAACCAACGCAAAAAAAAAAAGACGCTAAATTGTTTATAAAGGCGAGGAATTTGTATCTATCAATTACTATTCCAGTTGTCAGTTTACATTGCTTACCCTCTATTATCACATCAAAACAACAACAACACA,ATGGTGAGCAAGGGCGAGGAGCTGTTCACCGGGGTGGTGCCCATCCTGGTC,test,RPL8A,9.10898426767484,-0.219640851020813
RPL8A_1590,CCGACGCAAACAAATTGGAAAAACCAACGCAAAAAAAAAAAGACGCTAAATTGTTTATAAAGGCGAGGAATTTGTATCTATCAATTACTATTCCAGTTGTCAGTTTACATTGCTTACCCTCTATTATCACATCAAAACAACCGAAACACA,ATGGTGAGCAAGGGCGAGGAGCTGTTCACCGGGGTGGTGCCCATCCTGGTC,test,RPL8A,8.34877351923278,-0.43556302785873413
RPL8A_1591,CCGACGCAAACAAATTGGAAAAACCAACGCAAAAAAAAAAAGACGCTAAATTGTTTATAAAGGCGAGGAATTTGTATCTATCAATTACTATTCCAGTTGTCAGTTTACATTGCTTACCCTCTATTATCACATCAAAACAAATAAAACACA,ATGGTGAGCAAGGGCGAGGAGCTGTTCACCGGGGTGGTGCCCATCCTGGTC,test,RPL8A,10.3644281560679,-0.3930002450942993
RPL8A_1592,CCGACGCAAACAAATTGGAAAAACCAACGCAAAAAAAAAAAGACGCTAAATTGTTTATAAAGGCGAGGAATTTGTATCTATCAATTACTATTCCAGTTGTCAGTTTACATTGCTTACCCTCTATTATCACATCAAAACAAATATTTAACA,ATGGTGAGCAAGGGCGAGGAGCTGTTCACCGGGGTGGTGCCCATCCTGGTC,test,RPL8A,11.8976591948692,0.03537598252296448
RPL8A_1593,CCGACGCAAACAAATTGGAAAAACCAACGCAAAAAAAAAAAGACGCTAAATTGTTTATAAAGGCGAGGAATTTGTATCTATCAATTACTATTCCAGTTGTCAGTTTACATTGCTTACCCTCTATTATCACATCAAAACAAAAGATTAACA,ATGGTGAGCAAGGGCGAGGAGCTGTTCACCGGGGTGGTGCCCATCCTGGTC,test,RPL8A,11.630868767316,0.05327092483639717
RPL8A_1594,CCGACGCAAACAAATTGGAAAAACCAACGCAAAAAAAAAAAGACGCTAAATTGTTTATAAAGGCGAGGAATTTGTATCTATCAATTACTATTCCAGTTGTCAGTTTACATTGCTTACCCTCTATTATCACATCAAAACAAACCCCTAACA,ATGGTGAGCAAGGGCGAGGAGCTGTTCACCGGGGTGGTGCCCATCCTGGTC,test,RPL8A,10.8680764808878,-0.1800140142440796
RPL8A_1595,CCGACGCAAACAAATTGGAAAAACCAACGCAAAAAAAAAAAGACGCTAAATTGTTTATAAAGGCGAGGAATTTGTATCTATCAATTACTATTCCAGTTGTCAGTTTACATTGCTTACCCTCTATTATCACATCAAAACAAACACTGAACA,ATGGTGAGCAAGGGCGAGGAGCTGTTCACCGGGGTGGTGCCCATCCTGGTC,test,RPL8A,11.0507746877441,-0.03155504912137985
RPL8A_1596,CCGACGCAAACAAATTGGAAAAACCAACGCAAAAAAAAAAAGACGCTAAATTGTTTATAAAGGCGAGGAATTTGTATCTATCAATTACTATTCCAGTTGTCAGTTTACATTGCTTACCCTCTATTATCACATCAAAACAACCGAGGAACA,ATGGTGAGCAAGGGCGAGGAGCTGTTCACCGGGGTGGTGCCCATCCTGGTC,test,RPL8A,7.04682633046823,-0.2237926423549652
RPL8A_1597,CCGACGCAAACAAATTGGAAAAACCAACGCAAAAAAAAAAAGACGCTAAATTGTTTATAAAGGCGAGGAATTTGTATCTATCAATTACTATTCCAGTTGTCAGTTTACATTGCTTACCCTCTATTATCACATCAAAACAACCGGCGAACA,ATGGTGAGCAAGGGCGAGGAGCTGTTCACCGGGGTGGTGCCCATCCTGGTC,test,RPL8A,8.08516199454079,-0.34517431259155273
RPL8A_1598,CCGACGCAAACAAATTGGAAAAACCAACGCAAAAAAAAAAAGACGCTAAATTGTTTATAAAGGCGAGGAATTTGTATCTATCAATTACTATTCCAGTTGTCAGTTTACATTGCTTACCCTCTATTATCACATCAAAACAAAACCCGAACA,ATGGTGAGCAAGGGCGAGGAGCTGTTCACCGGGGTGGTGCCCATCCTGGTC,test,RPL8A,10.2807040499227,-0.28300243616104126
RPL8A_1599,CCGACGCAAACAAATTGGAAAAACCAACGCAAAAAAAAAAAGACGCTAAATTGTTTATAAAGGCGAGGAATTTGTATCTATCAATTACTATTCCAGTTGTCAGTTTACATTGCTTACCCTCTATTATCACATCAAAACAACCAACGAACA,ATGGTGAGCAAGGGCGAGGAGCTGTTCACCGGGGTGGTGCCCATCCTGGTC,test,RPL8A,9.35881525705815,0.017636289820075035
RPL8A_1600,CCGACGCAAACAAATTGGAAAAACCAACGCAAAAAAAAAAAGACGCTAAATTGTTTATAAAGGCGAGGAATTTGTATCTATCAATTACTATTCCAGTTGTCAGTTTACATTGCTTACCCTCTATTATCACATCAAAACAAACCAAGAACA,ATGGTGAGCAAGGGCGAGGAGCTGTTCACCGGGGTGGTGCCCATCCTGGTC,test,RPL8A,9.78001711611389,0.10530838370323181
RPL8A_1601,CCGACGCAAACAAATTGGAAAAACCAACGCAAAAAAAAAAAGACGCTAAATTGTTTATAAAGGCGAGGAATTTGTATCTATCAATTACTATTCCAGTTGTCAGTTTACATTGCTTACCCTCTATTATCACATCAAAACAATGAAAGAACA,ATGGTGAGCAAGGGCGAGGAGCTGTTCACCGGGGTGGTGCCCATCCTGGTC,test,RPL8A,2.25935983593659,-0.0009353440254926682
RPL8A_1602,CCGACGCAAACAAATTGGAAAAACCAACGCAAAAAAAAAAAGACGCTAAATTGTTTATAAAGGCGAGGAATTTGTATCTATCAATTACTATTCCAGTTGTCAGTTTACATTGCTTACCCTCTATTATCACATCAAAACAAAACGTCAACA,ATGGTGAGCAAGGGCGAGGAGCTGTTCACCGGGGTGGTGCCCATCCTGGTC,test,RPL8A,9.10616766167599,0.019029881805181503
RPL8A_1603,CCGACGCAAACAAATTGGAAAAACCAACGCAAAAAAAAAAAGACGCTAAATTGTTTATAAAGGCGAGGAATTTGTATCTATCAATTACTATTCCAGTTGTCAGTTTACATTGCTTACCCTCTATTATCACATCAAAACAAGGCAGCAACA,ATGGTGAGCAAGGGCGAGGAGCTGTTCACCGGGGTGGTGCCCATCCTGGTC,test,RPL8A,8.35947387920384,-0.3020344376564026
RPL8A_1604,CCGACGCAAACAAATTGGAAAAACCAACGCAAAAAAAAAAAGACGCTAAATTGTTTATAAAGGCGAGGAATTTGTATCTATCAATTACTATTCCAGTTGTCAGTTTACATTGCTTACCCTCTATTATCACATCAAAACAACAAAGCAACA,ATGGTGAGCAAGGGCGAGGAGCTGTTCACCGGGGTGGTGCCCATCCTGGTC,test,RPL8A,13.583625794175,-0.0039424896240234375
RPL8A_1605,CCGACGCAAACAAATTGGAAAAACCAACGCAAAAAAAAAAAGACGCTAAATTGTTTATAAAGGCGAGGAATTTGTATCTATCAATTACTATTCCAGTTGTCAGTTTACATTGCTTACCCTCTATTATCACATCAAAACAAACGGCCAACA,ATGGTGAGCAAGGGCGAGGAGCTGTTCACCGGGGTGGTGCCCATCCTGGTC,test,RPL8A,8.96548575384402,-0.2485344111919403
RPL8A_1606,CCGACGCAAACAAATTGGAAAAACCAACGCAAAAAAAAAAAGACGCTAAATTGTTTATAAAGGCGAGGAATTTGTATCTATCAATTACTATTCCAGTTGTCAGTTTACATTGCTTACCCTCTATTATCACATCAAAACAACAGGCCAACA,ATGGTGAGCAAGGGCGAGGAGCTGTTCACCGGGGTGGTGCCCATCCTGGTC,test,RPL8A,9.36508717478841,-0.1510576605796814
RPL8A_1607,CCGACGCAAACAAATTGGAAAAACCAACGCAAAAAAAAAAAGACGCTAAATTGTTTATAAAGGCGAGGAATTTGTATCTATCAATTACTATTCCAGTTGTCAGTTTACATTGCTTACCCTCTATTATCACATCAAAACAAGATCCCAACA,ATGGTGAGCAAGGGCGAGGAGCTGTTCACCGGGGTGGTGCCCATCCTGGTC,test,RPL8A,12.4118892908288,-0.016125597059726715
RPL8A_1608,CCGACGCAAACAAATTGGAAAAACCAACGCAAAAAAAAAAAGACGCTAAATTGTTTATAAAGGCGAGGAATTTGTATCTATCAATTACTATTCCAGTTGTCAGTTTACATTGCTTACCCTCTATTATCACATCAAAACAAAACACCAACA,ATGGTGAGCAAGGGCGAGGAGCTGTTCACCGGGGTGGTGCCCATCCTGGTC,test,RPL8A,9.60065701156067,-0.37759530544281006
RPL8A_1609,CCGACGCAAACAAATTGGAAAAACCAACGCAAAAAAAAAAAGACGCTAAATTGTTTATAAAGGCGAGGAATTTGTATCTATCAATTACTATTCCAGTTGTCAGTTTACATTGCTTACCCTCTATTATCACATCAAAACAAACAACCAACA,ATGGTGAGCAAGGGCGAGGAGCTGTTCACCGGGGTGGTGCCCATCCTGGTC,test,RPL8A,10.7263095528931,0.09505825489759445
RPL8A_1610,CCGACGCAAACAAATTGGAAAAACCAACGCAAAAAAAAAAAGACGCTAAATTGTTTATAAAGGCGAGGAATTTGTATCTATCAATTACTATTCCAGTTGTCAGTTTACATTGCTTACCCTCTATTATCACATCAAAACAAGCCGACAACA,ATGGTGAGCAAGGGCGAGGAGCTGTTCACCGGGGTGGTGCCCATCCTGGTC,test,RPL8A,8.55019331496626,-0.0029747560620307922
RPL8A_1611,CCGACGCAAACAAATTGGAAAAACCAACGCAAAAAAAAAAAGACGCTAAATTGTTTATAAAGGCGAGGAATTTGTATCTATCAATTACTATTCCAGTTGTCAGTTTACATTGCTTACCCTCTATTATCACATCAAAACAAAGCCACAACA,ATGGTGAGCAAGGGCGAGGAGCTGTTCACCGGGGTGGTGCCCATCCTGGTC,test,RPL8A,9.89079726096182,-0.004841618239879608
RPL8A_1612,CCGACGCAAACAAATTGGAAAAACCAACGCAAAAAAAAAAAGACGCTAAATTGTTTATAAAGGCGAGGAATTTGTATCTATCAATTACTATTCCAGTTGTCAGTTTACATTGCTTACCCTCTATTATCACATCAAAACAACCACACAACA,ATGGTGAGCAAGGGCGAGGAGCTGTTCACCGGGGTGGTGCCCATCCTGGTC,test,RPL8A,9.71824489708483,-0.10538981109857559
RPL8A_1613,CCGACGCAAACAAATTGGAAAAACCAACGCAAAAAAAAAAAGACGCTAAATTGTTTATAAAGGCGAGGAATTTGTATCTATCAATTACTATTCCAGTTGTCAGTTTACATTGCTTACCCTCTATTATCACATCAAAACAAAATAACAACA,ATGGTGAGCAAGGGCGAGGAGCTGTTCACCGGGGTGGTGCCCATCCTGGTC,test,RPL8A,11.0323633994208,0.13592937588691711
RPL8A_1614,CCGACGCAAACAAATTGGAAAAACCAACGCAAAAAAAAAAAGACGCTAAATTGTTTATAAAGGCGAGGAATTTGTATCTATCAATTACTATTCCAGTTGTCAGTTTACATTGCTTACCCTCTATTATCACATCAAAACAACTCAACAACA,ATGGTGAGCAAGGGCGAGGAGCTGTTCACCGGGGTGGTGCCCATCCTGGTC,test,RPL8A,11.1653401519859,0.11534574627876282
RPL8A_1615,CCGACGCAAACAAATTGGAAAAACCAACGCAAAAAAAAAAAGACGCTAAATTGTTTATAAAGGCGAGGAATTTGTATCTATCAATTACTATTCCAGTTGTCAGTTTACATTGCTTACCCTCTATTATCACATCAAAACAACCCAACAACA,ATGGTGAGCAAGGGCGAGGAGCTGTTCACCGGGGTGGTGCCCATCCTGGTC,test,RPL8A,10.3503680616156,-0.08905872702598572
RPL8A_1616,CCGACGCAAACAAATTGGAAAAACCAACGCAAAAAAAAAAAGACGCTAAATTGTTTATAAAGGCGAGGAATTTGTATCTATCAATTACTATTCCAGTTGTCAGTTTACATTGCTTACCCTCTATTATCACATCAAAACAAACCAACAACA,ATGGTGAGCAAGGGCGAGGAGCTGTTCACCGGGGTGGTGCCCATCCTGGTC,test,RPL8A,10.4857487340986,0.10527317225933075
RPL8A_1617,CCGACGCAAACAAATTGGAAAAACCAACGCAAAAAAAAAAAGACGCTAAATTGTTTATAAAGGCGAGGAATTTGTATCTATCAATTACTATTCCAGTTGTCAGTTTACATTGCTTACCCTCTATTATCACATCAAAACAATACAACAACA,ATGGTGAGCAAGGGCGAGGAGCTGTTCACCGGGGTGGTGCCCATCCTGGTC,test,RPL8A,10.7469360530534,0.07716978341341019
RPL8A_1618,CCGACGCAAACAAATTGGAAAAACCAACGCAAAAAAAAAAAGACGCTAAATTGTTTATAAAGGCGAGGAATTTGTATCTATCAATTACTATTCCAGTTGTCAGTTTACATTGCTTACCCTCTATTATCACATCAAAACAACCAAACAACA,ATGGTGAGCAAGGGCGAGGAGCTGTTCACCGGGGTGGTGCCCATCCTGGTC,test,RPL8A,8.54314129562651,0.029523782432079315
RPL8A_1619,CCGACGCAAACAAATTGGAAAAACCAACGCAAAAAAAAAAAGACGCTAAATTGTTTATAAAGGCGAGGAATTTGTATCTATCAATTACTATTCCAGTTGTCAGTTTACATTGCTTACCCTCTATTATCACATCAAAACAAGAAAACAACA,ATGGTGAGCAAGGGCGAGGAGCTGTTCACCGGGGTGGTGCCCATCCTGGTC,test,RPL8A,11.4395820522569,0.07974984496831894
RPL8A_1620,CCGACGCAAACAAATTGGAAAAACCAACGCAAAAAAAAAAAGACGCTAAATTGTTTATAAAGGCGAGGAATTTGTATCTATCAATTACTATTCCAGTTGTCAGTTTACATTGCTTACCCTCTATTATCACATCAAAACAAACGATAAACA,ATGGTGAGCAAGGGCGAGGAGCTGTTCACCGGGGTGGTGCCCATCCTGGTC,test,RPL8A,11.2846404529172,-0.24416586756706238
RPL8A_1621,CCGACGCAAACAAATTGGAAAAACCAACGCAAAAAAAAAAAGACGCTAAATTGTTTATAAAGGCGAGGAATTTGTATCTATCAATTACTATTCCAGTTGTCAGTTTACATTGCTTACCCTCTATTATCACATCAAAACAACCAATAAACA,ATGGTGAGCAAGGGCGAGGAGCTGTTCACCGGGGTGGTGCCCATCCTGGTC,test,RPL8A,7.75867003269168,0.02128985896706581
RPL8A_1622,CCGACGCAAACAAATTGGAAAAACCAACGCAAAAAAAAAAAGACGCTAAATTGTTTATAAAGGCGAGGAATTTGTATCTATCAATTACTATTCCAGTTGTCAGTTTACATTGCTTACCCTCTATTATCACATCAAAACAAAAAATAAACA,ATGGTGAGCAAGGGCGAGGAGCTGTTCACCGGGGTGGTGCCCATCCTGGTC,test,RPL8A,9.92308773821339,-0.16126713156700134
RPL8A_1623,CCGACGCAAACAAATTGGAAAAACCAACGCAAAAAAAAAAAGACGCTAAATTGTTTATAAAGGCGAGGAATTTGTATCTATCAATTACTATTCCAGTTGTCAGTTTACATTGCTTACCCTCTATTATCACATCAAAACAACCGGGAAACA,ATGGTGAGCAAGGGCGAGGAGCTGTTCACCGGGGTGGTGCCCATCCTGGTC,test,RPL8A,6.94141562419825,-0.42120659351348877
RPL8A_1624,CCGACGCAAACAAATTGGAAAAACCAACGCAAAAAAAAAAAGACGCTAAATTGTTTATAAAGGCGAGGAATTTGTATCTATCAATTACTATTCCAGTTGTCAGTTTACATTGCTTACCCTCTATTATCACATCAAAACAACGTAGAAACA,ATGGTGAGCAAGGGCGAGGAGCTGTTCACCGGGGTGGTGCCCATCCTGGTC,test,RPL8A,11.927802453861,0.2563556432723999
RPL8A_1625,CCGACGCAAACAAATTGGAAAAACCAACGCAAAAAAAAAAAGACGCTAAATTGTTTATAAAGGCGAGGAATTTGTATCTATCAATTACTATTCCAGTTGTCAGTTTACATTGCTTACCCTCTATTATCACATCAAAACAAAATAGAAACA,ATGGTGAGCAAGGGCGAGGAGCTGTTCACCGGGGTGGTGCCCATCCTGGTC,test,RPL8A,11.4216691002688,-0.3415294289588928
RPL8A_1626,CCGACGCAAACAAATTGGAAAAACCAACGCAAAAAAAAAAAGACGCTAAATTGTTTATAAAGGCGAGGAATTTGTATCTATCAATTACTATTCCAGTTGTCAGTTTACATTGCTTACCCTCTATTATCACATCAAAACAAAGGCCAAACA,ATGGTGAGCAAGGGCGAGGAGCTGTTCACCGGGGTGGTGCCCATCCTGGTC,test,RPL8A,9.62014731639989,-0.28528738021850586
RPL8A_1627,CCGACGCAAACAAATTGGAAAAACCAACGCAAAAAAAAAAAGACGCTAAATTGTTTATAAAGGCGAGGAATTTGTATCTATCAATTACTATTCCAGTTGTCAGTTTACATTGCTTACCCTCTATTATCACATCAAAACAACCCCCAAACA,ATGGTGAGCAAGGGCGAGGAGCTGTTCACCGGGGTGGTGCCCATCCTGGTC,test,RPL8A,10.1091410820328,-0.276042103767395
RPL8A_1628,CCGACGCAAACAAATTGGAAAAACCAACGCAAAAAAAAAAAGACGCTAAATTGTTTATAAAGGCGAGGAATTTGTATCTATCAATTACTATTCCAGTTGTCAGTTTACATTGCTTACCCTCTATTATCACATCAAAACAATAACCAAACA,ATGGTGAGCAAGGGCGAGGAGCTGTTCACCGGGGTGGTGCCCATCCTGGTC,test,RPL8A,10.132929498271,0.024999523535370827
RPL8A_1629,CCGACGCAAACAAATTGGAAAAACCAACGCAAAAAAAAAAAGACGCTAAATTGTTTATAAAGGCGAGGAATTTGTATCTATCAATTACTATTCCAGTTGTCAGTTTACATTGCTTACCCTCTATTATCACATCAAAACAACAACCAAACA,ATGGTGAGCAAGGGCGAGGAGCTGTTCACCGGGGTGGTGCCCATCCTGGTC,test,RPL8A,8.83784844909748,-0.1314619779586792
RPL8A_1630,CCGACGCAAACAAATTGGAAAAACCAACGCAAAAAAAAAAAGACGCTAAATTGTTTATAAAGGCGAGGAATTTGTATCTATCAATTACTATTCCAGTTGTCAGTTTACATTGCTTACCCTCTATTATCACATCAAAACAAAAGACAAACA,ATGGTGAGCAAGGGCGAGGAGCTGTTCACCGGGGTGGTGCCCATCCTGGTC,test,RPL8A,10.6260636852859,-0.4195443391799927
RPL8A_1631,CCGACGCAAACAAATTGGAAAAACCAACGCAAAAAAAAAAAGACGCTAAATTGTTTATAAAGGCGAGGAATTTGTATCTATCAATTACTATTCCAGTTGTCAGTTTACATTGCTTACCCTCTATTATCACATCAAAACAAATAACAAACA,ATGGTGAGCAAGGGCGAGGAGCTGTTCACCGGGGTGGTGCCCATCCTGGTC,test,RPL8A,10.9074117918511,0.16865754127502441
RPL8A_1632,CCGACGCAAACAAATTGGAAAAACCAACGCAAAAAAAAAAAGACGCTAAATTGTTTATAAAGGCGAGGAATTTGTATCTATCAATTACTATTCCAGTTGTCAGTTTACATTGCTTACCCTCTATTATCACATCAAAACAACGGTAAAACA,ATGGTGAGCAAGGGCGAGGAGCTGTTCACCGGGGTGGTGCCCATCCTGGTC,test,RPL8A,11.0023101847317,-0.35062509775161743
RPL8A_1633,CCGACGCAAACAAATTGGAAAAACCAACGCAAAAAAAAAAAGACGCTAAATTGTTTATAAAGGCGAGGAATTTGTATCTATCAATTACTATTCCAGTTGTCAGTTTACATTGCTTACCCTCTATTATCACATCAAAACAAGAATAAAACA,ATGGTGAGCAAGGGCGAGGAGCTGTTCACCGGGGTGGTGCCCATCCTGGTC,test,RPL8A,9.91831992961504,-0.1900339424610138
RPL8A_1634,CCGACGCAAACAAATTGGAAAAACCAACGCAAAAAAAAAAAGACGCTAAATTGTTTATAAAGGCGAGGAATTTGTATCTATCAATTACTATTCCAGTTGTCAGTTTACATTGCTTACCCTCTATTATCACATCAAAACAAATTCAAAACA,ATGGTGAGCAAGGGCGAGGAGCTGTTCACCGGGGTGGTGCCCATCCTGGTC,test,RPL8A,10.9841681416924,-0.12115278095006943
RPL8A_1635,CCGACGCAAACAAATTGGAAAAACCAACGCAAAAAAAAAAAGACGCTAAATTGTTTATAAAGGCGAGGAATTTGTATCTATCAATTACTATTCCAGTTGTCAGTTTACATTGCTTACCCTCTATTATCACATCAAAACAAAATCAAAACA,ATGGTGAGCAAGGGCGAGGAGCTGTTCACCGGGGTGGTGCCCATCCTGGTC,test,RPL8A,10.5841933228424,-0.4543861150741577
RPL8A_1636,CCGACGCAAACAAATTGGAAAAACCAACGCAAAAAAAAAAAGACGCTAAATTGTTTATAAAGGCGAGGAATTTGTATCTATCAATTACTATTCCAGTTGTCAGTTTACATTGCTTACCCTCTATTATCACATCAAAACAAAACCAAAACA,ATGGTGAGCAAGGGCGAGGAGCTGTTCACCGGGGTGGTGCCCATCCTGGTC,test,RPL8A,9.85764160977973,-0.12589693069458008
RPL8A_1637,CCGACGCAAACAAATTGGAAAAACCAACGCAAAAAAAAAAAGACGCTAAATTGTTTATAAAGGCGAGGAATTTGTATCTATCAATTACTATTCCAGTTGTCAGTTTACATTGCTTACCCTCTATTATCACATCAAAACAAGAACAAAACA,ATGGTGAGCAAGGGCGAGGAGCTGTTCACCGGGGTGGTGCCCATCCTGGTC,test,RPL8A,12.0406776668035,0.27659377455711365
RPL8A_1638,CCGACGCAAACAAATTGGAAAAACCAACGCAAAAAAAAAAAGACGCTAAATTGTTTATAAAGGCGAGGAATTTGTATCTATCAATTACTATTCCAGTTGTCAGTTTACATTGCTTACCCTCTATTATCACATCAAAACAATACAAAAACA,ATGGTGAGCAAGGGCGAGGAGCTGTTCACCGGGGTGGTGCCCATCCTGGTC,test,RPL8A,10.7916831609358,0.27302196621894836
RPL8A_1639,CCGACGCAAACAAATTGGAAAAACCAACGCAAAAAAAAAAAGACGCTAAATTGTTTATAAAGGCGAGGAATTTGTATCTATCAATTACTATTCCAGTTGTCAGTTTACATTGCTTACCCTCTATTATCACATCAAAACAACACCCTTTAA,ATGGTGAGCAAGGGCGAGGAGCTGTTCACCGGGGTGGTGCCCATCCTGGTC,test,RPL8A,3.37913744702255,-0.16661182045936584
RPL8A_1640,CCGACGCAAACAAATTGGAAAAACCAACGCAAAAAAAAAAAGACGCTAAATTGTTTATAAAGGCGAGGAATTTGTATCTATCAATTACTATTCCAGTTGTCAGTTTACATTGCTTACCCTCTATTATCACATCAAAACAAAACACATTAA,ATGGTGAGCAAGGGCGAGGAGCTGTTCACCGGGGTGGTGCCCATCCTGGTC,test,RPL8A,9.73039403217833,-0.05399215221405029
RPL8A_1641,CCGACGCAAACAAATTGGAAAAACCAACGCAAAAAAAAAAAGACGCTAAATTGTTTATAAAGGCGAGGAATTTGTATCTATCAATTACTATTCCAGTTGTCAGTTTACATTGCTTACCCTCTATTATCACATCAAAACAATCCTAGGTAA,ATGGTGAGCAAGGGCGAGGAGCTGTTCACCGGGGTGGTGCCCATCCTGGTC,test,RPL8A,9.32206869006133,-0.31836289167404175
RPL8A_1642,CCGACGCAAACAAATTGGAAAAACCAACGCAAAAAAAAAAAGACGCTAAATTGTTTATAAAGGCGAGGAATTTGTATCTATCAATTACTATTCCAGTTGTCAGTTTACATTGCTTACCCTCTATTATCACATCAAAACAAGCCTAGGTAA,ATGGTGAGCAAGGGCGAGGAGCTGTTCACCGGGGTGGTGCCCATCCTGGTC,test,RPL8A,7.58995426719566,-0.230118989944458
RPL8A_1643,CCGACGCAAACAAATTGGAAAAACCAACGCAAAAAAAAAAAGACGCTAAATTGTTTATAAAGGCGAGGAATTTGTATCTATCAATTACTATTCCAGTTGTCAGTTTACATTGCTTACCCTCTATTATCACATCAAAACAAACGGAGGTAA,ATGGTGAGCAAGGGCGAGGAGCTGTTCACCGGGGTGGTGCCCATCCTGGTC,test,RPL8A,7.49966345413994,-0.3128458857536316
RPL8A_1644,CCGACGCAAACAAATTGGAAAAACCAACGCAAAAAAAAAAAGACGCTAAATTGTTTATAAAGGCGAGGAATTTGTATCTATCAATTACTATTCCAGTTGTCAGTTTACATTGCTTACCCTCTATTATCACATCAAAACAACAACGCGTAA,ATGGTGAGCAAGGGCGAGGAGCTGTTCACCGGGGTGGTGCCCATCCTGGTC,test,RPL8A,9.04235550972933,-0.19298726320266724
RPL8A_1645,CCGACGCAAACAAATTGGAAAAACCAACGCAAAAAAAAAAAGACGCTAAATTGTTTATAAAGGCGAGGAATTTGTATCTATCAATTACTATTCCAGTTGTCAGTTTACATTGCTTACCCTCTATTATCACATCAAAACAAACACGAGTAA,ATGGTGAGCAAGGGCGAGGAGCTGTTCACCGGGGTGGTGCCCATCCTGGTC,test,RPL8A,9.0354022152996,-0.4404873251914978
RPL8A_1646,CCGACGCAAACAAATTGGAAAAACCAACGCAAAAAAAAAAAGACGCTAAATTGTTTATAAAGGCGAGGAATTTGTATCTATCAATTACTATTCCAGTTGTCAGTTTACATTGCTTACCCTCTATTATCACATCAAAACAAAAAGAAGTAA,ATGGTGAGCAAGGGCGAGGAGCTGTTCACCGGGGTGGTGCCCATCCTGGTC,test,RPL8A,10.3212898008803,-0.14989632368087769
RPL8A_1647,CCGACGCAAACAAATTGGAAAAACCAACGCAAAAAAAAAAAGACGCTAAATTGTTTATAAAGGCGAGGAATTTGTATCTATCAATTACTATTCCAGTTGTCAGTTTACATTGCTTACCCTCTATTATCACATCAAAACAAGCCCAAGTAA,ATGGTGAGCAAGGGCGAGGAGCTGTTCACCGGGGTGGTGCCCATCCTGGTC,test,RPL8A,8.83991642587856,-0.2953062653541565
RPL8A_1648,CCGACGCAAACAAATTGGAAAAACCAACGCAAAAAAAAAAAGACGCTAAATTGTTTATAAAGGCGAGGAATTTGTATCTATCAATTACTATTCCAGTTGTCAGTTTACATTGCTTACCCTCTATTATCACATCAAAACAACTGGGTCTAA,ATGGTGAGCAAGGGCGAGGAGCTGTTCACCGGGGTGGTGCCCATCCTGGTC,test,RPL8A,6.79548190942876,-0.18270143866539001
RPL8A_1649,CCGACGCAAACAAATTGGAAAAACCAACGCAAAAAAAAAAAGACGCTAAATTGTTTATAAAGGCGAGGAATTTGTATCTATCAATTACTATTCCAGTTGTCAGTTTACATTGCTTACCCTCTATTATCACATCAAAACAACTACGTCTAA,ATGGTGAGCAAGGGCGAGGAGCTGTTCACCGGGGTGGTGCCCATCCTGGTC,test,RPL8A,10.4307098282181,-0.1835891604423523
RPL8A_1650,CCGACGCAAACAAATTGGAAAAACCAACGCAAAAAAAAAAAGACGCTAAATTGTTTATAAAGGCGAGGAATTTGTATCTATCAATTACTATTCCAGTTGTCAGTTTACATTGCTTACCCTCTATTATCACATCAAAACAAGAAGCTCTAA,ATGGTGAGCAAGGGCGAGGAGCTGTTCACCGGGGTGGTGCCCATCCTGGTC,test,RPL8A,11.448248352998,-0.04616478830575943
RPL8A_1651,CCGACGCAAACAAATTGGAAAAACCAACGCAAAAAAAAAAAGACGCTAAATTGTTTATAAAGGCGAGGAATTTGTATCTATCAATTACTATTCCAGTTGTCAGTTTACATTGCTTACCCTCTATTATCACATCAAAACAACTCAATCTAA,ATGGTGAGCAAGGGCGAGGAGCTGTTCACCGGGGTGGTGCCCATCCTGGTC,test,RPL8A,9.90052633820374,-0.04521085321903229
RPL8A_1652,CCGACGCAAACAAATTGGAAAAACCAACGCAAAAAAAAAAAGACGCTAAATTGTTTATAAAGGCGAGGAATTTGTATCTATCAATTACTATTCCAGTTGTCAGTTTACATTGCTTACCCTCTATTATCACATCAAAACAACCCATGCTAA,ATGGTGAGCAAGGGCGAGGAGCTGTTCACCGGGGTGGTGCCCATCCTGGTC,test,RPL8A,7.39374797324979,-0.10065058618783951
RPL8A_1653,CCGACGCAAACAAATTGGAAAAACCAACGCAAAAAAAAAAAGACGCTAAATTGTTTATAAAGGCGAGGAATTTGTATCTATCAATTACTATTCCAGTTGTCAGTTTACATTGCTTACCCTCTATTATCACATCAAAACAAAAAAAGCTAA,ATGGTGAGCAAGGGCGAGGAGCTGTTCACCGGGGTGGTGCCCATCCTGGTC,test,RPL8A,11.7400712615247,-0.18641388416290283
RPL8A_1654,CCGACGCAAACAAATTGGAAAAACCAACGCAAAAAAAAAAAGACGCTAAATTGTTTATAAAGGCGAGGAATTTGTATCTATCAATTACTATTCCAGTTGTCAGTTTACATTGCTTACCCTCTATTATCACATCAAAACAATCCGGCCTAA,ATGGTGAGCAAGGGCGAGGAGCTGTTCACCGGGGTGGTGCCCATCCTGGTC,test,RPL8A,8.83588203136344,-0.1317840814590454
RPL8A_1655,CCGACGCAAACAAATTGGAAAAACCAACGCAAAAAAAAAAAGACGCTAAATTGTTTATAAAGGCGAGGAATTTGTATCTATCAATTACTATTCCAGTTGTCAGTTTACATTGCTTACCCTCTATTATCACATCAAAACAACAGCCCCTAA,ATGGTGAGCAAGGGCGAGGAGCTGTTCACCGGGGTGGTGCCCATCCTGGTC,test,RPL8A,7.69356160656246,-0.15859976410865784
RPL8A_1656,CCGACGCAAACAAATTGGAAAAACCAACGCAAAAAAAAAAAGACGCTAAATTGTTTATAAAGGCGAGGAATTTGTATCTATCAATTACTATTCCAGTTGTCAGTTTACATTGCTTACCCTCTATTATCACATCAAAACAAAATAACCTAA,ATGGTGAGCAAGGGCGAGGAGCTGTTCACCGGGGTGGTGCCCATCCTGGTC,test,RPL8A,10.5058765464839,-0.03429560735821724
RPL8A_1657,CCGACGCAAACAAATTGGAAAAACCAACGCAAAAAAAAAAAGACGCTAAATTGTTTATAAAGGCGAGGAATTTGTATCTATCAATTACTATTCCAGTTGTCAGTTTACATTGCTTACCCTCTATTATCACATCAAAACAAACCCGACTAA,ATGGTGAGCAAGGGCGAGGAGCTGTTCACCGGGGTGGTGCCCATCCTGGTC,test,RPL8A,9.03642928046208,-0.443051815032959
RPL8A_1658,CCGACGCAAACAAATTGGAAAAACCAACGCAAAAAAAAAAAGACGCTAAATTGTTTATAAAGGCGAGGAATTTGTATCTATCAATTACTATTCCAGTTGTCAGTTTACATTGCTTACCCTCTATTATCACATCAAAACAACTATCACTAA,ATGGTGAGCAAGGGCGAGGAGCTGTTCACCGGGGTGGTGCCCATCCTGGTC,test,RPL8A,8.97291616963816,-0.05956779420375824
RPL8A_1659,CCGACGCAAACAAATTGGAAAAACCAACGCAAAAAAAAAAAGACGCTAAATTGTTTATAAAGGCGAGGAATTTGTATCTATCAATTACTATTCCAGTTGTCAGTTTACATTGCTTACCCTCTATTATCACATCAAAACAACAACCACTAA,ATGGTGAGCAAGGGCGAGGAGCTGTTCACCGGGGTGGTGCCCATCCTGGTC,test,RPL8A,5.95724819830914,-0.15427345037460327
RPL8A_1660,CCGACGCAAACAAATTGGAAAAACCAACGCAAAAAAAAAAAGACGCTAAATTGTTTATAAAGGCGAGGAATTTGTATCTATCAATTACTATTCCAGTTGTCAGTTTACATTGCTTACCCTCTATTATCACATCAAAACAAGTACAACTAA,ATGGTGAGCAAGGGCGAGGAGCTGTTCACCGGGGTGGTGCCCATCCTGGTC,test,RPL8A,8.47896936849906,-0.09000056982040405
RPL8A_1661,CCGACGCAAACAAATTGGAAAAACCAACGCAAAAAAAAAAAGACGCTAAATTGTTTATAAAGGCGAGGAATTTGTATCTATCAATTACTATTCCAGTTGTCAGTTTACATTGCTTACCCTCTATTATCACATCAAAACAACAATCTATAA,ATGGTGAGCAAGGGCGAGGAGCTGTTCACCGGGGTGGTGCCCATCCTGGTC,test,RPL8A,10.8570972312032,-0.02463535964488983
RPL8A_1662,CCGACGCAAACAAATTGGAAAAACCAACGCAAAAAAAAAAAGACGCTAAATTGTTTATAAAGGCGAGGAATTTGTATCTATCAATTACTATTCCAGTTGTCAGTTTACATTGCTTACCCTCTATTATCACATCAAAACAAATAACTATAA,ATGGTGAGCAAGGGCGAGGAGCTGTTCACCGGGGTGGTGCCCATCCTGGTC,test,RPL8A,12.5347051583885,-0.08049053698778152
RPL8A_1663,CCGACGCAAACAAATTGGAAAAACCAACGCAAAAAAAAAAAGACGCTAAATTGTTTATAAAGGCGAGGAATTTGTATCTATCAATTACTATTCCAGTTGTCAGTTTACATTGCTTACCCTCTATTATCACATCAAAACAACGGCTCATAA,ATGGTGAGCAAGGGCGAGGAGCTGTTCACCGGGGTGGTGCCCATCCTGGTC,test,RPL8A,10.0761679500727,0.05806298926472664
RPL8A_1664,CCGACGCAAACAAATTGGAAAAACCAACGCAAAAAAAAAAAGACGCTAAATTGTTTATAAAGGCGAGGAATTTGTATCTATCAATTACTATTCCAGTTGTCAGTTTACATTGCTTACCCTCTATTATCACATCAAAACAAAAACGCATAA,ATGGTGAGCAAGGGCGAGGAGCTGTTCACCGGGGTGGTGCCCATCCTGGTC,test,RPL8A,11.2343007208897,-0.29462695121765137
RPL8A_1665,CCGACGCAAACAAATTGGAAAAACCAACGCAAAAAAAAAAAGACGCTAAATTGTTTATAAAGGCGAGGAATTTGTATCTATCAATTACTATTCCAGTTGTCAGTTTACATTGCTTACCCTCTATTATCACATCAAAACAAAACTACATAA,ATGGTGAGCAAGGGCGAGGAGCTGTTCACCGGGGTGGTGCCCATCCTGGTC,test,RPL8A,9.44308162056137,-0.051885128021240234
RPL8A_1666,CCGACGCAAACAAATTGGAAAAACCAACGCAAAAAAAAAAAGACGCTAAATTGTTTATAAAGGCGAGGAATTTGTATCTATCAATTACTATTCCAGTTGTCAGTTTACATTGCTTACCCTCTATTATCACATCAAAACAACGGCACATAA,ATGGTGAGCAAGGGCGAGGAGCTGTTCACCGGGGTGGTGCCCATCCTGGTC,test,RPL8A,5.93790615559726,-0.07558388262987137
RPL8A_1667,CCGACGCAAACAAATTGGAAAAACCAACGCAAAAAAAAAAAGACGCTAAATTGTTTATAAAGGCGAGGAATTTGTATCTATCAATTACTATTCCAGTTGTCAGTTTACATTGCTTACCCTCTATTATCACATCAAAACAAACAGTAATAA,ATGGTGAGCAAGGGCGAGGAGCTGTTCACCGGGGTGGTGCCCATCCTGGTC,test,RPL8A,11.8074286865224,-0.3498350977897644
RPL8A_1668,CCGACGCAAACAAATTGGAAAAACCAACGCAAAAAAAAAAAGACGCTAAATTGTTTATAAAGGCGAGGAATTTGTATCTATCAATTACTATTCCAGTTGTCAGTTTACATTGCTTACCCTCTATTATCACATCAAAACAAAACTGAATAA,ATGGTGAGCAAGGGCGAGGAGCTGTTCACCGGGGTGGTGCCCATCCTGGTC,test,RPL8A,11.0202497496886,-0.3554516136646271
RPL8A_1669,CCGACGCAAACAAATTGGAAAAACCAACGCAAAAAAAAAAAGACGCTAAATTGTTTATAAAGGCGAGGAATTTGTATCTATCAATTACTATTCCAGTTGTCAGTTTACATTGCTTACCCTCTATTATCACATCAAAACAACTCCGAATAA,ATGGTGAGCAAGGGCGAGGAGCTGTTCACCGGGGTGGTGCCCATCCTGGTC,test,RPL8A,9.59455286292515,-0.16186213493347168
RPL8A_1670,CCGACGCAAACAAATTGGAAAAACCAACGCAAAAAAAAAAAGACGCTAAATTGTTTATAAAGGCGAGGAATTTGTATCTATCAATTACTATTCCAGTTGTCAGTTTACATTGCTTACCCTCTATTATCACATCAAAACAACGACGAATAA,ATGGTGAGCAAGGGCGAGGAGCTGTTCACCGGGGTGGTGCCCATCCTGGTC,test,RPL8A,9.71972638741957,-0.2283712923526764
RPL8A_1671,CCGACGCAAACAAATTGGAAAAACCAACGCAAAAAAAAAAAGACGCTAAATTGTTTATAAAGGCGAGGAATTTGTATCTATCAATTACTATTCCAGTTGTCAGTTTACATTGCTTACCCTCTATTATCACATCAAAACAACAGACAATAA,ATGGTGAGCAAGGGCGAGGAGCTGTTCACCGGGGTGGTGCCCATCCTGGTC,test,RPL8A,4.31423944262642,-0.11489168554544449
RPL8A_1672,CCGACGCAAACAAATTGGAAAAACCAACGCAAAAAAAAAAAGACGCTAAATTGTTTATAAAGGCGAGGAATTTGTATCTATCAATTACTATTCCAGTTGTCAGTTTACATTGCTTACCCTCTATTATCACATCAAAACAATCCACAATAA,ATGGTGAGCAAGGGCGAGGAGCTGTTCACCGGGGTGGTGCCCATCCTGGTC,test,RPL8A,9.90886199798807,-0.20356279611587524
RPL8A_1673,CCGACGCAAACAAATTGGAAAAACCAACGCAAAAAAAAAAAGACGCTAAATTGTTTATAAAGGCGAGGAATTTGTATCTATCAATTACTATTCCAGTTGTCAGTTTACATTGCTTACCCTCTATTATCACATCAAAACAACCTGAAATAA,ATGGTGAGCAAGGGCGAGGAGCTGTTCACCGGGGTGGTGCCCATCCTGGTC,test,RPL8A,8.12366009888128,-0.2259696125984192
RPL8A_1674,CCGACGCAAACAAATTGGAAAAACCAACGCAAAAAAAAAAAGACGCTAAATTGTTTATAAAGGCGAGGAATTTGTATCTATCAATTACTATTCCAGTTGTCAGTTTACATTGCTTACCCTCTATTATCACATCAAAACAACCCGAAATAA,ATGGTGAGCAAGGGCGAGGAGCTGTTCACCGGGGTGGTGCCCATCCTGGTC,test,RPL8A,8.64347257460682,-0.1990703046321869
RPL8A_1675,CCGACGCAAACAAATTGGAAAAACCAACGCAAAAAAAAAAAGACGCTAAATTGTTTATAAAGGCGAGGAATTTGTATCTATCAATTACTATTCCAGTTGTCAGTTTACATTGCTTACCCTCTATTATCACATCAAAACAAACACAAATAA,ATGGTGAGCAAGGGCGAGGAGCTGTTCACCGGGGTGGTGCCCATCCTGGTC,test,RPL8A,10.2234323491912,-0.09387955814599991
RPL8A_1676,CCGACGCAAACAAATTGGAAAAACCAACGCAAAAAAAAAAAGACGCTAAATTGTTTATAAAGGCGAGGAATTTGTATCTATCAATTACTATTCCAGTTGTCAGTTTACATTGCTTACCCTCTATTATCACATCAAAACAAGGTAAAATAA,ATGGTGAGCAAGGGCGAGGAGCTGTTCACCGGGGTGGTGCCCATCCTGGTC,test,RPL8A,10.0440040480864,-0.06985273212194443
RPL8A_1677,CCGACGCAAACAAATTGGAAAAACCAACGCAAAAAAAAAAAGACGCTAAATTGTTTATAAAGGCGAGGAATTTGTATCTATCAATTACTATTCCAGTTGTCAGTTTACATTGCTTACCCTCTATTATCACATCAAAACAAAATAAAATAA,ATGGTGAGCAAGGGCGAGGAGCTGTTCACCGGGGTGGTGCCCATCCTGGTC,test,RPL8A,11.638016868294,-0.13026350736618042
RPL8A_1678,CCGACGCAAACAAATTGGAAAAACCAACGCAAAAAAAAAAAGACGCTAAATTGTTTATAAAGGCGAGGAATTTGTATCTATCAATTACTATTCCAGTTGTCAGTTTACATTGCTTACCCTCTATTATCACATCAAAACAAACAAAAATAA,ATGGTGAGCAAGGGCGAGGAGCTGTTCACCGGGGTGGTGCCCATCCTGGTC,test,RPL8A,11.2612002712537,-0.11111468821763992
RPL8A_1679,CCGACGCAAACAAATTGGAAAAACCAACGCAAAAAAAAAAAGACGCTAAATTGTTTATAAAGGCGAGGAATTTGTATCTATCAATTACTATTCCAGTTGTCAGTTTACATTGCTTACCCTCTATTATCACATCAAAACAAGCAAGCTGAA,ATGGTGAGCAAGGGCGAGGAGCTGTTCACCGGGGTGGTGCCCATCCTGGTC,test,RPL8A,4.67057986043347,-0.41107356548309326
RPL8A_1680,CCGACGCAAACAAATTGGAAAAACCAACGCAAAAAAAAAAAGACGCTAAATTGTTTATAAAGGCGAGGAATTTGTATCTATCAATTACTATTCCAGTTGTCAGTTTACATTGCTTACCCTCTATTATCACATCAAAACAAAATACCTGAA,ATGGTGAGCAAGGGCGAGGAGCTGTTCACCGGGGTGGTGCCCATCCTGGTC,test,RPL8A,11.7845369648052,-0.23136353492736816
RPL8A_1681,CCGACGCAAACAAATTGGAAAAACCAACGCAAAAAAAAAAAGACGCTAAATTGTTTATAAAGGCGAGGAATTTGTATCTATCAATTACTATTCCAGTTGTCAGTTTACATTGCTTACCCTCTATTATCACATCAAAACAACCCAACTGAA,ATGGTGAGCAAGGGCGAGGAGCTGTTCACCGGGGTGGTGCCCATCCTGGTC,test,RPL8A,10.7103171395076,-0.15548643469810486
RPL8A_1682,CCGACGCAAACAAATTGGAAAAACCAACGCAAAAAAAAAAAGACGCTAAATTGTTTATAAAGGCGAGGAATTTGTATCTATCAATTACTATTCCAGTTGTCAGTTTACATTGCTTACCCTCTATTATCACATCAAAACAAGCTGGATGAA,ATGGTGAGCAAGGGCGAGGAGCTGTTCACCGGGGTGGTGCCCATCCTGGTC,test,RPL8A,7.1080067141609,-0.35713717341423035
RPL8A_1683,CCGACGCAAACAAATTGGAAAAACCAACGCAAAAAAAAAAAGACGCTAAATTGTTTATAAAGGCGAGGAATTTGTATCTATCAATTACTATTCCAGTTGTCAGTTTACATTGCTTACCCTCTATTATCACATCAAAACAAATACCTGGAA,ATGGTGAGCAAGGGCGAGGAGCTGTTCACCGGGGTGGTGCCCATCCTGGTC,test,RPL8A,9.380982245855,-0.37197718024253845
RPL8A_1684,CCGACGCAAACAAATTGGAAAAACCAACGCAAAAAAAAAAAGACGCTAAATTGTTTATAAAGGCGAGGAATTTGTATCTATCAATTACTATTCCAGTTGTCAGTTTACATTGCTTACCCTCTATTATCACATCAAAACAAAAATATGGAA,ATGGTGAGCAAGGGCGAGGAGCTGTTCACCGGGGTGGTGCCCATCCTGGTC,test,RPL8A,10.1838737195548,-0.2435113489627838
RPL8A_1685,CCGACGCAAACAAATTGGAAAAACCAACGCAAAAAAAAAAAGACGCTAAATTGTTTATAAAGGCGAGGAATTTGTATCTATCAATTACTATTCCAGTTGTCAGTTTACATTGCTTACCCTCTATTATCACATCAAAACAAAAAACGGGAA,ATGGTGAGCAAGGGCGAGGAGCTGTTCACCGGGGTGGTGCCCATCCTGGTC,test,RPL8A,7.38661729834922,-0.424236923456192
RPL8A_1686,CCGACGCAAACAAATTGGAAAAACCAACGCAAAAAAAAAAAGACGCTAAATTGTTTATAAAGGCGAGGAATTTGTATCTATCAATTACTATTCCAGTTGTCAGTTTACATTGCTTACCCTCTATTATCACATCAAAACAACGTAAGGGAA,ATGGTGAGCAAGGGCGAGGAGCTGTTCACCGGGGTGGTGCCCATCCTGGTC,test,RPL8A,7.93878009630789,0.004296101629734039
RPL8A_1687,CCGACGCAAACAAATTGGAAAAACCAACGCAAAAAAAAAAAGACGCTAAATTGTTTATAAAGGCGAGGAATTTGTATCTATCAATTACTATTCCAGTTGTCAGTTTACATTGCTTACCCTCTATTATCACATCAAAACAATCAAAGGGAA,ATGGTGAGCAAGGGCGAGGAGCTGTTCACCGGGGTGGTGCCCATCCTGGTC,test,RPL8A,6.35452199636408,0.16386130452156067
RPL8A_1688,CCGACGCAAACAAATTGGAAAAACCAACGCAAAAAAAAAAAGACGCTAAATTGTTTATAAAGGCGAGGAATTTGTATCTATCAATTACTATTCCAGTTGTCAGTTTACATTGCTTACCCTCTATTATCACATCAAAACAAAAAAAGGGAA,ATGGTGAGCAAGGGCGAGGAGCTGTTCACCGGGGTGGTGCCCATCCTGGTC,test,RPL8A,7.30840871157212,-0.368346244096756
RPL8A_1689,CCGACGCAAACAAATTGGAAAAACCAACGCAAAAAAAAAAAGACGCTAAATTGTTTATAAAGGCGAGGAATTTGTATCTATCAATTACTATTCCAGTTGTCAGTTTACATTGCTTACCCTCTATTATCACATCAAAACAAACAGCCGGAA,ATGGTGAGCAAGGGCGAGGAGCTGTTCACCGGGGTGGTGCCCATCCTGGTC,test,RPL8A,11.0258102647499,-0.43353480100631714
RPL8A_1690,CCGACGCAAACAAATTGGAAAAACCAACGCAAAAAAAAAAAGACGCTAAATTGTTTATAAAGGCGAGGAATTTGTATCTATCAATTACTATTCCAGTTGTCAGTTTACATTGCTTACCCTCTATTATCACATCAAAACAACCGACCGGAA,ATGGTGAGCAAGGGCGAGGAGCTGTTCACCGGGGTGGTGCCCATCCTGGTC,test,RPL8A,9.14870173792155,-0.42749321460723877
RPL8A_1691,CCGACGCAAACAAATTGGAAAAACCAACGCAAAAAAAAAAAGACGCTAAATTGTTTATAAAGGCGAGGAATTTGTATCTATCAATTACTATTCCAGTTGTCAGTTTACATTGCTTACCCTCTATTATCACATCAAAACAAGCCACCGGAA,ATGGTGAGCAAGGGCGAGGAGCTGTTCACCGGGGTGGTGCCCATCCTGGTC,test,RPL8A,8.98481609271374,-0.3210907578468323
RPL8A_1692,CCGACGCAAACAAATTGGAAAAACCAACGCAAAAAAAAAAAGACGCTAAATTGTTTATAAAGGCGAGGAATTTGTATCTATCAATTACTATTCCAGTTGTCAGTTTACATTGCTTACCCTCTATTATCACATCAAAACAACCAACCGGAA,ATGGTGAGCAAGGGCGAGGAGCTGTTCACCGGGGTGGTGCCCATCCTGGTC,test,RPL8A,9.15816310252218,-0.4678248465061188
RPL8A_1693,CCGACGCAAACAAATTGGAAAAACCAACGCAAAAAAAAAAAGACGCTAAATTGTTTATAAAGGCGAGGAATTTGTATCTATCAATTACTATTCCAGTTGTCAGTTTACATTGCTTACCCTCTATTATCACATCAAAACAACATCACGGAA,ATGGTGAGCAAGGGCGAGGAGCTGTTCACCGGGGTGGTGCCCATCCTGGTC,test,RPL8A,9.12809961047187,-0.06534641236066818
RPL8A_1694,CCGACGCAAACAAATTGGAAAAACCAACGCAAAAAAAAAAAGACGCTAAATTGTTTATAAAGGCGAGGAATTTGTATCTATCAATTACTATTCCAGTTGTCAGTTTACATTGCTTACCCTCTATTATCACATCAAAACAAAAACACGGAA,ATGGTGAGCAAGGGCGAGGAGCTGTTCACCGGGGTGGTGCCCATCCTGGTC,test,RPL8A,10.6570982609416,-0.4462575912475586
RPL8A_1695,CCGACGCAAACAAATTGGAAAAACCAACGCAAAAAAAAAAAGACGCTAAATTGTTTATAAAGGCGAGGAATTTGTATCTATCAATTACTATTCCAGTTGTCAGTTTACATTGCTTACCCTCTATTATCACATCAAAACAACCCAACGGAA,ATGGTGAGCAAGGGCGAGGAGCTGTTCACCGGGGTGGTGCCCATCCTGGTC,test,RPL8A,4.73810305980962,-0.45819351077079773
RPL8A_1696,CCGACGCAAACAAATTGGAAAAACCAACGCAAAAAAAAAAAGACGCTAAATTGTTTATAAAGGCGAGGAATTTGTATCTATCAATTACTATTCCAGTTGTCAGTTTACATTGCTTACCCTCTATTATCACATCAAAACAAAACAACGGAA,ATGGTGAGCAAGGGCGAGGAGCTGTTCACCGGGGTGGTGCCCATCCTGGTC,test,RPL8A,9.60449227914875,-0.1571858525276184
RPL8A_1697,CCGACGCAAACAAATTGGAAAAACCAACGCAAAAAAAAAAAGACGCTAAATTGTTTATAAAGGCGAGGAATTTGTATCTATCAATTACTATTCCAGTTGTCAGTTTACATTGCTTACCCTCTATTATCACATCAAAACAACCCCTAGGAA,ATGGTGAGCAAGGGCGAGGAGCTGTTCACCGGGGTGGTGCCCATCCTGGTC,test,RPL8A,10.3406088559731,-0.4115510582923889
RPL8A_1698,CCGACGCAAACAAATTGGAAAAACCAACGCAAAAAAAAAAAGACGCTAAATTGTTTATAAAGGCGAGGAATTTGTATCTATCAATTACTATTCCAGTTGTCAGTTTACATTGCTTACCCTCTATTATCACATCAAAACAACCCATAGGAA,ATGGTGAGCAAGGGCGAGGAGCTGTTCACCGGGGTGGTGCCCATCCTGGTC,test,RPL8A,2.83202827937225,-0.2081420123577118
RPL8A_1699,CCGACGCAAACAAATTGGAAAAACCAACGCAAAAAAAAAAAGACGCTAAATTGTTTATAAAGGCGAGGAATTTGTATCTATCAATTACTATTCCAGTTGTCAGTTTACATTGCTTACCCTCTATTATCACATCAAAACAAGCCTCAGGAA,ATGGTGAGCAAGGGCGAGGAGCTGTTCACCGGGGTGGTGCCCATCCTGGTC,test,RPL8A,11.7432640040416,-0.3220466077327728
RPL8A_1700,CCGACGCAAACAAATTGGAAAAACCAACGCAAAAAAAAAAAGACGCTAAATTGTTTATAAAGGCGAGGAATTTGTATCTATCAATTACTATTCCAGTTGTCAGTTTACATTGCTTACCCTCTATTATCACATCAAAACAATAACAAGGAA,ATGGTGAGCAAGGGCGAGGAGCTGTTCACCGGGGTGGTGCCCATCCTGGTC,test,RPL8A,11.999897829693,-0.042331211268901825
RPL8A_1701,CCGACGCAAACAAATTGGAAAAACCAACGCAAAAAAAAAAAGACGCTAAATTGTTTATAAAGGCGAGGAATTTGTATCTATCAATTACTATTCCAGTTGTCAGTTTACATTGCTTACCCTCTATTATCACATCAAAACAAAAAAAAGGAA,ATGGTGAGCAAGGGCGAGGAGCTGTTCACCGGGGTGGTGCCCATCCTGGTC,test,RPL8A,10.0794082152718,-0.3558644652366638
RPL8A_1702,CCGACGCAAACAAATTGGAAAAACCAACGCAAAAAAAAAAAGACGCTAAATTGTTTATAAAGGCGAGGAATTTGTATCTATCAATTACTATTCCAGTTGTCAGTTTACATTGCTTACCCTCTATTATCACATCAAAACAACTAATTCGAA,ATGGTGAGCAAGGGCGAGGAGCTGTTCACCGGGGTGGTGCCCATCCTGGTC,test,RPL8A,12.2094003471698,0.10310405492782593
RPL8A_1703,CCGACGCAAACAAATTGGAAAAACCAACGCAAAAAAAAAAAGACGCTAAATTGTTTATAAAGGCGAGGAATTTGTATCTATCAATTACTATTCCAGTTGTCAGTTTACATTGCTTACCCTCTATTATCACATCAAAACAACGAATTCGAA,ATGGTGAGCAAGGGCGAGGAGCTGTTCACCGGGGTGGTGCCCATCCTGGTC,test,RPL8A,12.0830605451483,-0.12761500477790833
RPL8A_1704,CCGACGCAAACAAATTGGAAAAACCAACGCAAAAAAAAAAAGACGCTAAATTGTTTATAAAGGCGAGGAATTTGTATCTATCAATTACTATTCCAGTTGTCAGTTTACATTGCTTACCCTCTATTATCACATCAAAACAACCCCGTCGAA,ATGGTGAGCAAGGGCGAGGAGCTGTTCACCGGGGTGGTGCCCATCCTGGTC,test,RPL8A,10.8268733622667,-0.15464875102043152
RPL8A_1705,CCGACGCAAACAAATTGGAAAAACCAACGCAAAAAAAAAAAGACGCTAAATTGTTTATAAAGGCGAGGAATTTGTATCTATCAATTACTATTCCAGTTGTCAGTTTACATTGCTTACCCTCTATTATCACATCAAAACAACAAGATCGAA,ATGGTGAGCAAGGGCGAGGAGCTGTTCACCGGGGTGGTGCCCATCCTGGTC,test,RPL8A,13.9149121416899,-0.06808674335479736
RPL8A_1706,CCGACGCAAACAAATTGGAAAAACCAACGCAAAAAAAAAAAGACGCTAAATTGTTTATAAAGGCGAGGAATTTGTATCTATCAATTACTATTCCAGTTGTCAGTTTACATTGCTTACCCTCTATTATCACATCAAAACAACCCAATCGAA,ATGGTGAGCAAGGGCGAGGAGCTGTTCACCGGGGTGGTGCCCATCCTGGTC,test,RPL8A,11.038846726299,-0.18276962637901306
RPL8A_1707,CCGACGCAAACAAATTGGAAAAACCAACGCAAAAAAAAAAAGACGCTAAATTGTTTATAAAGGCGAGGAATTTGTATCTATCAATTACTATTCCAGTTGTCAGTTTACATTGCTTACCCTCTATTATCACATCAAAACAACGTACGCGAA,ATGGTGAGCAAGGGCGAGGAGCTGTTCACCGGGGTGGTGCCCATCCTGGTC,test,RPL8A,12.1864779218491,-0.026408016681671143
RPL8A_1708,CCGACGCAAACAAATTGGAAAAACCAACGCAAAAAAAAAAAGACGCTAAATTGTTTATAAAGGCGAGGAATTTGTATCTATCAATTACTATTCCAGTTGTCAGTTTACATTGCTTACCCTCTATTATCACATCAAAACAAAGGACGCGAA,ATGGTGAGCAAGGGCGAGGAGCTGTTCACCGGGGTGGTGCCCATCCTGGTC,test,RPL8A,9.44027410683558,-0.26058048009872437
RPL8A_1709,CCGACGCAAACAAATTGGAAAAACCAACGCAAAAAAAAAAAGACGCTAAATTGTTTATAAAGGCGAGGAATTTGTATCTATCAATTACTATTCCAGTTGTCAGTTTACATTGCTTACCCTCTATTATCACATCAAAACAACAGCTCCGAA,ATGGTGAGCAAGGGCGAGGAGCTGTTCACCGGGGTGGTGCCCATCCTGGTC,test,RPL8A,11.2799610052347,-0.01440947875380516
RPL8A_1710,CCGACGCAAACAAATTGGAAAAACCAACGCAAAAAAAAAAAGACGCTAAATTGTTTATAAAGGCGAGGAATTTGTATCTATCAATTACTATTCCAGTTGTCAGTTTACATTGCTTACCCTCTATTATCACATCAAAACAAACCATCCGAA,ATGGTGAGCAAGGGCGAGGAGCTGTTCACCGGGGTGGTGCCCATCCTGGTC,test,RPL8A,10.2565057784187,-0.05986896902322769
RPL8A_1711,CCGACGCAAACAAATTGGAAAAACCAACGCAAAAAAAAAAAGACGCTAAATTGTTTATAAAGGCGAGGAATTTGTATCTATCAATTACTATTCCAGTTGTCAGTTTACATTGCTTACCCTCTATTATCACATCAAAACAACTAATCCGAA,ATGGTGAGCAAGGGCGAGGAGCTGTTCACCGGGGTGGTGCCCATCCTGGTC,test,RPL8A,12.1233730875333,0.394599974155426
RPL8A_1712,CCGACGCAAACAAATTGGAAAAACCAACGCAAAAAAAAAAAGACGCTAAATTGTTTATAAAGGCGAGGAATTTGTATCTATCAATTACTATTCCAGTTGTCAGTTTACATTGCTTACCCTCTATTATCACATCAAAACAAAAAAGCCGAA,ATGGTGAGCAAGGGCGAGGAGCTGTTCACCGGGGTGGTGCCCATCCTGGTC,test,RPL8A,11.8137045395917,-0.44759809970855713
RPL8A_1713,CCGACGCAAACAAATTGGAAAAACCAACGCAAAAAAAAAAAGACGCTAAATTGTTTATAAAGGCGAGGAATTTGTATCTATCAATTACTATTCCAGTTGTCAGTTTACATTGCTTACCCTCTATTATCACATCAAAACAACTAGCCCGAA,ATGGTGAGCAAGGGCGAGGAGCTGTTCACCGGGGTGGTGCCCATCCTGGTC,test,RPL8A,12.7546239123004,-0.33203017711639404
RPL8A_1714,CCGACGCAAACAAATTGGAAAAACCAACGCAAAAAAAAAAAGACGCTAAATTGTTTATAAAGGCGAGGAATTTGTATCTATCAATTACTATTCCAGTTGTCAGTTTACATTGCTTACCCTCTATTATCACATCAAAACAAGAACCCCGAA,ATGGTGAGCAAGGGCGAGGAGCTGTTCACCGGGGTGGTGCCCATCCTGGTC,test,RPL8A,12.7515361937875,-0.1396382451057434
RPL8A_1715,CCGACGCAAACAAATTGGAAAAACCAACGCAAAAAAAAAAAGACGCTAAATTGTTTATAAAGGCGAGGAATTTGTATCTATCAATTACTATTCCAGTTGTCAGTTTACATTGCTTACCCTCTATTATCACATCAAAACAAACCACCCGAA,ATGGTGAGCAAGGGCGAGGAGCTGTTCACCGGGGTGGTGCCCATCCTGGTC,test,RPL8A,10.9986635471587,-0.14296609163284302
RPL8A_1716,CCGACGCAAACAAATTGGAAAAACCAACGCAAAAAAAAAAAGACGCTAAATTGTTTATAAAGGCGAGGAATTTGTATCTATCAATTACTATTCCAGTTGTCAGTTTACATTGCTTACCCTCTATTATCACATCAAAACAAAAAACCCGAA,ATGGTGAGCAAGGGCGAGGAGCTGTTCACCGGGGTGGTGCCCATCCTGGTC,test,RPL8A,11.9931450751196,-0.4281280040740967
RPL8A_1717,CCGACGCAAACAAATTGGAAAAACCAACGCAAAAAAAAAAAGACGCTAAATTGTTTATAAAGGCGAGGAATTTGTATCTATCAATTACTATTCCAGTTGTCAGTTTACATTGCTTACCCTCTATTATCACATCAAAACAAGCGCACCGAA,ATGGTGAGCAAGGGCGAGGAGCTGTTCACCGGGGTGGTGCCCATCCTGGTC,test,RPL8A,9.21448467029894,-0.30023306608200073
RPL8A_1718,CCGACGCAAACAAATTGGAAAAACCAACGCAAAAAAAAAAAGACGCTAAATTGTTTATAAAGGCGAGGAATTTGTATCTATCAATTACTATTCCAGTTGTCAGTTTACATTGCTTACCCTCTATTATCACATCAAAACAACGAAACCGAA,ATGGTGAGCAAGGGCGAGGAGCTGTTCACCGGGGTGGTGCCCATCCTGGTC,test,RPL8A,10.2520424215137,-0.24494069814682007
RPL8A_1719,CCGACGCAAACAAATTGGAAAAACCAACGCAAAAAAAAAAAGACGCTAAATTGTTTATAAAGGCGAGGAATTTGTATCTATCAATTACTATTCCAGTTGTCAGTTTACATTGCTTACCCTCTATTATCACATCAAAACAACCAAACCGAA,ATGGTGAGCAAGGGCGAGGAGCTGTTCACCGGGGTGGTGCCCATCCTGGTC,test,RPL8A,9.44197361293106,-0.35240232944488525
RPL8A_1720,CCGACGCAAACAAATTGGAAAAACCAACGCAAAAAAAAAAAGACGCTAAATTGTTTATAAAGGCGAGGAATTTGTATCTATCAATTACTATTCCAGTTGTCAGTTTACATTGCTTACCCTCTATTATCACATCAAAACAACAAATACGAA,ATGGTGAGCAAGGGCGAGGAGCTGTTCACCGGGGTGGTGCCCATCCTGGTC,test,RPL8A,12.3929236325233,0.0011105984449386597
RPL8A_1721,CCGACGCAAACAAATTGGAAAAACCAACGCAAAAAAAAAAAGACGCTAAATTGTTTATAAAGGCGAGGAATTTGTATCTATCAATTACTATTCCAGTTGTCAGTTTACATTGCTTACCCTCTATTATCACATCAAAACAAAAATAACGAA,ATGGTGAGCAAGGGCGAGGAGCTGTTCACCGGGGTGGTGCCCATCCTGGTC,test,RPL8A,13.1219520714307,-0.11504632979631424
RPL8A_1722,CCGACGCAAACAAATTGGAAAAACCAACGCAAAAAAAAAAAGACGCTAAATTGTTTATAAAGGCGAGGAATTTGTATCTATCAATTACTATTCCAGTTGTCAGTTTACATTGCTTACCCTCTATTATCACATCAAAACAATCAGAACGAA,ATGGTGAGCAAGGGCGAGGAGCTGTTCACCGGGGTGGTGCCCATCCTGGTC,test,RPL8A,12.4202377815981,-0.3616153597831726
RPL8A_1723,CCGACGCAAACAAATTGGAAAAACCAACGCAAAAAAAAAAAGACGCTAAATTGTTTATAAAGGCGAGGAATTTGTATCTATCAATTACTATTCCAGTTGTCAGTTTACATTGCTTACCCTCTATTATCACATCAAAACAAGAAGAACGAA,ATGGTGAGCAAGGGCGAGGAGCTGTTCACCGGGGTGGTGCCCATCCTGGTC,test,RPL8A,12.9797483418294,-0.09630713611841202
RPL8A_1724,CCGACGCAAACAAATTGGAAAAACCAACGCAAAAAAAAAAAGACGCTAAATTGTTTATAAAGGCGAGGAATTTGTATCTATCAATTACTATTCCAGTTGTCAGTTTACATTGCTTACCCTCTATTATCACATCAAAACAACGAAGTAGAA,ATGGTGAGCAAGGGCGAGGAGCTGTTCACCGGGGTGGTGCCCATCCTGGTC,test,RPL8A,13.145841128637,-0.09824097901582718
RPL8A_1725,CCGACGCAAACAAATTGGAAAAACCAACGCAAAAAAAAAAAGACGCTAAATTGTTTATAAAGGCGAGGAATTTGTATCTATCAATTACTATTCCAGTTGTCAGTTTACATTGCTTACCCTCTATTATCACATCAAAACAAAAATCTAGAA,ATGGTGAGCAAGGGCGAGGAGCTGTTCACCGGGGTGGTGCCCATCCTGGTC,test,RPL8A,12.5090243780893,-0.193722665309906
RPL8A_1726,CCGACGCAAACAAATTGGAAAAACCAACGCAAAAAAAAAAAGACGCTAAATTGTTTATAAAGGCGAGGAATTTGTATCTATCAATTACTATTCCAGTTGTCAGTTTACATTGCTTACCCTCTATTATCACATCAAAACAAAATGATAGAA,ATGGTGAGCAAGGGCGAGGAGCTGTTCACCGGGGTGGTGCCCATCCTGGTC,test,RPL8A,11.4604038657923,-0.4368216097354889
RPL8A_1727,CCGACGCAAACAAATTGGAAAAACCAACGCAAAAAAAAAAAGACGCTAAATTGTTTATAAAGGCGAGGAATTTGTATCTATCAATTACTATTCCAGTTGTCAGTTTACATTGCTTACCCTCTATTATCACATCAAAACAAACCCCGAGAA,ATGGTGAGCAAGGGCGAGGAGCTGTTCACCGGGGTGGTGCCCATCCTGGTC,test,RPL8A,12.6465278206869,-0.34733936190605164
RPL8A_1728,CCGACGCAAACAAATTGGAAAAACCAACGCAAAAAAAAAAAGACGCTAAATTGTTTATAAAGGCGAGGAATTTGTATCTATCAATTACTATTCCAGTTGTCAGTTTACATTGCTTACCCTCTATTATCACATCAAAACAACAACCGAGAA,ATGGTGAGCAAGGGCGAGGAGCTGTTCACCGGGGTGGTGCCCATCCTGGTC,test,RPL8A,9.98517419491466,-0.44930243492126465
RPL8A_1729,CCGACGCAAACAAATTGGAAAAACCAACGCAAAAAAAAAAAGACGCTAAATTGTTTATAAAGGCGAGGAATTTGTATCTATCAATTACTATTCCAGTTGTCAGTTTACATTGCTTACCCTCTATTATCACATCAAAACAAAATACGAGAA,ATGGTGAGCAAGGGCGAGGAGCTGTTCACCGGGGTGGTGCCCATCCTGGTC,test,RPL8A,11.8420657569073,-0.40973982214927673
RPL8A_1730,CCGACGCAAACAAATTGGAAAAACCAACGCAAAAAAAAAAAGACGCTAAATTGTTTATAAAGGCGAGGAATTTGTATCTATCAATTACTATTCCAGTTGTCAGTTTACATTGCTTACCCTCTATTATCACATCAAAACAACCAACGAGAA,ATGGTGAGCAAGGGCGAGGAGCTGTTCACCGGGGTGGTGCCCATCCTGGTC,test,RPL8A,11.3024994000077,0.004931394010782242
RPL8A_1731,CCGACGCAAACAAATTGGAAAAACCAACGCAAAAAAAAAAAGACGCTAAATTGTTTATAAAGGCGAGGAATTTGTATCTATCAATTACTATTCCAGTTGTCAGTTTACATTGCTTACCCTCTATTATCACATCAAAACAAAACCAGAGAA,ATGGTGAGCAAGGGCGAGGAGCTGTTCACCGGGGTGGTGCCCATCCTGGTC,test,RPL8A,11.2196005212471,-0.4044349193572998
RPL8A_1732,CCGACGCAAACAAATTGGAAAAACCAACGCAAAAAAAAAAAGACGCTAAATTGTTTATAAAGGCGAGGAATTTGTATCTATCAATTACTATTCCAGTTGTCAGTTTACATTGCTTACCCTCTATTATCACATCAAAACAACAGATCAGAA,ATGGTGAGCAAGGGCGAGGAGCTGTTCACCGGGGTGGTGCCCATCCTGGTC,test,RPL8A,12.294998898799,0.3091403543949127
RPL8A_1733,CCGACGCAAACAAATTGGAAAAACCAACGCAAAAAAAAAAAGACGCTAAATTGTTTATAAAGGCGAGGAATTTGTATCTATCAATTACTATTCCAGTTGTCAGTTTACATTGCTTACCCTCTATTATCACATCAAAACAAAGCCGCAGAA,ATGGTGAGCAAGGGCGAGGAGCTGTTCACCGGGGTGGTGCCCATCCTGGTC,test,RPL8A,11.3879782915282,-0.4285879135131836
RPL8A_1734,CCGACGCAAACAAATTGGAAAAACCAACGCAAAAAAAAAAAGACGCTAAATTGTTTATAAAGGCGAGGAATTTGTATCTATCAATTACTATTCCAGTTGTCAGTTTACATTGCTTACCCTCTATTATCACATCAAAACAATAACGCAGAA,ATGGTGAGCAAGGGCGAGGAGCTGTTCACCGGGGTGGTGCCCATCCTGGTC,test,RPL8A,13.1974723855762,-0.008599478751420975
RPL8A_1735,CCGACGCAAACAAATTGGAAAAACCAACGCAAAAAAAAAAAGACGCTAAATTGTTTATAAAGGCGAGGAATTTGTATCTATCAATTACTATTCCAGTTGTCAGTTTACATTGCTTACCCTCTATTATCACATCAAAACAAAAGAGCAGAA,ATGGTGAGCAAGGGCGAGGAGCTGTTCACCGGGGTGGTGCCCATCCTGGTC,test,RPL8A,12.2986181305365,-0.37020981311798096
RPL8A_1736,CCGACGCAAACAAATTGGAAAAACCAACGCAAAAAAAAAAAGACGCTAAATTGTTTATAAAGGCGAGGAATTTGTATCTATCAATTACTATTCCAGTTGTCAGTTTACATTGCTTACCCTCTATTATCACATCAAAACAACAGTCCAGAA,ATGGTGAGCAAGGGCGAGGAGCTGTTCACCGGGGTGGTGCCCATCCTGGTC,test,RPL8A,12.0342373814276,-0.08310303092002869
RPL8A_1737,CCGACGCAAACAAATTGGAAAAACCAACGCAAAAAAAAAAAGACGCTAAATTGTTTATAAAGGCGAGGAATTTGTATCTATCAATTACTATTCCAGTTGTCAGTTTACATTGCTTACCCTCTATTATCACATCAAAACAAAACGCCAGAA,ATGGTGAGCAAGGGCGAGGAGCTGTTCACCGGGGTGGTGCCCATCCTGGTC,test,RPL8A,10.3853286413989,-0.4490252733230591
RPL8A_1738,CCGACGCAAACAAATTGGAAAAACCAACGCAAAAAAAAAAAGACGCTAAATTGTTTATAAAGGCGAGGAATTTGTATCTATCAATTACTATTCCAGTTGTCAGTTTACATTGCTTACCCTCTATTATCACATCAAAACAACAGCACAGAA,ATGGTGAGCAAGGGCGAGGAGCTGTTCACCGGGGTGGTGCCCATCCTGGTC,test,RPL8A,9.96414494044343,0.03958292677998543
RPL8A_1739,CCGACGCAAACAAATTGGAAAAACCAACGCAAAAAAAAAAAGACGCTAAATTGTTTATAAAGGCGAGGAATTTGTATCTATCAATTACTATTCCAGTTGTCAGTTTACATTGCTTACCCTCTATTATCACATCAAAACAAGTCCACAGAA,ATGGTGAGCAAGGGCGAGGAGCTGTTCACCGGGGTGGTGCCCATCCTGGTC,test,RPL8A,10.3303222980838,-0.16081666946411133
RPL8A_1740,CCGACGCAAACAAATTGGAAAAACCAACGCAAAAAAAAAAAGACGCTAAATTGTTTATAAAGGCGAGGAATTTGTATCTATCAATTACTATTCCAGTTGTCAGTTTACATTGCTTACCCTCTATTATCACATCAAAACAAGTACACAGAA,ATGGTGAGCAAGGGCGAGGAGCTGTTCACCGGGGTGGTGCCCATCCTGGTC,test,RPL8A,12.0389182801498,0.019629761576652527
RPL8A_1741,CCGACGCAAACAAATTGGAAAAACCAACGCAAAAAAAAAAAGACGCTAAATTGTTTATAAAGGCGAGGAATTTGTATCTATCAATTACTATTCCAGTTGTCAGTTTACATTGCTTACCCTCTATTATCACATCAAAACAAACACACAGAA,ATGGTGAGCAAGGGCGAGGAGCTGTTCACCGGGGTGGTGCCCATCCTGGTC,test,RPL8A,11.2552624973085,-0.45722052454948425
RPL8A_1742,CCGACGCAAACAAATTGGAAAAACCAACGCAAAAAAAAAAAGACGCTAAATTGTTTATAAAGGCGAGGAATTTGTATCTATCAATTACTATTCCAGTTGTCAGTTTACATTGCTTACCCTCTATTATCACATCAAAACAACCCAACAGAA,ATGGTGAGCAAGGGCGAGGAGCTGTTCACCGGGGTGGTGCCCATCCTGGTC,test,RPL8A,10.5491034797779,-0.031216397881507874
RPL8A_1743,CCGACGCAAACAAATTGGAAAAACCAACGCAAAAAAAAAAAGACGCTAAATTGTTTATAAAGGCGAGGAATTTGTATCTATCAATTACTATTCCAGTTGTCAGTTTACATTGCTTACCCTCTATTATCACATCAAAACAAAAGGTAAGAA,ATGGTGAGCAAGGGCGAGGAGCTGTTCACCGGGGTGGTGCCCATCCTGGTC,test,RPL8A,12.1153151037982,-0.3489994704723358
RPL8A_1744,CCGACGCAAACAAATTGGAAAAACCAACGCAAAAAAAAAAAGACGCTAAATTGTTTATAAAGGCGAGGAATTTGTATCTATCAATTACTATTCCAGTTGTCAGTTTACATTGCTTACCCTCTATTATCACATCAAAACAACTAATAAGAA,ATGGTGAGCAAGGGCGAGGAGCTGTTCACCGGGGTGGTGCCCATCCTGGTC,test,RPL8A,11.5924639158888,0.2535759210586548
RPL8A_1745,CCGACGCAAACAAATTGGAAAAACCAACGCAAAAAAAAAAAGACGCTAAATTGTTTATAAAGGCGAGGAATTTGTATCTATCAATTACTATTCCAGTTGTCAGTTTACATTGCTTACCCTCTATTATCACATCAAAACAACAAATAAGAA,ATGGTGAGCAAGGGCGAGGAGCTGTTCACCGGGGTGGTGCCCATCCTGGTC,test,RPL8A,12.578958911263,-0.09917869418859482
RPL8A_1746,CCGACGCAAACAAATTGGAAAAACCAACGCAAAAAAAAAAAGACGCTAAATTGTTTATAAAGGCGAGGAATTTGTATCTATCAATTACTATTCCAGTTGTCAGTTTACATTGCTTACCCTCTATTATCACATCAAAACAACCAGGAAGAA,ATGGTGAGCAAGGGCGAGGAGCTGTTCACCGGGGTGGTGCCCATCCTGGTC,test,RPL8A,9.36253999696669,-0.2116219401359558
RPL8A_1747,CCGACGCAAACAAATTGGAAAAACCAACGCAAAAAAAAAAAGACGCTAAATTGTTTATAAAGGCGAGGAATTTGTATCTATCAATTACTATTCCAGTTGTCAGTTTACATTGCTTACCCTCTATTATCACATCAAAACAAAAAAGAAGAA,ATGGTGAGCAAGGGCGAGGAGCTGTTCACCGGGGTGGTGCCCATCCTGGTC,test,RPL8A,12.9336021425254,-0.21300041675567627
RPL8A_1748,CCGACGCAAACAAATTGGAAAAACCAACGCAAAAAAAAAAAGACGCTAAATTGTTTATAAAGGCGAGGAATTTGTATCTATCAATTACTATTCCAGTTGTCAGTTTACATTGCTTACCCTCTATTATCACATCAAAACAAGACTCAAGAA,ATGGTGAGCAAGGGCGAGGAGCTGTTCACCGGGGTGGTGCCCATCCTGGTC,test,RPL8A,11.7487945339838,-0.16833257675170898
RPL8A_1749,CCGACGCAAACAAATTGGAAAAACCAACGCAAAAAAAAAAAGACGCTAAATTGTTTATAAAGGCGAGGAATTTGTATCTATCAATTACTATTCCAGTTGTCAGTTTACATTGCTTACCCTCTATTATCACATCAAAACAACAAGCAAGAA,ATGGTGAGCAAGGGCGAGGAGCTGTTCACCGGGGTGGTGCCCATCCTGGTC,test,RPL8A,13.1532283880178,-0.13943153619766235
RPL8A_1750,CCGACGCAAACAAATTGGAAAAACCAACGCAAAAAAAAAAAGACGCTAAATTGTTTATAAAGGCGAGGAATTTGTATCTATCAATTACTATTCCAGTTGTCAGTTTACATTGCTTACCCTCTATTATCACATCAAAACAATCTCCAAGAA,ATGGTGAGCAAGGGCGAGGAGCTGTTCACCGGGGTGGTGCCCATCCTGGTC,test,RPL8A,11.3129746744163,-0.14167171716690063
RPL8A_1751,CCGACGCAAACAAATTGGAAAAACCAACGCAAAAAAAAAAAGACGCTAAATTGTTTATAAAGGCGAGGAATTTGTATCTATCAATTACTATTCCAGTTGTCAGTTTACATTGCTTACCCTCTATTATCACATCAAAACAAGCTACAAGAA,ATGGTGAGCAAGGGCGAGGAGCTGTTCACCGGGGTGGTGCCCATCCTGGTC,test,RPL8A,12.4442484486501,0.03422829136252403
RPL8A_1752,CCGACGCAAACAAATTGGAAAAACCAACGCAAAAAAAAAAAGACGCTAAATTGTTTATAAAGGCGAGGAATTTGTATCTATCAATTACTATTCCAGTTGTCAGTTTACATTGCTTACCCTCTATTATCACATCAAAACAACAGACAAGAA,ATGGTGAGCAAGGGCGAGGAGCTGTTCACCGGGGTGGTGCCCATCCTGGTC,test,RPL8A,11.0572400127713,0.014360923320055008
RPL8A_1753,CCGACGCAAACAAATTGGAAAAACCAACGCAAAAAAAAAAAGACGCTAAATTGTTTATAAAGGCGAGGAATTTGTATCTATCAATTACTATTCCAGTTGTCAGTTTACATTGCTTACCCTCTATTATCACATCAAAACAAGGCACAAGAA,ATGGTGAGCAAGGGCGAGGAGCTGTTCACCGGGGTGGTGCCCATCCTGGTC,test,RPL8A,10.2850113692352,-0.08750826120376587
RPL8A_1754,CCGACGCAAACAAATTGGAAAAACCAACGCAAAAAAAAAAAGACGCTAAATTGTTTATAAAGGCGAGGAATTTGTATCTATCAATTACTATTCCAGTTGTCAGTTTACATTGCTTACCCTCTATTATCACATCAAAACAACCCACAAGAA,ATGGTGAGCAAGGGCGAGGAGCTGTTCACCGGGGTGGTGCCCATCCTGGTC,test,RPL8A,11.5162743346282,-0.19344350695610046
RPL8A_1755,CCGACGCAAACAAATTGGAAAAACCAACGCAAAAAAAAAAAGACGCTAAATTGTTTATAAAGGCGAGGAATTTGTATCTATCAATTACTATTCCAGTTGTCAGTTTACATTGCTTACCCTCTATTATCACATCAAAACAACCAACAAGAA,ATGGTGAGCAAGGGCGAGGAGCTGTTCACCGGGGTGGTGCCCATCCTGGTC,test,RPL8A,10.5844599303979,-0.12698978185653687
RPL8A_1756,CCGACGCAAACAAATTGGAAAAACCAACGCAAAAAAAAAAAGACGCTAAATTGTTTATAAAGGCGAGGAATTTGTATCTATCAATTACTATTCCAGTTGTCAGTTTACATTGCTTACCCTCTATTATCACATCAAAACAAACAACAAGAA,ATGGTGAGCAAGGGCGAGGAGCTGTTCACCGGGGTGGTGCCCATCCTGGTC,test,RPL8A,12.4143343554492,-0.05240841209888458
RPL8A_1757,CCGACGCAAACAAATTGGAAAAACCAACGCAAAAAAAAAAAGACGCTAAATTGTTTATAAAGGCGAGGAATTTGTATCTATCAATTACTATTCCAGTTGTCAGTTTACATTGCTTACCCTCTATTATCACATCAAAACAATATTAAAGAA,ATGGTGAGCAAGGGCGAGGAGCTGTTCACCGGGGTGGTGCCCATCCTGGTC,test,RPL8A,11.713306011024,-0.19188952445983887
RPL8A_1758,CCGACGCAAACAAATTGGAAAAACCAACGCAAAAAAAAAAAGACGCTAAATTGTTTATAAAGGCGAGGAATTTGTATCTATCAATTACTATTCCAGTTGTCAGTTTACATTGCTTACCCTCTATTATCACATCAAAACAAACGGAAAGAA,ATGGTGAGCAAGGGCGAGGAGCTGTTCACCGGGGTGGTGCCCATCCTGGTC,test,RPL8A,10.730731259364,-0.3248578608036041
RPL8A_1759,CCGACGCAAACAAATTGGAAAAACCAACGCAAAAAAAAAAAGACGCTAAATTGTTTATAAAGGCGAGGAATTTGTATCTATCAATTACTATTCCAGTTGTCAGTTTACATTGCTTACCCTCTATTATCACATCAAAACAAAAGGAAAGAA,ATGGTGAGCAAGGGCGAGGAGCTGTTCACCGGGGTGGTGCCCATCCTGGTC,test,RPL8A,11.5828540463273,-0.2983897924423218
RPL8A_1760,CCGACGCAAACAAATTGGAAAAACCAACGCAAAAAAAAAAAGACGCTAAATTGTTTATAAAGGCGAGGAATTTGTATCTATCAATTACTATTCCAGTTGTCAGTTTACATTGCTTACCCTCTATTATCACATCAAAACAAAGCCAAAGAA,ATGGTGAGCAAGGGCGAGGAGCTGTTCACCGGGGTGGTGCCCATCCTGGTC,test,RPL8A,11.1090830585179,-0.2097286880016327
RPL8A_1761,CCGACGCAAACAAATTGGAAAAACCAACGCAAAAAAAAAAAGACGCTAAATTGTTTATAAAGGCGAGGAATTTGTATCTATCAATTACTATTCCAGTTGTCAGTTTACATTGCTTACCCTCTATTATCACATCAAAACAACCTCGTTCAA,ATGGTGAGCAAGGGCGAGGAGCTGTTCACCGGGGTGGTGCCCATCCTGGTC,test,RPL8A,11.100431839188,-0.023354802280664444
RPL8A_1762,CCGACGCAAACAAATTGGAAAAACCAACGCAAAAAAAAAAAGACGCTAAATTGTTTATAAAGGCGAGGAATTTGTATCTATCAATTACTATTCCAGTTGTCAGTTTACATTGCTTACCCTCTATTATCACATCAAAACAACTATTGTCAA,ATGGTGAGCAAGGGCGAGGAGCTGTTCACCGGGGTGGTGCCCATCCTGGTC,test,RPL8A,11.6449900665421,-0.0383271798491478
RPL8A_1763,CCGACGCAAACAAATTGGAAAAACCAACGCAAAAAAAAAAAGACGCTAAATTGTTTATAAAGGCGAGGAATTTGTATCTATCAATTACTATTCCAGTTGTCAGTTTACATTGCTTACCCTCTATTATCACATCAAAACAACCCCTGTCAA,ATGGTGAGCAAGGGCGAGGAGCTGTTCACCGGGGTGGTGCCCATCCTGGTC,test,RPL8A,10.5512500760028,-0.20658725500106812
RPL8A_1764,CCGACGCAAACAAATTGGAAAAACCAACGCAAAAAAAAAAAGACGCTAAATTGTTTATAAAGGCGAGGAATTTGTATCTATCAATTACTATTCCAGTTGTCAGTTTACATTGCTTACCCTCTATTATCACATCAAAACAACCGAGGTCAA,ATGGTGAGCAAGGGCGAGGAGCTGTTCACCGGGGTGGTGCCCATCCTGGTC,test,RPL8A,8.76587268134989,-0.15295931696891785
RPL8A_1765,CCGACGCAAACAAATTGGAAAAACCAACGCAAAAAAAAAAAGACGCTAAATTGTTTATAAAGGCGAGGAATTTGTATCTATCAATTACTATTCCAGTTGTCAGTTTACATTGCTTACCCTCTATTATCACATCAAAACAACAACAGTCAA,ATGGTGAGCAAGGGCGAGGAGCTGTTCACCGGGGTGGTGCCCATCCTGGTC,test,RPL8A,9.73559996710662,-0.02998228743672371
RPL8A_1766,CCGACGCAAACAAATTGGAAAAACCAACGCAAAAAAAAAAAGACGCTAAATTGTTTATAAAGGCGAGGAATTTGTATCTATCAATTACTATTCCAGTTGTCAGTTTACATTGCTTACCCTCTATTATCACATCAAAACAACTAAGCTCAA,ATGGTGAGCAAGGGCGAGGAGCTGTTCACCGGGGTGGTGCCCATCCTGGTC,test,RPL8A,12.7498766200033,0.06117090582847595
RPL8A_1767,CCGACGCAAACAAATTGGAAAAACCAACGCAAAAAAAAAAAGACGCTAAATTGTTTATAAAGGCGAGGAATTTGTATCTATCAATTACTATTCCAGTTGTCAGTTTACATTGCTTACCCTCTATTATCACATCAAAACAAGTGGCCTCAA,ATGGTGAGCAAGGGCGAGGAGCTGTTCACCGGGGTGGTGCCCATCCTGGTC,test,RPL8A,8.20594800622852,-0.0038920678198337555
RPL8A_1768,CCGACGCAAACAAATTGGAAAAACCAACGCAAAAAAAAAAAGACGCTAAATTGTTTATAAAGGCGAGGAATTTGTATCTATCAATTACTATTCCAGTTGTCAGTTTACATTGCTTACCCTCTATTATCACATCAAAACAACCCCACTCAA,ATGGTGAGCAAGGGCGAGGAGCTGTTCACCGGGGTGGTGCCCATCCTGGTC,test,RPL8A,10.1035916563429,-0.1216619536280632
RPL8A_1769,CCGACGCAAACAAATTGGAAAAACCAACGCAAAAAAAAAAAGACGCTAAATTGTTTATAAAGGCGAGGAATTTGTATCTATCAATTACTATTCCAGTTGTCAGTTTACATTGCTTACCCTCTATTATCACATCAAAACAAACCCACTCAA,ATGGTGAGCAAGGGCGAGGAGCTGTTCACCGGGGTGGTGCCCATCCTGGTC,test,RPL8A,10.428626874472,-0.0828147754073143
RPL8A_1770,CCGACGCAAACAAATTGGAAAAACCAACGCAAAAAAAAAAAGACGCTAAATTGTTTATAAAGGCGAGGAATTTGTATCTATCAATTACTATTCCAGTTGTCAGTTTACATTGCTTACCCTCTATTATCACATCAAAACAAACACACTCAA,ATGGTGAGCAAGGGCGAGGAGCTGTTCACCGGGGTGGTGCCCATCCTGGTC,test,RPL8A,9.69974104690651,-0.06218890845775604
RPL8A_1771,CCGACGCAAACAAATTGGAAAAACCAACGCAAAAAAAAAAAGACGCTAAATTGTTTATAAAGGCGAGGAATTTGTATCTATCAATTACTATTCCAGTTGTCAGTTTACATTGCTTACCCTCTATTATCACATCAAAACAAAAGCTATCAA,ATGGTGAGCAAGGGCGAGGAGCTGTTCACCGGGGTGGTGCCCATCCTGGTC,test,RPL8A,11.2376307567977,0.00808599404990673
RPL8A_1772,CCGACGCAAACAAATTGGAAAAACCAACGCAAAAAAAAAAAGACGCTAAATTGTTTATAAAGGCGAGGAATTTGTATCTATCAATTACTATTCCAGTTGTCAGTTTACATTGCTTACCCTCTATTATCACATCAAAACAAACCGGATCAA,ATGGTGAGCAAGGGCGAGGAGCTGTTCACCGGGGTGGTGCCCATCCTGGTC,test,RPL8A,9.3191050921637,-0.4113312065601349
RPL8A_1773,CCGACGCAAACAAATTGGAAAAACCAACGCAAAAAAAAAAAGACGCTAAATTGTTTATAAAGGCGAGGAATTTGTATCTATCAATTACTATTCCAGTTGTCAGTTTACATTGCTTACCCTCTATTATCACATCAAAACAATCGCGATCAA,ATGGTGAGCAAGGGCGAGGAGCTGTTCACCGGGGTGGTGCCCATCCTGGTC,test,RPL8A,11.226619389859,0.030543087050318718
RPL8A_1774,CCGACGCAAACAAATTGGAAAAACCAACGCAAAAAAAAAAAGACGCTAAATTGTTTATAAAGGCGAGGAATTTGTATCTATCAATTACTATTCCAGTTGTCAGTTTACATTGCTTACCCTCTATTATCACATCAAAACAAAAGGCATCAA,ATGGTGAGCAAGGGCGAGGAGCTGTTCACCGGGGTGGTGCCCATCCTGGTC,test,RPL8A,7.295462240725,-0.07153133302927017
RPL8A_1775,CCGACGCAAACAAATTGGAAAAACCAACGCAAAAAAAAAAAGACGCTAAATTGTTTATAAAGGCGAGGAATTTGTATCTATCAATTACTATTCCAGTTGTCAGTTTACATTGCTTACCCTCTATTATCACATCAAAACAAATCTAATCAA,ATGGTGAGCAAGGGCGAGGAGCTGTTCACCGGGGTGGTGCCCATCCTGGTC,test,RPL8A,9.37215635884413,-0.35579705238342285
RPL8A_1776,CCGACGCAAACAAATTGGAAAAACCAACGCAAAAAAAAAAAGACGCTAAATTGTTTATAAAGGCGAGGAATTTGTATCTATCAATTACTATTCCAGTTGTCAGTTTACATTGCTTACCCTCTATTATCACATCAAAACAAAGGCAATCAA,ATGGTGAGCAAGGGCGAGGAGCTGTTCACCGGGGTGGTGCCCATCCTGGTC,test,RPL8A,7.4095286843138,-0.11139383167028427
RPL8A_1777,CCGACGCAAACAAATTGGAAAAACCAACGCAAAAAAAAAAAGACGCTAAATTGTTTATAAAGGCGAGGAATTTGTATCTATCAATTACTATTCCAGTTGTCAGTTTACATTGCTTACCCTCTATTATCACATCAAAACAAGCAAAATCAA,ATGGTGAGCAAGGGCGAGGAGCTGTTCACCGGGGTGGTGCCCATCCTGGTC,test,RPL8A,11.3503123663813,-0.13481968641281128
RPL8A_1778,CCGACGCAAACAAATTGGAAAAACCAACGCAAAAAAAAAAAGACGCTAAATTGTTTATAAAGGCGAGGAATTTGTATCTATCAATTACTATTCCAGTTGTCAGTTTACATTGCTTACCCTCTATTATCACATCAAAACAAAAATATGCAA,ATGGTGAGCAAGGGCGAGGAGCTGTTCACCGGGGTGGTGCCCATCCTGGTC,test,RPL8A,10.9629343461893,-0.24858784675598145
RPL8A_1779,CCGACGCAAACAAATTGGAAAAACCAACGCAAAAAAAAAAAGACGCTAAATTGTTTATAAAGGCGAGGAATTTGTATCTATCAATTACTATTCCAGTTGTCAGTTTACATTGCTTACCCTCTATTATCACATCAAAACAAATCCATGCAA,ATGGTGAGCAAGGGCGAGGAGCTGTTCACCGGGGTGGTGCCCATCCTGGTC,test,RPL8A,11.0717907805482,-0.46858489513397217
RPL8A_1780,CCGACGCAAACAAATTGGAAAAACCAACGCAAAAAAAAAAAGACGCTAAATTGTTTATAAAGGCGAGGAATTTGTATCTATCAATTACTATTCCAGTTGTCAGTTTACATTGCTTACCCTCTATTATCACATCAAAACAACTCGAGGCAA,ATGGTGAGCAAGGGCGAGGAGCTGTTCACCGGGGTGGTGCCCATCCTGGTC,test,RPL8A,8.2171925943426,-0.27136123180389404
RPL8A_1781,CCGACGCAAACAAATTGGAAAAACCAACGCAAAAAAAAAAAGACGCTAAATTGTTTATAAAGGCGAGGAATTTGTATCTATCAATTACTATTCCAGTTGTCAGTTTACATTGCTTACCCTCTATTATCACATCAAAACAACCCCAGGCAA,ATGGTGAGCAAGGGCGAGGAGCTGTTCACCGGGGTGGTGCCCATCCTGGTC,test,RPL8A,6.04098585352407,-0.44866877794265747
RPL8A_1782,CCGACGCAAACAAATTGGAAAAACCAACGCAAAAAAAAAAAGACGCTAAATTGTTTATAAAGGCGAGGAATTTGTATCTATCAATTACTATTCCAGTTGTCAGTTTACATTGCTTACCCTCTATTATCACATCAAAACAATCAAAGGCAA,ATGGTGAGCAAGGGCGAGGAGCTGTTCACCGGGGTGGTGCCCATCCTGGTC,test,RPL8A,8.34608132867585,0.21447977423667908
RPL8A_1783,CCGACGCAAACAAATTGGAAAAACCAACGCAAAAAAAAAAAGACGCTAAATTGTTTATAAAGGCGAGGAATTTGTATCTATCAATTACTATTCCAGTTGTCAGTTTACATTGCTTACCCTCTATTATCACATCAAAACAAAGAAGCGCAA,ATGGTGAGCAAGGGCGAGGAGCTGTTCACCGGGGTGGTGCCCATCCTGGTC,test,RPL8A,12.1866913195297,-0.26216617226600647
RPL8A_1784,CCGACGCAAACAAATTGGAAAAACCAACGCAAAAAAAAAAAGACGCTAAATTGTTTATAAAGGCGAGGAATTTGTATCTATCAATTACTATTCCAGTTGTCAGTTTACATTGCTTACCCTCTATTATCACATCAAAACAACAACCCGCAA,ATGGTGAGCAAGGGCGAGGAGCTGTTCACCGGGGTGGTGCCCATCCTGGTC,test,RPL8A,9.10552406864677,-0.08713711053133011
RPL8A_1785,CCGACGCAAACAAATTGGAAAAACCAACGCAAAAAAAAAAAGACGCTAAATTGTTTATAAAGGCGAGGAATTTGTATCTATCAATTACTATTCCAGTTGTCAGTTTACATTGCTTACCCTCTATTATCACATCAAAACAAACACACGCAA,ATGGTGAGCAAGGGCGAGGAGCTGTTCACCGGGGTGGTGCCCATCCTGGTC,test,RPL8A,9.90629825877602,-0.13017526268959045
RPL8A_1786,CCGACGCAAACAAATTGGAAAAACCAACGCAAAAAAAAAAAGACGCTAAATTGTTTATAAAGGCGAGGAATTTGTATCTATCAATTACTATTCCAGTTGTCAGTTTACATTGCTTACCCTCTATTATCACATCAAAACAACATAACGCAA,ATGGTGAGCAAGGGCGAGGAGCTGTTCACCGGGGTGGTGCCCATCCTGGTC,test,RPL8A,11.0023884217708,-0.054279617965221405
RPL8A_1787,CCGACGCAAACAAATTGGAAAAACCAACGCAAAAAAAAAAAGACGCTAAATTGTTTATAAAGGCGAGGAATTTGTATCTATCAATTACTATTCCAGTTGTCAGTTTACATTGCTTACCCTCTATTATCACATCAAAACAAAACAACGCAA,ATGGTGAGCAAGGGCGAGGAGCTGTTCACCGGGGTGGTGCCCATCCTGGTC,test,RPL8A,10.4107437411209,0.03131288290023804
RPL8A_1788,CCGACGCAAACAAATTGGAAAAACCAACGCAAAAAAAAAAAGACGCTAAATTGTTTATAAAGGCGAGGAATTTGTATCTATCAATTACTATTCCAGTTGTCAGTTTACATTGCTTACCCTCTATTATCACATCAAAACAAAAAAACGCAA,ATGGTGAGCAAGGGCGAGGAGCTGTTCACCGGGGTGGTGCCCATCCTGGTC,test,RPL8A,11.5662292414572,-0.46387195587158203
RPL8A_1789,CCGACGCAAACAAATTGGAAAAACCAACGCAAAAAAAAAAAGACGCTAAATTGTTTATAAAGGCGAGGAATTTGTATCTATCAATTACTATTCCAGTTGTCAGTTTACATTGCTTACCCTCTATTATCACATCAAAACAATCACGAGCAA,ATGGTGAGCAAGGGCGAGGAGCTGTTCACCGGGGTGGTGCCCATCCTGGTC,test,RPL8A,11.6114439315099,-0.09137866646051407
RPL8A_1790,CCGACGCAAACAAATTGGAAAAACCAACGCAAAAAAAAAAAGACGCTAAATTGTTTATAAAGGCGAGGAATTTGTATCTATCAATTACTATTCCAGTTGTCAGTTTACATTGCTTACCCTCTATTATCACATCAAAACAAAAACGAGCAA,ATGGTGAGCAAGGGCGAGGAGCTGTTCACCGGGGTGGTGCCCATCCTGGTC,test,RPL8A,12.138496317384,-0.4443129003047943
RPL8A_1791,CCGACGCAAACAAATTGGAAAAACCAACGCAAAAAAAAAAAGACGCTAAATTGTTTATAAAGGCGAGGAATTTGTATCTATCAATTACTATTCCAGTTGTCAGTTTACATTGCTTACCCTCTATTATCACATCAAAACAAAAAAGAGCAA,ATGGTGAGCAAGGGCGAGGAGCTGTTCACCGGGGTGGTGCCCATCCTGGTC,test,RPL8A,11.8806983714515,-0.39882564544677734
RPL8A_1792,CCGACGCAAACAAATTGGAAAAACCAACGCAAAAAAAAAAAGACGCTAAATTGTTTATAAAGGCGAGGAATTTGTATCTATCAATTACTATTCCAGTTGTCAGTTTACATTGCTTACCCTCTATTATCACATCAAAACAAAAAACAGCAA,ATGGTGAGCAAGGGCGAGGAGCTGTTCACCGGGGTGGTGCCCATCCTGGTC,test,RPL8A,10.2674239265939,-0.4115258455276489
RPL8A_1793,CCGACGCAAACAAATTGGAAAAACCAACGCAAAAAAAAAAAGACGCTAAATTGTTTATAAAGGCGAGGAATTTGTATCTATCAATTACTATTCCAGTTGTCAGTTTACATTGCTTACCCTCTATTATCACATCAAAACAACTGTAAGCAA,ATGGTGAGCAAGGGCGAGGAGCTGTTCACCGGGGTGGTGCCCATCCTGGTC,test,RPL8A,11.1376561269795,-0.46025148034095764
RPL8A_1794,CCGACGCAAACAAATTGGAAAAACCAACGCAAAAAAAAAAAGACGCTAAATTGTTTATAAAGGCGAGGAATTTGTATCTATCAATTACTATTCCAGTTGTCAGTTTACATTGCTTACCCTCTATTATCACATCAAAACAACACTAAGCAA,ATGGTGAGCAAGGGCGAGGAGCTGTTCACCGGGGTGGTGCCCATCCTGGTC,test,RPL8A,8.49890851809102,-0.5305603742599487
RPL8A_1795,CCGACGCAAACAAATTGGAAAAACCAACGCAAAAAAAAAAAGACGCTAAATTGTTTATAAAGGCGAGGAATTTGTATCTATCAATTACTATTCCAGTTGTCAGTTTACATTGCTTACCCTCTATTATCACATCAAAACAAAAAGGTCCAA,ATGGTGAGCAAGGGCGAGGAGCTGTTCACCGGGGTGGTGCCCATCCTGGTC,test,RPL8A,10.7070530727591,-0.13632965087890625
RPL8A_1796,CCGACGCAAACAAATTGGAAAAACCAACGCAAAAAAAAAAAGACGCTAAATTGTTTATAAAGGCGAGGAATTTGTATCTATCAATTACTATTCCAGTTGTCAGTTTACATTGCTTACCCTCTATTATCACATCAAAACAACCCAGTCCAA,ATGGTGAGCAAGGGCGAGGAGCTGTTCACCGGGGTGGTGCCCATCCTGGTC,test,RPL8A,10.062538597403,-0.31575149297714233
RPL8A_1797,CCGACGCAAACAAATTGGAAAAACCAACGCAAAAAAAAAAAGACGCTAAATTGTTTATAAAGGCGAGGAATTTGTATCTATCAATTACTATTCCAGTTGTCAGTTTACATTGCTTACCCTCTATTATCACATCAAAACAACAAAGTCCAA,ATGGTGAGCAAGGGCGAGGAGCTGTTCACCGGGGTGGTGCCCATCCTGGTC,test,RPL8A,12.3770081774033,-0.08682180941104889
RPL8A_1798,CCGACGCAAACAAATTGGAAAAACCAACGCAAAAAAAAAAAGACGCTAAATTGTTTATAAAGGCGAGGAATTTGTATCTATCAATTACTATTCCAGTTGTCAGTTTACATTGCTTACCCTCTATTATCACATCAAAACAAAACCCTCCAA,ATGGTGAGCAAGGGCGAGGAGCTGTTCACCGGGGTGGTGCCCATCCTGGTC,test,RPL8A,10.1761866216801,-0.07466758042573929
RPL8A_1799,CCGACGCAAACAAATTGGAAAAACCAACGCAAAAAAAAAAAGACGCTAAATTGTTTATAAAGGCGAGGAATTTGTATCTATCAATTACTATTCCAGTTGTCAGTTTACATTGCTTACCCTCTATTATCACATCAAAACAAATTACTCCAA,ATGGTGAGCAAGGGCGAGGAGCTGTTCACCGGGGTGGTGCCCATCCTGGTC,test,RPL8A,12.217437187446,-0.056884199380874634
RPL8A_1800,CCGACGCAAACAAATTGGAAAAACCAACGCAAAAAAAAAAAGACGCTAAATTGTTTATAAAGGCGAGGAATTTGTATCTATCAATTACTATTCCAGTTGTCAGTTTACATTGCTTACCCTCTATTATCACATCAAAACAACCCCATCCAA,ATGGTGAGCAAGGGCGAGGAGCTGTTCACCGGGGTGGTGCCCATCCTGGTC,test,RPL8A,9.36154495595775,-0.15070882439613342
RPL8A_1801,CCGACGCAAACAAATTGGAAAAACCAACGCAAAAAAAAAAAGACGCTAAATTGTTTATAAAGGCGAGGAATTTGTATCTATCAATTACTATTCCAGTTGTCAGTTTACATTGCTTACCCTCTATTATCACATCAAAACAACACCGGCCAA,ATGGTGAGCAAGGGCGAGGAGCTGTTCACCGGGGTGGTGCCCATCCTGGTC,test,RPL8A,5.39314166294068,-0.22642651200294495
RPL8A_1802,CCGACGCAAACAAATTGGAAAAACCAACGCAAAAAAAAAAAGACGCTAAATTGTTTATAAAGGCGAGGAATTTGTATCTATCAATTACTATTCCAGTTGTCAGTTTACATTGCTTACCCTCTATTATCACATCAAAACAAAGCAGGCCAA,ATGGTGAGCAAGGGCGAGGAGCTGTTCACCGGGGTGGTGCCCATCCTGGTC,test,RPL8A,10.8215358989196,-0.2363438606262207
RPL8A_1803,CCGACGCAAACAAATTGGAAAAACCAACGCAAAAAAAAAAAGACGCTAAATTGTTTATAAAGGCGAGGAATTTGTATCTATCAATTACTATTCCAGTTGTCAGTTTACATTGCTTACCCTCTATTATCACATCAAAACAAAACAGGCCAA,ATGGTGAGCAAGGGCGAGGAGCTGTTCACCGGGGTGGTGCCCATCCTGGTC,test,RPL8A,10.7958730757149,-0.2621702551841736
RPL8A_1804,CCGACGCAAACAAATTGGAAAAACCAACGCAAAAAAAAAAAGACGCTAAATTGTTTATAAAGGCGAGGAATTTGTATCTATCAATTACTATTCCAGTTGTCAGTTTACATTGCTTACCCTCTATTATCACATCAAAACAAATGGCGCCAA,ATGGTGAGCAAGGGCGAGGAGCTGTTCACCGGGGTGGTGCCCATCCTGGTC,test,RPL8A,2.05761433215146,-0.2573010325431824
RPL8A_1805,CCGACGCAAACAAATTGGAAAAACCAACGCAAAAAAAAAAAGACGCTAAATTGTTTATAAAGGCGAGGAATTTGTATCTATCAATTACTATTCCAGTTGTCAGTTTACATTGCTTACCCTCTATTATCACATCAAAACAAGAAACGCCAA,ATGGTGAGCAAGGGCGAGGAGCTGTTCACCGGGGTGGTGCCCATCCTGGTC,test,RPL8A,8.55186337627832,-0.27885499596595764
RPL8A_1806,CCGACGCAAACAAATTGGAAAAACCAACGCAAAAAAAAAAAGACGCTAAATTGTTTATAAAGGCGAGGAATTTGTATCTATCAATTACTATTCCAGTTGTCAGTTTACATTGCTTACCCTCTATTATCACATCAAAACAACAGCAGCCAA,ATGGTGAGCAAGGGCGAGGAGCTGTTCACCGGGGTGGTGCCCATCCTGGTC,test,RPL8A,9.01828015919487,-0.0897948294878006
RPL8A_1807,CCGACGCAAACAAATTGGAAAAACCAACGCAAAAAAAAAAAGACGCTAAATTGTTTATAAAGGCGAGGAATTTGTATCTATCAATTACTATTCCAGTTGTCAGTTTACATTGCTTACCCTCTATTATCACATCAAAACAACCATTCCCAA,ATGGTGAGCAAGGGCGAGGAGCTGTTCACCGGGGTGGTGCCCATCCTGGTC,test,RPL8A,9.77483160597754,-0.09121789038181305
RPL8A_1808,CCGACGCAAACAAATTGGAAAAACCAACGCAAAAAAAAAAAGACGCTAAATTGTTTATAAAGGCGAGGAATTTGTATCTATCAATTACTATTCCAGTTGTCAGTTTACATTGCTTACCCTCTATTATCACATCAAAACAACAGGGCCCAA,ATGGTGAGCAAGGGCGAGGAGCTGTTCACCGGGGTGGTGCCCATCCTGGTC,test,RPL8A,9.2411206487709,-0.18168824911117554
RPL8A_1809,CCGACGCAAACAAATTGGAAAAACCAACGCAAAAAAAAAAAGACGCTAAATTGTTTATAAAGGCGAGGAATTTGTATCTATCAATTACTATTCCAGTTGTCAGTTTACATTGCTTACCCTCTATTATCACATCAAAACAACGCGGCCCAA,ATGGTGAGCAAGGGCGAGGAGCTGTTCACCGGGGTGGTGCCCATCCTGGTC,test,RPL8A,10.6228867959953,-0.3603243827819824
RPL8A_1810,CCGACGCAAACAAATTGGAAAAACCAACGCAAAAAAAAAAAGACGCTAAATTGTTTATAAAGGCGAGGAATTTGTATCTATCAATTACTATTCCAGTTGTCAGTTTACATTGCTTACCCTCTATTATCACATCAAAACAACGGCGCCCAA,ATGGTGAGCAAGGGCGAGGAGCTGTTCACCGGGGTGGTGCCCATCCTGGTC,test,RPL8A,4.9585854488645,-0.1554688811302185
RPL8A_1811,CCGACGCAAACAAATTGGAAAAACCAACGCAAAAAAAAAAAGACGCTAAATTGTTTATAAAGGCGAGGAATTTGTATCTATCAATTACTATTCCAGTTGTCAGTTTACATTGCTTACCCTCTATTATCACATCAAAACAATCGCGCCCAA,ATGGTGAGCAAGGGCGAGGAGCTGTTCACCGGGGTGGTGCCCATCCTGGTC,test,RPL8A,11.1516160901491,-0.016929809004068375
RPL8A_1812,CCGACGCAAACAAATTGGAAAAACCAACGCAAAAAAAAAAAGACGCTAAATTGTTTATAAAGGCGAGGAATTTGTATCTATCAATTACTATTCCAGTTGTCAGTTTACATTGCTTACCCTCTATTATCACATCAAAACAAAGCAGCCCAA,ATGGTGAGCAAGGGCGAGGAGCTGTTCACCGGGGTGGTGCCCATCCTGGTC,test,RPL8A,8.95521767360198,-0.23685896396636963
RPL8A_1813,CCGACGCAAACAAATTGGAAAAACCAACGCAAAAAAAAAAAGACGCTAAATTGTTTATAAAGGCGAGGAATTTGTATCTATCAATTACTATTCCAGTTGTCAGTTTACATTGCTTACCCTCTATTATCACATCAAAACAAATAAGCCCAA,ATGGTGAGCAAGGGCGAGGAGCTGTTCACCGGGGTGGTGCCCATCCTGGTC,test,RPL8A,12.0120959292103,-0.10274247080087662
RPL8A_1814,CCGACGCAAACAAATTGGAAAAACCAACGCAAAAAAAAAAAGACGCTAAATTGTTTATAAAGGCGAGGAATTTGTATCTATCAATTACTATTCCAGTTGTCAGTTTACATTGCTTACCCTCTATTATCACATCAAAACAAAAAAGCCCAA,ATGGTGAGCAAGGGCGAGGAGCTGTTCACCGGGGTGGTGCCCATCCTGGTC,test,RPL8A,12.3544422251052,-0.30614906549453735
RPL8A_1815,CCGACGCAAACAAATTGGAAAAACCAACGCAAAAAAAAAAAGACGCTAAATTGTTTATAAAGGCGAGGAATTTGTATCTATCAATTACTATTCCAGTTGTCAGTTTACATTGCTTACCCTCTATTATCACATCAAAACAAAACTCCCCAA,ATGGTGAGCAAGGGCGAGGAGCTGTTCACCGGGGTGGTGCCCATCCTGGTC,test,RPL8A,12.493752778702,-0.07178933173418045
RPL8A_1816,CCGACGCAAACAAATTGGAAAAACCAACGCAAAAAAAAAAAGACGCTAAATTGTTTATAAAGGCGAGGAATTTGTATCTATCAATTACTATTCCAGTTGTCAGTTTACATTGCTTACCCTCTATTATCACATCAAAACAAGTCGCCCCAA,ATGGTGAGCAAGGGCGAGGAGCTGTTCACCGGGGTGGTGCCCATCCTGGTC,test,RPL8A,11.7292151996496,-0.030302003026008606
RPL8A_1817,CCGACGCAAACAAATTGGAAAAACCAACGCAAAAAAAAAAAGACGCTAAATTGTTTATAAAGGCGAGGAATTTGTATCTATCAATTACTATTCCAGTTGTCAGTTTACATTGCTTACCCTCTATTATCACATCAAAACAACCAGCCCCAA,ATGGTGAGCAAGGGCGAGGAGCTGTTCACCGGGGTGGTGCCCATCCTGGTC,test,RPL8A,10.9120659500394,-0.1514260470867157
RPL8A_1818,CCGACGCAAACAAATTGGAAAAACCAACGCAAAAAAAAAAAGACGCTAAATTGTTTATAAAGGCGAGGAATTTGTATCTATCAATTACTATTCCAGTTGTCAGTTTACATTGCTTACCCTCTATTATCACATCAAAACAAAACCCCCCAA,ATGGTGAGCAAGGGCGAGGAGCTGTTCACCGGGGTGGTGCCCATCCTGGTC,test,RPL8A,11.0351269696895,-0.17425450682640076
RPL8A_1819,CCGACGCAAACAAATTGGAAAAACCAACGCAAAAAAAAAAAGACGCTAAATTGTTTATAAAGGCGAGGAATTTGTATCTATCAATTACTATTCCAGTTGTCAGTTTACATTGCTTACCCTCTATTATCACATCAAAACAAAGACCCCCAA,ATGGTGAGCAAGGGCGAGGAGCTGTTCACCGGGGTGGTGCCCATCCTGGTC,test,RPL8A,8.85654976915376,-0.16889816522598267
RPL8A_1820,CCGACGCAAACAAATTGGAAAAACCAACGCAAAAAAAAAAAGACGCTAAATTGTTTATAAAGGCGAGGAATTTGTATCTATCAATTACTATTCCAGTTGTCAGTTTACATTGCTTACCCTCTATTATCACATCAAAACAAAAGACCCCAA,ATGGTGAGCAAGGGCGAGGAGCTGTTCACCGGGGTGGTGCCCATCCTGGTC,test,RPL8A,10.6023404993213,-0.14520907402038574
RPL8A_1821,CCGACGCAAACAAATTGGAAAAACCAACGCAAAAAAAAAAAGACGCTAAATTGTTTATAAAGGCGAGGAATTTGTATCTATCAATTACTATTCCAGTTGTCAGTTTACATTGCTTACCCTCTATTATCACATCAAAACAATCAGACCCAA,ATGGTGAGCAAGGGCGAGGAGCTGTTCACCGGGGTGGTGCCCATCCTGGTC,test,RPL8A,9.5539911463891,-0.12406984716653824
RPL8A_1822,CCGACGCAAACAAATTGGAAAAACCAACGCAAAAAAAAAAAGACGCTAAATTGTTTATAAAGGCGAGGAATTTGTATCTATCAATTACTATTCCAGTTGTCAGTTTACATTGCTTACCCTCTATTATCACATCAAAACAAGCAGACCCAA,ATGGTGAGCAAGGGCGAGGAGCTGTTCACCGGGGTGGTGCCCATCCTGGTC,test,RPL8A,11.134883961479,-0.19911232590675354
RPL8A_1823,CCGACGCAAACAAATTGGAAAAACCAACGCAAAAAAAAAAAGACGCTAAATTGTTTATAAAGGCGAGGAATTTGTATCTATCAATTACTATTCCAGTTGTCAGTTTACATTGCTTACCCTCTATTATCACATCAAAACAAATTCACCCAA,ATGGTGAGCAAGGGCGAGGAGCTGTTCACCGGGGTGGTGCCCATCCTGGTC,test,RPL8A,8.4251204030163,-0.12103498727083206
RPL8A_1824,CCGACGCAAACAAATTGGAAAAACCAACGCAAAAAAAAAAAGACGCTAAATTGTTTATAAAGGCGAGGAATTTGTATCTATCAATTACTATTCCAGTTGTCAGTTTACATTGCTTACCCTCTATTATCACATCAAAACAAACCCACCCAA,ATGGTGAGCAAGGGCGAGGAGCTGTTCACCGGGGTGGTGCCCATCCTGGTC,test,RPL8A,9.79300553999166,-0.18099075555801392
RPL8A_1825,CCGACGCAAACAAATTGGAAAAACCAACGCAAAAAAAAAAAGACGCTAAATTGTTTATAAAGGCGAGGAATTTGTATCTATCAATTACTATTCCAGTTGTCAGTTTACATTGCTTACCCTCTATTATCACATCAAAACAAATCAACCCAA,ATGGTGAGCAAGGGCGAGGAGCTGTTCACCGGGGTGGTGCCCATCCTGGTC,test,RPL8A,9.76216933767447,-0.13642892241477966
RPL8A_1826,CCGACGCAAACAAATTGGAAAAACCAACGCAAAAAAAAAAAGACGCTAAATTGTTTATAAAGGCGAGGAATTTGTATCTATCAATTACTATTCCAGTTGTCAGTTTACATTGCTTACCCTCTATTATCACATCAAAACAAAGAAACCCAA,ATGGTGAGCAAGGGCGAGGAGCTGTTCACCGGGGTGGTGCCCATCCTGGTC,test,RPL8A,11.6057599476213,-0.0988963320851326
RPL8A_1827,CCGACGCAAACAAATTGGAAAAACCAACGCAAAAAAAAAAAGACGCTAAATTGTTTATAAAGGCGAGGAATTTGTATCTATCAATTACTATTCCAGTTGTCAGTTTACATTGCTTACCCTCTATTATCACATCAAAACAAGAAAACCCAA,ATGGTGAGCAAGGGCGAGGAGCTGTTCACCGGGGTGGTGCCCATCCTGGTC,test,RPL8A,11.6085450998436,-0.15670299530029297
RPL8A_1828,CCGACGCAAACAAATTGGAAAAACCAACGCAAAAAAAAAAAGACGCTAAATTGTTTATAAAGGCGAGGAATTTGTATCTATCAATTACTATTCCAGTTGTCAGTTTACATTGCTTACCCTCTATTATCACATCAAAACAACAAAACCCAA,ATGGTGAGCAAGGGCGAGGAGCTGTTCACCGGGGTGGTGCCCATCCTGGTC,test,RPL8A,10.8950698750902,-0.23464012145996094
RPL8A_1829,CCGACGCAAACAAATTGGAAAAACCAACGCAAAAAAAAAAAGACGCTAAATTGTTTATAAAGGCGAGGAATTTGTATCTATCAATTACTATTCCAGTTGTCAGTTTACATTGCTTACCCTCTATTATCACATCAAAACAACCGATACCAA,ATGGTGAGCAAGGGCGAGGAGCTGTTCACCGGGGTGGTGCCCATCCTGGTC,test,RPL8A,9.6135052901462,-0.16208621859550476
RPL8A_1830,CCGACGCAAACAAATTGGAAAAACCAACGCAAAAAAAAAAAGACGCTAAATTGTTTATAAAGGCGAGGAATTTGTATCTATCAATTACTATTCCAGTTGTCAGTTTACATTGCTTACCCTCTATTATCACATCAAAACAAAAGATACCAA,ATGGTGAGCAAGGGCGAGGAGCTGTTCACCGGGGTGGTGCCCATCCTGGTC,test,RPL8A,10.4210879116493,-0.011503256857395172
RPL8A_1831,CCGACGCAAACAAATTGGAAAAACCAACGCAAAAAAAAAAAGACGCTAAATTGTTTATAAAGGCGAGGAATTTGTATCTATCAATTACTATTCCAGTTGTCAGTTTACATTGCTTACCCTCTATTATCACATCAAAACAACAAATACCAA,ATGGTGAGCAAGGGCGAGGAGCTGTTCACCGGGGTGGTGCCCATCCTGGTC,test,RPL8A,10.9042699340731,-0.18470221757888794
RPL8A_1832,CCGACGCAAACAAATTGGAAAAACCAACGCAAAAAAAAAAAGACGCTAAATTGTTTATAAAGGCGAGGAATTTGTATCTATCAATTACTATTCCAGTTGTCAGTTTACATTGCTTACCCTCTATTATCACATCAAAACAAACCCGACCAA,ATGGTGAGCAAGGGCGAGGAGCTGTTCACCGGGGTGGTGCCCATCCTGGTC,test,RPL8A,9.43424469946721,-0.4780275821685791
RPL8A_1833,CCGACGCAAACAAATTGGAAAAACCAACGCAAAAAAAAAAAGACGCTAAATTGTTTATAAAGGCGAGGAATTTGTATCTATCAATTACTATTCCAGTTGTCAGTTTACATTGCTTACCCTCTATTATCACATCAAAACAAGACCGACCAA,ATGGTGAGCAAGGGCGAGGAGCTGTTCACCGGGGTGGTGCCCATCCTGGTC,test,RPL8A,8.73656215354601,-0.42609983682632446
RPL8A_1834,CCGACGCAAACAAATTGGAAAAACCAACGCAAAAAAAAAAAGACGCTAAATTGTTTATAAAGGCGAGGAATTTGTATCTATCAATTACTATTCCAGTTGTCAGTTTACATTGCTTACCCTCTATTATCACATCAAAACAACTGGCACCAA,ATGGTGAGCAAGGGCGAGGAGCTGTTCACCGGGGTGGTGCCCATCCTGGTC,test,RPL8A,9.38052954441134,-0.05951545387506485
RPL8A_1835,CCGACGCAAACAAATTGGAAAAACCAACGCAAAAAAAAAAAGACGCTAAATTGTTTATAAAGGCGAGGAATTTGTATCTATCAATTACTATTCCAGTTGTCAGTTTACATTGCTTACCCTCTATTATCACATCAAAACAAGCCCAACCAA,ATGGTGAGCAAGGGCGAGGAGCTGTTCACCGGGGTGGTGCCCATCCTGGTC,test,RPL8A,8.20684313234005,-0.3297863006591797
RPL8A_1836,CCGACGCAAACAAATTGGAAAAACCAACGCAAAAAAAAAAAGACGCTAAATTGTTTATAAAGGCGAGGAATTTGTATCTATCAATTACTATTCCAGTTGTCAGTTTACATTGCTTACCCTCTATTATCACATCAAAACAAAACCAACCAA,ATGGTGAGCAAGGGCGAGGAGCTGTTCACCGGGGTGGTGCCCATCCTGGTC,test,RPL8A,8.25835128683445,-0.35003963112831116
RPL8A_1837,CCGACGCAAACAAATTGGAAAAACCAACGCAAAAAAAAAAAGACGCTAAATTGTTTATAAAGGCGAGGAATTTGTATCTATCAATTACTATTCCAGTTGTCAGTTTACATTGCTTACCCTCTATTATCACATCAAAACAAGAACAACCAA,ATGGTGAGCAAGGGCGAGGAGCTGTTCACCGGGGTGGTGCCCATCCTGGTC,test,RPL8A,8.50489485693316,-0.21298009157180786
RPL8A_1838,CCGACGCAAACAAATTGGAAAAACCAACGCAAAAAAAAAAAGACGCTAAATTGTTTATAAAGGCGAGGAATTTGTATCTATCAATTACTATTCCAGTTGTCAGTTTACATTGCTTACCCTCTATTATCACATCAAAACAAAAACAACCAA,ATGGTGAGCAAGGGCGAGGAGCTGTTCACCGGGGTGGTGCCCATCCTGGTC,test,RPL8A,9.08682853900618,-0.21940389275550842
RPL8A_1839,CCGACGCAAACAAATTGGAAAAACCAACGCAAAAAAAAAAAGACGCTAAATTGTTTATAAAGGCGAGGAATTTGTATCTATCAATTACTATTCCAGTTGTCAGTTTACATTGCTTACCCTCTATTATCACATCAAAACAACGGAAACCAA,ATGGTGAGCAAGGGCGAGGAGCTGTTCACCGGGGTGGTGCCCATCCTGGTC,test,RPL8A,9.87366107361018,-0.21250343322753906
RPL8A_1840,CCGACGCAAACAAATTGGAAAAACCAACGCAAAAAAAAAAAGACGCTAAATTGTTTATAAAGGCGAGGAATTTGTATCTATCAATTACTATTCCAGTTGTCAGTTTACATTGCTTACCCTCTATTATCACATCAAAACAAACCAAACCAA,ATGGTGAGCAAGGGCGAGGAGCTGTTCACCGGGGTGGTGCCCATCCTGGTC,test,RPL8A,9.38095638182975,-0.052764251828193665
RPL8A_1841,CCGACGCAAACAAATTGGAAAAACCAACGCAAAAAAAAAAAGACGCTAAATTGTTTATAAAGGCGAGGAATTTGTATCTATCAATTACTATTCCAGTTGTCAGTTTACATTGCTTACCCTCTATTATCACATCAAAACAAGGAAAACCAA,ATGGTGAGCAAGGGCGAGGAGCTGTTCACCGGGGTGGTGCCCATCCTGGTC,test,RPL8A,9.22711227696916,-0.12840822339057922
RPL8A_1842,CCGACGCAAACAAATTGGAAAAACCAACGCAAAAAAAAAAAGACGCTAAATTGTTTATAAAGGCGAGGAATTTGTATCTATCAATTACTATTCCAGTTGTCAGTTTACATTGCTTACCCTCTATTATCACATCAAAACAAACCATTACAA,ATGGTGAGCAAGGGCGAGGAGCTGTTCACCGGGGTGGTGCCCATCCTGGTC,test,RPL8A,10.8315555445288,0.011739499866962433
RPL8A_1843,CCGACGCAAACAAATTGGAAAAACCAACGCAAAAAAAAAAAGACGCTAAATTGTTTATAAAGGCGAGGAATTTGTATCTATCAATTACTATTCCAGTTGTCAGTTTACATTGCTTACCCTCTATTATCACATCAAAACAAGAATCTACAA,ATGGTGAGCAAGGGCGAGGAGCTGTTCACCGGGGTGGTGCCCATCCTGGTC,test,RPL8A,12.2066605965836,0.0759754553437233
RPL8A_1844,CCGACGCAAACAAATTGGAAAAACCAACGCAAAAAAAAAAAGACGCTAAATTGTTTATAAAGGCGAGGAATTTGTATCTATCAATTACTATTCCAGTTGTCAGTTTACATTGCTTACCCTCTATTATCACATCAAAACAAATTTATACAA,ATGGTGAGCAAGGGCGAGGAGCTGTTCACCGGGGTGGTGCCCATCCTGGTC,test,RPL8A,2.04727655253224,-0.01795901730656624
RPL8A_1845,CCGACGCAAACAAATTGGAAAAACCAACGCAAAAAAAAAAAGACGCTAAATTGTTTATAAAGGCGAGGAATTTGTATCTATCAATTACTATTCCAGTTGTCAGTTTACATTGCTTACCCTCTATTATCACATCAAAACAATAAGATACAA,ATGGTGAGCAAGGGCGAGGAGCTGTTCACCGGGGTGGTGCCCATCCTGGTC,test,RPL8A,10.7899655836371,-0.2416389286518097
RPL8A_1846,CCGACGCAAACAAATTGGAAAAACCAACGCAAAAAAAAAAAGACGCTAAATTGTTTATAAAGGCGAGGAATTTGTATCTATCAATTACTATTCCAGTTGTCAGTTTACATTGCTTACCCTCTATTATCACATCAAAACAAAGGAATACAA,ATGGTGAGCAAGGGCGAGGAGCTGTTCACCGGGGTGGTGCCCATCCTGGTC,test,RPL8A,10.1130388498686,-0.2912653386592865
RPL8A_1847,CCGACGCAAACAAATTGGAAAAACCAACGCAAAAAAAAAAAGACGCTAAATTGTTTATAAAGGCGAGGAATTTGTATCTATCAATTACTATTCCAGTTGTCAGTTTACATTGCTTACCCTCTATTATCACATCAAAACAATCGATGACAA,ATGGTGAGCAAGGGCGAGGAGCTGTTCACCGGGGTGGTGCCCATCCTGGTC,test,RPL8A,6.67148699653146,-0.14357122778892517
RPL8A_1848,CCGACGCAAACAAATTGGAAAAACCAACGCAAAAAAAAAAAGACGCTAAATTGTTTATAAAGGCGAGGAATTTGTATCTATCAATTACTATTCCAGTTGTCAGTTTACATTGCTTACCCTCTATTATCACATCAAAACAAAAACCGACAA,ATGGTGAGCAAGGGCGAGGAGCTGTTCACCGGGGTGGTGCCCATCCTGGTC,test,RPL8A,10.0840285446761,-0.45087116956710815
RPL8A_1849,CCGACGCAAACAAATTGGAAAAACCAACGCAAAAAAAAAAAGACGCTAAATTGTTTATAAAGGCGAGGAATTTGTATCTATCAATTACTATTCCAGTTGTCAGTTTACATTGCTTACCCTCTATTATCACATCAAAACAAACCACGACAA,ATGGTGAGCAAGGGCGAGGAGCTGTTCACCGGGGTGGTGCCCATCCTGGTC,test,RPL8A,9.14430439906669,-0.03879305720329285
RPL8A_1850,CCGACGCAAACAAATTGGAAAAACCAACGCAAAAAAAAAAAGACGCTAAATTGTTTATAAAGGCGAGGAATTTGTATCTATCAATTACTATTCCAGTTGTCAGTTTACATTGCTTACCCTCTATTATCACATCAAAACAACATGAGACAA,ATGGTGAGCAAGGGCGAGGAGCTGTTCACCGGGGTGGTGCCCATCCTGGTC,test,RPL8A,9.31273938677959,-0.44125935435295105
RPL8A_1851,CCGACGCAAACAAATTGGAAAAACCAACGCAAAAAAAAAAAGACGCTAAATTGTTTATAAAGGCGAGGAATTTGTATCTATCAATTACTATTCCAGTTGTCAGTTTACATTGCTTACCCTCTATTATCACATCAAAACAAACAAAGACAA,ATGGTGAGCAAGGGCGAGGAGCTGTTCACCGGGGTGGTGCCCATCCTGGTC,test,RPL8A,9.31857929780134,-0.38738879561424255
RPL8A_1852,CCGACGCAAACAAATTGGAAAAACCAACGCAAAAAAAAAAAGACGCTAAATTGTTTATAAAGGCGAGGAATTTGTATCTATCAATTACTATTCCAGTTGTCAGTTTACATTGCTTACCCTCTATTATCACATCAAAACAACTCATCACAA,ATGGTGAGCAAGGGCGAGGAGCTGTTCACCGGGGTGGTGCCCATCCTGGTC,test,RPL8A,10.6967764517782,-0.005206629633903503
RPL8A_1853,CCGACGCAAACAAATTGGAAAAACCAACGCAAAAAAAAAAAGACGCTAAATTGTTTATAAAGGCGAGGAATTTGTATCTATCAATTACTATTCCAGTTGTCAGTTTACATTGCTTACCCTCTATTATCACATCAAAACAACCATGCACAA,ATGGTGAGCAAGGGCGAGGAGCTGTTCACCGGGGTGGTGCCCATCCTGGTC,test,RPL8A,2.06494032355751,-0.16476118564605713
RPL8A_1854,CCGACGCAAACAAATTGGAAAAACCAACGCAAAAAAAAAAAGACGCTAAATTGTTTATAAAGGCGAGGAATTTGTATCTATCAATTACTATTCCAGTTGTCAGTTTACATTGCTTACCCTCTATTATCACATCAAAACAAACCCGCACAA,ATGGTGAGCAAGGGCGAGGAGCTGTTCACCGGGGTGGTGCCCATCCTGGTC,test,RPL8A,12.2527502333878,0.07251562178134918
RPL8A_1855,CCGACGCAAACAAATTGGAAAAACCAACGCAAAAAAAAAAAGACGCTAAATTGTTTATAAAGGCGAGGAATTTGTATCTATCAATTACTATTCCAGTTGTCAGTTTACATTGCTTACCCTCTATTATCACATCAAAACAATTCGCCACAA,ATGGTGAGCAAGGGCGAGGAGCTGTTCACCGGGGTGGTGCCCATCCTGGTC,test,RPL8A,9.75816850916191,-0.11725231260061264
RPL8A_1856,CCGACGCAAACAAATTGGAAAAACCAACGCAAAAAAAAAAAGACGCTAAATTGTTTATAAAGGCGAGGAATTTGTATCTATCAATTACTATTCCAGTTGTCAGTTTACATTGCTTACCCTCTATTATCACATCAAAACAAATAGCCACAA,ATGGTGAGCAAGGGCGAGGAGCTGTTCACCGGGGTGGTGCCCATCCTGGTC,test,RPL8A,11.86262059553,-0.1205185130238533
RPL8A_1857,CCGACGCAAACAAATTGGAAAAACCAACGCAAAAAAAAAAAGACGCTAAATTGTTTATAAAGGCGAGGAATTTGTATCTATCAATTACTATTCCAGTTGTCAGTTTACATTGCTTACCCTCTATTATCACATCAAAACAAGAAGCCACAA,ATGGTGAGCAAGGGCGAGGAGCTGTTCACCGGGGTGGTGCCCATCCTGGTC,test,RPL8A,11.1348239730613,-0.10814208537340164
RPL8A_1858,CCGACGCAAACAAATTGGAAAAACCAACGCAAAAAAAAAAAGACGCTAAATTGTTTATAAAGGCGAGGAATTTGTATCTATCAATTACTATTCCAGTTGTCAGTTTACATTGCTTACCCTCTATTATCACATCAAAACAAGTCCCCACAA,ATGGTGAGCAAGGGCGAGGAGCTGTTCACCGGGGTGGTGCCCATCCTGGTC,test,RPL8A,11.3136710805267,-0.06737019866704941
RPL8A_1859,CCGACGCAAACAAATTGGAAAAACCAACGCAAAAAAAAAAAGACGCTAAATTGTTTATAAAGGCGAGGAATTTGTATCTATCAATTACTATTCCAGTTGTCAGTTTACATTGCTTACCCTCTATTATCACATCAAAACAAGTAACCACAA,ATGGTGAGCAAGGGCGAGGAGCTGTTCACCGGGGTGGTGCCCATCCTGGTC,test,RPL8A,11.2115321964278,0.05293000116944313
RPL8A_1860,CCGACGCAAACAAATTGGAAAAACCAACGCAAAAAAAAAAAGACGCTAAATTGTTTATAAAGGCGAGGAATTTGTATCTATCAATTACTATTCCAGTTGTCAGTTTACATTGCTTACCCTCTATTATCACATCAAAACAAGAAACCACAA,ATGGTGAGCAAGGGCGAGGAGCTGTTCACCGGGGTGGTGCCCATCCTGGTC,test,RPL8A,11.3874682210689,-0.03763078153133392
RPL8A_1861,CCGACGCAAACAAATTGGAAAAACCAACGCAAAAAAAAAAAGACGCTAAATTGTTTATAAAGGCGAGGAATTTGTATCTATCAATTACTATTCCAGTTGTCAGTTTACATTGCTTACCCTCTATTATCACATCAAAACAACAAACCACAA,ATGGTGAGCAAGGGCGAGGAGCTGTTCACCGGGGTGGTGCCCATCCTGGTC,test,RPL8A,11.131084105417,-0.04734096676111221
RPL8A_1862,CCGACGCAAACAAATTGGAAAAACCAACGCAAAAAAAAAAAGACGCTAAATTGTTTATAAAGGCGAGGAATTTGTATCTATCAATTACTATTCCAGTTGTCAGTTTACATTGCTTACCCTCTATTATCACATCAAAACAAAGGTACACAA,ATGGTGAGCAAGGGCGAGGAGCTGTTCACCGGGGTGGTGCCCATCCTGGTC,test,RPL8A,10.4322463711802,-0.18425104022026062
RPL8A_1863,CCGACGCAAACAAATTGGAAAAACCAACGCAAAAAAAAAAAGACGCTAAATTGTTTATAAAGGCGAGGAATTTGTATCTATCAATTACTATTCCAGTTGTCAGTTTACATTGCTTACCCTCTATTATCACATCAAAACAACGCGACACAA,ATGGTGAGCAAGGGCGAGGAGCTGTTCACCGGGGTGGTGCCCATCCTGGTC,test,RPL8A,8.57500680163644,-0.4076760411262512
RPL8A_1864,CCGACGCAAACAAATTGGAAAAACCAACGCAAAAAAAAAAAGACGCTAAATTGTTTATAAAGGCGAGGAATTTGTATCTATCAATTACTATTCCAGTTGTCAGTTTACATTGCTTACCCTCTATTATCACATCAAAACAAGCAAACACAA,ATGGTGAGCAAGGGCGAGGAGCTGTTCACCGGGGTGGTGCCCATCCTGGTC,test,RPL8A,10.4049544334342,-0.20083561539649963
RPL8A_1865,CCGACGCAAACAAATTGGAAAAACCAACGCAAAAAAAAAAAGACGCTAAATTGTTTATAAAGGCGAGGAATTTGTATCTATCAATTACTATTCCAGTTGTCAGTTTACATTGCTTACCCTCTATTATCACATCAAAACAACAATTAACAA,ATGGTGAGCAAGGGCGAGGAGCTGTTCACCGGGGTGGTGCCCATCCTGGTC,test,RPL8A,10.1510291959629,-0.1179283931851387
RPL8A_1866,CCGACGCAAACAAATTGGAAAAACCAACGCAAAAAAAAAAAGACGCTAAATTGTTTATAAAGGCGAGGAATTTGTATCTATCAATTACTATTCCAGTTGTCAGTTTACATTGCTTACCCTCTATTATCACATCAAAACAAACTCTAACAA,ATGGTGAGCAAGGGCGAGGAGCTGTTCACCGGGGTGGTGCCCATCCTGGTC,test,RPL8A,12.4719032328758,-0.08665218204259872
RPL8A_1867,CCGACGCAAACAAATTGGAAAAACCAACGCAAAAAAAAAAAGACGCTAAATTGTTTATAAAGGCGAGGAATTTGTATCTATCAATTACTATTCCAGTTGTCAGTTTACATTGCTTACCCTCTATTATCACATCAAAACAAACTATAACAA,ATGGTGAGCAAGGGCGAGGAGCTGTTCACCGGGGTGGTGCCCATCCTGGTC,test,RPL8A,12.6828295461715,-0.19537600874900818
RPL8A_1868,CCGACGCAAACAAATTGGAAAAACCAACGCAAAAAAAAAAAGACGCTAAATTGTTTATAAAGGCGAGGAATTTGTATCTATCAATTACTATTCCAGTTGTCAGTTTACATTGCTTACCCTCTATTATCACATCAAAACAAAAGCGAACAA,ATGGTGAGCAAGGGCGAGGAGCTGTTCACCGGGGTGGTGCCCATCCTGGTC,test,RPL8A,11.967324350735,-0.4079892039299011
RPL8A_1869,CCGACGCAAACAAATTGGAAAAACCAACGCAAAAAAAAAAAGACGCTAAATTGTTTATAAAGGCGAGGAATTTGTATCTATCAATTACTATTCCAGTTGTCAGTTTACATTGCTTACCCTCTATTATCACATCAAAACAAACAAGAACAA,ATGGTGAGCAAGGGCGAGGAGCTGTTCACCGGGGTGGTGCCCATCCTGGTC,test,RPL8A,13.1683050425576,0.014446184039115906
RPL8A_1870,CCGACGCAAACAAATTGGAAAAACCAACGCAAAAAAAAAAAGACGCTAAATTGTTTATAAAGGCGAGGAATTTGTATCTATCAATTACTATTCCAGTTGTCAGTTTACATTGCTTACCCTCTATTATCACATCAAAACAAAAAGCAACAA,ATGGTGAGCAAGGGCGAGGAGCTGTTCACCGGGGTGGTGCCCATCCTGGTC,test,RPL8A,11.0543981784043,-0.4644676148891449
RPL8A_1871,CCGACGCAAACAAATTGGAAAAACCAACGCAAAAAAAAAAAGACGCTAAATTGTTTATAAAGGCGAGGAATTTGTATCTATCAATTACTATTCCAGTTGTCAGTTTACATTGCTTACCCTCTATTATCACATCAAAACAAACGCCAACAA,ATGGTGAGCAAGGGCGAGGAGCTGTTCACCGGGGTGGTGCCCATCCTGGTC,test,RPL8A,8.80444866749305,-0.4151170253753662
RPL8A_1872,CCGACGCAAACAAATTGGAAAAACCAACGCAAAAAAAAAAAGACGCTAAATTGTTTATAAAGGCGAGGAATTTGTATCTATCAATTACTATTCCAGTTGTCAGTTTACATTGCTTACCCTCTATTATCACATCAAAACAATAGCCAACAA,ATGGTGAGCAAGGGCGAGGAGCTGTTCACCGGGGTGGTGCCCATCCTGGTC,test,RPL8A,9.51063715716945,-0.0024177655577659607
RPL8A_1873,CCGACGCAAACAAATTGGAAAAACCAACGCAAAAAAAAAAAGACGCTAAATTGTTTATAAAGGCGAGGAATTTGTATCTATCAATTACTATTCCAGTTGTCAGTTTACATTGCTTACCCTCTATTATCACATCAAAACAACAGCCAACAA,ATGGTGAGCAAGGGCGAGGAGCTGTTCACCGGGGTGGTGCCCATCCTGGTC,test,RPL8A,8.44535050911084,0.010289616882801056
RPL8A_1874,CCGACGCAAACAAATTGGAAAAACCAACGCAAAAAAAAAAAGACGCTAAATTGTTTATAAAGGCGAGGAATTTGTATCTATCAATTACTATTCCAGTTGTCAGTTTACATTGCTTACCCTCTATTATCACATCAAAACAAGGCCCAACAA,ATGGTGAGCAAGGGCGAGGAGCTGTTCACCGGGGTGGTGCCCATCCTGGTC,test,RPL8A,8.75278959529625,-0.2756366729736328
RPL8A_1875,CCGACGCAAACAAATTGGAAAAACCAACGCAAAAAAAAAAAGACGCTAAATTGTTTATAAAGGCGAGGAATTTGTATCTATCAATTACTATTCCAGTTGTCAGTTTACATTGCTTACCCTCTATTATCACATCAAAACAAAACCCAACAA,ATGGTGAGCAAGGGCGAGGAGCTGTTCACCGGGGTGGTGCCCATCCTGGTC,test,RPL8A,10.9590672817045,0.004969093948602676
RPL8A_1876,CCGACGCAAACAAATTGGAAAAACCAACGCAAAAAAAAAAAGACGCTAAATTGTTTATAAAGGCGAGGAATTTGTATCTATCAATTACTATTCCAGTTGTCAGTTTACATTGCTTACCCTCTATTATCACATCAAAACAACAACCAACAA,ATGGTGAGCAAGGGCGAGGAGCTGTTCACCGGGGTGGTGCCCATCCTGGTC,test,RPL8A,8.43238224180618,-0.1428545117378235
RPL8A_1877,CCGACGCAAACAAATTGGAAAAACCAACGCAAAAAAAAAAAGACGCTAAATTGTTTATAAAGGCGAGGAATTTGTATCTATCAATTACTATTCCAGTTGTCAGTTTACATTGCTTACCCTCTATTATCACATCAAAACAAACCACAACAA,ATGGTGAGCAAGGGCGAGGAGCTGTTCACCGGGGTGGTGCCCATCCTGGTC,test,RPL8A,9.88545200184921,-0.06561324745416641
RPL8A_1878,CCGACGCAAACAAATTGGAAAAACCAACGCAAAAAAAAAAAGACGCTAAATTGTTTATAAAGGCGAGGAATTTGTATCTATCAATTACTATTCCAGTTGTCAGTTTACATTGCTTACCCTCTATTATCACATCAAAACAAAGGGAAACAA,ATGGTGAGCAAGGGCGAGGAGCTGTTCACCGGGGTGGTGCCCATCCTGGTC,test,RPL8A,7.14641103380885,-0.3259339928627014
RPL8A_1879,CCGACGCAAACAAATTGGAAAAACCAACGCAAAAAAAAAAAGACGCTAAATTGTTTATAAAGGCGAGGAATTTGTATCTATCAATTACTATTCCAGTTGTCAGTTTACATTGCTTACCCTCTATTATCACATCAAAACAACGACAAACAA,ATGGTGAGCAAGGGCGAGGAGCTGTTCACCGGGGTGGTGCCCATCCTGGTC,test,RPL8A,8.55989585273836,-0.4147363603115082
RPL8A_1880,CCGACGCAAACAAATTGGAAAAACCAACGCAAAAAAAAAAAGACGCTAAATTGTTTATAAAGGCGAGGAATTTGTATCTATCAATTACTATTCCAGTTGTCAGTTTACATTGCTTACCCTCTATTATCACATCAAAACAACCACAAACAA,ATGGTGAGCAAGGGCGAGGAGCTGTTCACCGGGGTGGTGCCCATCCTGGTC,test,RPL8A,9.48480940532533,-0.269241601228714
RPL8A_1881,CCGACGCAAACAAATTGGAAAAACCAACGCAAAAAAAAAAAGACGCTAAATTGTTTATAAAGGCGAGGAATTTGTATCTATCAATTACTATTCCAGTTGTCAGTTTACATTGCTTACCCTCTATTATCACATCAAAACAAACACAAACAA,ATGGTGAGCAAGGGCGAGGAGCTGTTCACCGGGGTGGTGCCCATCCTGGTC,test,RPL8A,11.2154089853012,-0.4781301021575928
RPL8A_1882,CCGACGCAAACAAATTGGAAAAACCAACGCAAAAAAAAAAAGACGCTAAATTGTTTATAAAGGCGAGGAATTTGTATCTATCAATTACTATTCCAGTTGTCAGTTTACATTGCTTACCCTCTATTATCACATCAAAACAATCTAAAACAA,ATGGTGAGCAAGGGCGAGGAGCTGTTCACCGGGGTGGTGCCCATCCTGGTC,test,RPL8A,10.8078551490854,-0.05514947324991226
RPL8A_1883,CCGACGCAAACAAATTGGAAAAACCAACGCAAAAAAAAAAAGACGCTAAATTGTTTATAAAGGCGAGGAATTTGTATCTATCAATTACTATTCCAGTTGTCAGTTTACATTGCTTACCCTCTATTATCACATCAAAACAAGAGAAAACAA,ATGGTGAGCAAGGGCGAGGAGCTGTTCACCGGGGTGGTGCCCATCCTGGTC,test,RPL8A,11.6548029228148,-0.2717788815498352
RPL8A_1884,CCGACGCAAACAAATTGGAAAAACCAACGCAAAAAAAAAAAGACGCTAAATTGTTTATAAAGGCGAGGAATTTGTATCTATCAATTACTATTCCAGTTGTCAGTTTACATTGCTTACCCTCTATTATCACATCAAAACAACCAACTTAAA,ATGGTGAGCAAGGGCGAGGAGCTGTTCACCGGGGTGGTGCCCATCCTGGTC,test,RPL8A,10.3255146272119,0.12800636887550354
RPL8A_1885,CCGACGCAAACAAATTGGAAAAACCAACGCAAAAAAAAAAAGACGCTAAATTGTTTATAAAGGCGAGGAATTTGTATCTATCAATTACTATTCCAGTTGTCAGTTTACATTGCTTACCCTCTATTATCACATCAAAACAACCCGATTAAA,ATGGTGAGCAAGGGCGAGGAGCTGTTCACCGGGGTGGTGCCCATCCTGGTC,test,RPL8A,11.5036716176077,-0.25542712211608887
RPL8A_1886,CCGACGCAAACAAATTGGAAAAACCAACGCAAAAAAAAAAAGACGCTAAATTGTTTATAAAGGCGAGGAATTTGTATCTATCAATTACTATTCCAGTTGTCAGTTTACATTGCTTACCCTCTATTATCACATCAAAACAACTACCGTAAA,ATGGTGAGCAAGGGCGAGGAGCTGTTCACCGGGGTGGTGCCCATCCTGGTC,test,RPL8A,3.64390793773056,-0.1265994906425476
RPL8A_1887,CCGACGCAAACAAATTGGAAAAACCAACGCAAAAAAAAAAAGACGCTAAATTGTTTATAAAGGCGAGGAATTTGTATCTATCAATTACTATTCCAGTTGTCAGTTTACATTGCTTACCCTCTATTATCACATCAAAACAAAACACGTAAA,ATGGTGAGCAAGGGCGAGGAGCTGTTCACCGGGGTGGTGCCCATCCTGGTC,test,RPL8A,11.8429967811719,-0.15016630291938782
RPL8A_1888,CCGACGCAAACAAATTGGAAAAACCAACGCAAAAAAAAAAAGACGCTAAATTGTTTATAAAGGCGAGGAATTTGTATCTATCAATTACTATTCCAGTTGTCAGTTTACATTGCTTACCCTCTATTATCACATCAAAACAAACGAAGTAAA,ATGGTGAGCAAGGGCGAGGAGCTGTTCACCGGGGTGGTGCCCATCCTGGTC,test,RPL8A,12.2175036468782,-0.005152754485607147
RPL8A_1889,CCGACGCAAACAAATTGGAAAAACCAACGCAAAAAAAAAAAGACGCTAAATTGTTTATAAAGGCGAGGAATTTGTATCTATCAATTACTATTCCAGTTGTCAGTTTACATTGCTTACCCTCTATTATCACATCAAAACAAAAGAAGTAAA,ATGGTGAGCAAGGGCGAGGAGCTGTTCACCGGGGTGGTGCCCATCCTGGTC,test,RPL8A,12.0340770105471,-0.055213458836078644
RPL8A_1890,CCGACGCAAACAAATTGGAAAAACCAACGCAAAAAAAAAAAGACGCTAAATTGTTTATAAAGGCGAGGAATTTGTATCTATCAATTACTATTCCAGTTGTCAGTTTACATTGCTTACCCTCTATTATCACATCAAAACAACCACGCTAAA,ATGGTGAGCAAGGGCGAGGAGCTGTTCACCGGGGTGGTGCCCATCCTGGTC,test,RPL8A,11.4442679831963,-0.055638574063777924
RPL8A_1891,CCGACGCAAACAAATTGGAAAAACCAACGCAAAAAAAAAAAGACGCTAAATTGTTTATAAAGGCGAGGAATTTGTATCTATCAATTACTATTCCAGTTGTCAGTTTACATTGCTTACCCTCTATTATCACATCAAAACAAGACGCCTAAA,ATGGTGAGCAAGGGCGAGGAGCTGTTCACCGGGGTGGTGCCCATCCTGGTC,test,RPL8A,11.9148050044137,-0.06057918816804886
RPL8A_1892,CCGACGCAAACAAATTGGAAAAACCAACGCAAAAAAAAAAAGACGCTAAATTGTTTATAAAGGCGAGGAATTTGTATCTATCAATTACTATTCCAGTTGTCAGTTTACATTGCTTACCCTCTATTATCACATCAAAACAAAGACACTAAA,ATGGTGAGCAAGGGCGAGGAGCTGTTCACCGGGGTGGTGCCCATCCTGGTC,test,RPL8A,10.3855049208551,-0.14049804210662842
RPL8A_1893,CCGACGCAAACAAATTGGAAAAACCAACGCAAAAAAAAAAAGACGCTAAATTGTTTATAAAGGCGAGGAATTTGTATCTATCAATTACTATTCCAGTTGTCAGTTTACATTGCTTACCCTCTATTATCACATCAAAACAAGTGAACTAAA,ATGGTGAGCAAGGGCGAGGAGCTGTTCACCGGGGTGGTGCCCATCCTGGTC,test,RPL8A,12.454775263962,-0.04899533838033676
RPL8A_1894,CCGACGCAAACAAATTGGAAAAACCAACGCAAAAAAAAAAAGACGCTAAATTGTTTATAAAGGCGAGGAATTTGTATCTATCAATTACTATTCCAGTTGTCAGTTTACATTGCTTACCCTCTATTATCACATCAAAACAAACCAACTAAA,ATGGTGAGCAAGGGCGAGGAGCTGTTCACCGGGGTGGTGCCCATCCTGGTC,test,RPL8A,11.1261483205043,-0.03373812884092331
RPL8A_1895,CCGACGCAAACAAATTGGAAAAACCAACGCAAAAAAAAAAAGACGCTAAATTGTTTATAAAGGCGAGGAATTTGTATCTATCAATTACTATTCCAGTTGTCAGTTTACATTGCTTACCCTCTATTATCACATCAAAACAACGAAACTAAA,ATGGTGAGCAAGGGCGAGGAGCTGTTCACCGGGGTGGTGCCCATCCTGGTC,test,RPL8A,11.7453157936274,-0.06559350341558456
RPL8A_1896,CCGACGCAAACAAATTGGAAAAACCAACGCAAAAAAAAAAAGACGCTAAATTGTTTATAAAGGCGAGGAATTTGTATCTATCAATTACTATTCCAGTTGTCAGTTTACATTGCTTACCCTCTATTATCACATCAAAACAAAAACGATAAA,ATGGTGAGCAAGGGCGAGGAGCTGTTCACCGGGGTGGTGCCCATCCTGGTC,test,RPL8A,13.6510697176096,-0.1114567294716835
RPL8A_1897,CCGACGCAAACAAATTGGAAAAACCAACGCAAAAAAAAAAAGACGCTAAATTGTTTATAAAGGCGAGGAATTTGTATCTATCAATTACTATTCCAGTTGTCAGTTTACATTGCTTACCCTCTATTATCACATCAAAACAATAAAGATAAA,ATGGTGAGCAAGGGCGAGGAGCTGTTCACCGGGGTGGTGCCCATCCTGGTC,test,RPL8A,13.1846117359658,0.06949714571237564
RPL8A_1898,CCGACGCAAACAAATTGGAAAAACCAACGCAAAAAAAAAAAGACGCTAAATTGTTTATAAAGGCGAGGAATTTGTATCTATCAATTACTATTCCAGTTGTCAGTTTACATTGCTTACCCTCTATTATCACATCAAAACAAGCGCAATAAA,ATGGTGAGCAAGGGCGAGGAGCTGTTCACCGGGGTGGTGCCCATCCTGGTC,test,RPL8A,13.2817403485376,-0.03717249631881714
RPL8A_1899,CCGACGCAAACAAATTGGAAAAACCAACGCAAAAAAAAAAAGACGCTAAATTGTTTATAAAGGCGAGGAATTTGTATCTATCAATTACTATTCCAGTTGTCAGTTTACATTGCTTACCCTCTATTATCACATCAAAACAAACCAAATAAA,ATGGTGAGCAAGGGCGAGGAGCTGTTCACCGGGGTGGTGCCCATCCTGGTC,test,RPL8A,11.4690048915259,-0.042775847017765045
RPL8A_1900,CCGACGCAAACAAATTGGAAAAACCAACGCAAAAAAAAAAAGACGCTAAATTGTTTATAAAGGCGAGGAATTTGTATCTATCAATTACTATTCCAGTTGTCAGTTTACATTGCTTACCCTCTATTATCACATCAAAACAAACAAAATAAA,ATGGTGAGCAAGGGCGAGGAGCTGTTCACCGGGGTGGTGCCCATCCTGGTC,test,RPL8A,12.2361071536294,-0.12732398509979248
RPL8A_1901,CCGACGCAAACAAATTGGAAAAACCAACGCAAAAAAAAAAAGACGCTAAATTGTTTATAAAGGCGAGGAATTTGTATCTATCAATTACTATTCCAGTTGTCAGTTTACATTGCTTACCCTCTATTATCACATCAAAACAACAATCTGAAA,ATGGTGAGCAAGGGCGAGGAGCTGTTCACCGGGGTGGTGCCCATCCTGGTC,test,RPL8A,13.2065652572537,-0.1845054030418396
RPL8A_1902,CCGACGCAAACAAATTGGAAAAACCAACGCAAAAAAAAAAAGACGCTAAATTGTTTATAAAGGCGAGGAATTTGTATCTATCAATTACTATTCCAGTTGTCAGTTTACATTGCTTACCCTCTATTATCACATCAAAACAATCCACGGAAA,ATGGTGAGCAAGGGCGAGGAGCTGTTCACCGGGGTGGTGCCCATCCTGGTC,test,RPL8A,11.1273640254896,0.010819558054208755
RPL8A_1903,CCGACGCAAACAAATTGGAAAAACCAACGCAAAAAAAAAAAGACGCTAAATTGTTTATAAAGGCGAGGAATTTGTATCTATCAATTACTATTCCAGTTGTCAGTTTACATTGCTTACCCTCTATTATCACATCAAAACAACCGCCCGAAA,ATGGTGAGCAAGGGCGAGGAGCTGTTCACCGGGGTGGTGCCCATCCTGGTC,test,RPL8A,11.4674656974897,-0.32406848669052124
RPL8A_1904,CCGACGCAAACAAATTGGAAAAACCAACGCAAAAAAAAAAAGACGCTAAATTGTTTATAAAGGCGAGGAATTTGTATCTATCAATTACTATTCCAGTTGTCAGTTTACATTGCTTACCCTCTATTATCACATCAAAACAAGAGCCCGAAA,ATGGTGAGCAAGGGCGAGGAGCTGTTCACCGGGGTGGTGCCCATCCTGGTC,test,RPL8A,12.2047660256392,-0.3636438250541687
RPL8A_1905,CCGACGCAAACAAATTGGAAAAACCAACGCAAAAAAAAAAAGACGCTAAATTGTTTATAAAGGCGAGGAATTTGTATCTATCAATTACTATTCCAGTTGTCAGTTTACATTGCTTACCCTCTATTATCACATCAAAACAACCCCACGAAA,ATGGTGAGCAAGGGCGAGGAGCTGTTCACCGGGGTGGTGCCCATCCTGGTC,test,RPL8A,11.3424834389462,-0.1382620930671692
RPL8A_1906,CCGACGCAAACAAATTGGAAAAACCAACGCAAAAAAAAAAAGACGCTAAATTGTTTATAAAGGCGAGGAATTTGTATCTATCAATTACTATTCCAGTTGTCAGTTTACATTGCTTACCCTCTATTATCACATCAAAACAACAACACGAAA,ATGGTGAGCAAGGGCGAGGAGCTGTTCACCGGGGTGGTGCCCATCCTGGTC,test,RPL8A,10.1786038562696,-0.1715402901172638
RPL8A_1907,CCGACGCAAACAAATTGGAAAAACCAACGCAAAAAAAAAAAGACGCTAAATTGTTTATAAAGGCGAGGAATTTGTATCTATCAATTACTATTCCAGTTGTCAGTTTACATTGCTTACCCTCTATTATCACATCAAAACAAAATAACGAAA,ATGGTGAGCAAGGGCGAGGAGCTGTTCACCGGGGTGGTGCCCATCCTGGTC,test,RPL8A,13.4570322356459,0.03770514577627182
RPL8A_1908,CCGACGCAAACAAATTGGAAAAACCAACGCAAAAAAAAAAAGACGCTAAATTGTTTATAAAGGCGAGGAATTTGTATCTATCAATTACTATTCCAGTTGTCAGTTTACATTGCTTACCCTCTATTATCACATCAAAACAAAAGAACGAAA,ATGGTGAGCAAGGGCGAGGAGCTGTTCACCGGGGTGGTGCCCATCCTGGTC,test,RPL8A,12.6757925508361,-0.33671683073043823
RPL8A_1909,CCGACGCAAACAAATTGGAAAAACCAACGCAAAAAAAAAAAGACGCTAAATTGTTTATAAAGGCGAGGAATTTGTATCTATCAATTACTATTCCAGTTGTCAGTTTACATTGCTTACCCTCTATTATCACATCAAAACAACAGCTAGAAA,ATGGTGAGCAAGGGCGAGGAGCTGTTCACCGGGGTGGTGCCCATCCTGGTC,test,RPL8A,12.0224712691108,-0.09430035203695297
RPL8A_1910,CCGACGCAAACAAATTGGAAAAACCAACGCAAAAAAAAAAAGACGCTAAATTGTTTATAAAGGCGAGGAATTTGTATCTATCAATTACTATTCCAGTTGTCAGTTTACATTGCTTACCCTCTATTATCACATCAAAACAACTACGAGAAA,ATGGTGAGCAAGGGCGAGGAGCTGTTCACCGGGGTGGTGCCCATCCTGGTC,test,RPL8A,13.0267806268591,-0.3618634045124054
RPL8A_1911,CCGACGCAAACAAATTGGAAAAACCAACGCAAAAAAAAAAAGACGCTAAATTGTTTATAAAGGCGAGGAATTTGTATCTATCAATTACTATTCCAGTTGTCAGTTTACATTGCTTACCCTCTATTATCACATCAAAACAAAACCCAGAAA,ATGGTGAGCAAGGGCGAGGAGCTGTTCACCGGGGTGGTGCCCATCCTGGTC,test,RPL8A,11.2340523072739,-0.48798811435699463
RPL8A_1912,CCGACGCAAACAAATTGGAAAAACCAACGCAAAAAAAAAAAGACGCTAAATTGTTTATAAAGGCGAGGAATTTGTATCTATCAATTACTATTCCAGTTGTCAGTTTACATTGCTTACCCTCTATTATCACATCAAAACAAGCACCAGAAA,ATGGTGAGCAAGGGCGAGGAGCTGTTCACCGGGGTGGTGCCCATCCTGGTC,test,RPL8A,8.82947759599492,-0.4145582318305969
RPL8A_1913,CCGACGCAAACAAATTGGAAAAACCAACGCAAAAAAAAAAAGACGCTAAATTGTTTATAAAGGCGAGGAATTTGTATCTATCAATTACTATTCCAGTTGTCAGTTTACATTGCTTACCCTCTATTATCACATCAAAACAAACCACAGAAA,ATGGTGAGCAAGGGCGAGGAGCTGTTCACCGGGGTGGTGCCCATCCTGGTC,test,RPL8A,9.67391636883522,-0.2779225707054138
RPL8A_1914,CCGACGCAAACAAATTGGAAAAACCAACGCAAAAAAAAAAAGACGCTAAATTGTTTATAAAGGCGAGGAATTTGTATCTATCAATTACTATTCCAGTTGTCAGTTTACATTGCTTACCCTCTATTATCACATCAAAACAAAAAACAGAAA,ATGGTGAGCAAGGGCGAGGAGCTGTTCACCGGGGTGGTGCCCATCCTGGTC,test,RPL8A,10.8398427363667,-0.4670948088169098
RPL8A_1915,CCGACGCAAACAAATTGGAAAAACCAACGCAAAAAAAAAAAGACGCTAAATTGTTTATAAAGGCGAGGAATTTGTATCTATCAATTACTATTCCAGTTGTCAGTTTACATTGCTTACCCTCTATTATCACATCAAAACAACCTCAAGAAA,ATGGTGAGCAAGGGCGAGGAGCTGTTCACCGGGGTGGTGCCCATCCTGGTC,test,RPL8A,11.2903335555679,-0.25014960765838623
RPL8A_1916,CCGACGCAAACAAATTGGAAAAACCAACGCAAAAAAAAAAAGACGCTAAATTGTTTATAAAGGCGAGGAATTTGTATCTATCAATTACTATTCCAGTTGTCAGTTTACATTGCTTACCCTCTATTATCACATCAAAACAAACTCAAGAAA,ATGGTGAGCAAGGGCGAGGAGCTGTTCACCGGGGTGGTGCCCATCCTGGTC,test,RPL8A,13.1400621089636,-0.4333270192146301
RPL8A_1917,CCGACGCAAACAAATTGGAAAAACCAACGCAAAAAAAAAAAGACGCTAAATTGTTTATAAAGGCGAGGAATTTGTATCTATCAATTACTATTCCAGTTGTCAGTTTACATTGCTTACCCTCTATTATCACATCAAAACAAACCCAAGAAA,ATGGTGAGCAAGGGCGAGGAGCTGTTCACCGGGGTGGTGCCCATCCTGGTC,test,RPL8A,12.1088078268133,-0.21899136900901794
RPL8A_1918,CCGACGCAAACAAATTGGAAAAACCAACGCAAAAAAAAAAAGACGCTAAATTGTTTATAAAGGCGAGGAATTTGTATCTATCAATTACTATTCCAGTTGTCAGTTTACATTGCTTACCCTCTATTATCACATCAAAACAACACCAAGAAA,ATGGTGAGCAAGGGCGAGGAGCTGTTCACCGGGGTGGTGCCCATCCTGGTC,test,RPL8A,8.53927769941495,-0.4722498059272766
RPL8A_1919,CCGACGCAAACAAATTGGAAAAACCAACGCAAAAAAAAAAAGACGCTAAATTGTTTATAAAGGCGAGGAATTTGTATCTATCAATTACTATTCCAGTTGTCAGTTTACATTGCTTACCCTCTATTATCACATCAAAACAAACACAAGAAA,ATGGTGAGCAAGGGCGAGGAGCTGTTCACCGGGGTGGTGCCCATCCTGGTC,test,RPL8A,12.8905462760527,-0.32504960894584656
RPL8A_1920,CCGACGCAAACAAATTGGAAAAACCAACGCAAAAAAAAAAAGACGCTAAATTGTTTATAAAGGCGAGGAATTTGTATCTATCAATTACTATTCCAGTTGTCAGTTTACATTGCTTACCCTCTATTATCACATCAAAACAAGCGAAAGAAA,ATGGTGAGCAAGGGCGAGGAGCTGTTCACCGGGGTGGTGCCCATCCTGGTC,test,RPL8A,13.1553661623851,-0.31629127264022827
RPL8A_1921,CCGACGCAAACAAATTGGAAAAACCAACGCAAAAAAAAAAAGACGCTAAATTGTTTATAAAGGCGAGGAATTTGTATCTATCAATTACTATTCCAGTTGTCAGTTTACATTGCTTACCCTCTATTATCACATCAAAACAACCCAAAGAAA,ATGGTGAGCAAGGGCGAGGAGCTGTTCACCGGGGTGGTGCCCATCCTGGTC,test,RPL8A,11.258997399378,-0.2365390956401825
RPL8A_1922,CCGACGCAAACAAATTGGAAAAACCAACGCAAAAAAAAAAAGACGCTAAATTGTTTATAAAGGCGAGGAATTTGTATCTATCAATTACTATTCCAGTTGTCAGTTTACATTGCTTACCCTCTATTATCACATCAAAACAACTACGTCAAA,ATGGTGAGCAAGGGCGAGGAGCTGTTCACCGGGGTGGTGCCCATCCTGGTC,test,RPL8A,13.3071751478194,-0.03712727129459381
RPL8A_1923,CCGACGCAAACAAATTGGAAAAACCAACGCAAAAAAAAAAAGACGCTAAATTGTTTATAAAGGCGAGGAATTTGTATCTATCAATTACTATTCCAGTTGTCAGTTTACATTGCTTACCCTCTATTATCACATCAAAACAAAAAAGTCAAA,ATGGTGAGCAAGGGCGAGGAGCTGTTCACCGGGGTGGTGCCCATCCTGGTC,test,RPL8A,13.1277169035644,-0.16360417008399963
RPL8A_1924,CCGACGCAAACAAATTGGAAAAACCAACGCAAAAAAAAAAAGACGCTAAATTGTTTATAAAGGCGAGGAATTTGTATCTATCAATTACTATTCCAGTTGTCAGTTTACATTGCTTACCCTCTATTATCACATCAAAACAACCCCCTCAAA,ATGGTGAGCAAGGGCGAGGAGCTGTTCACCGGGGTGGTGCCCATCCTGGTC,test,RPL8A,11.7975325858582,-0.10257556289434433
RPL8A_1925,CCGACGCAAACAAATTGGAAAAACCAACGCAAAAAAAAAAAGACGCTAAATTGTTTATAAAGGCGAGGAATTTGTATCTATCAATTACTATTCCAGTTGTCAGTTTACATTGCTTACCCTCTATTATCACATCAAAACAACCCACTCAAA,ATGGTGAGCAAGGGCGAGGAGCTGTTCACCGGGGTGGTGCCCATCCTGGTC,test,RPL8A,11.6308754283256,-0.05490324646234512
RPL8A_1926,CCGACGCAAACAAATTGGAAAAACCAACGCAAAAAAAAAAAGACGCTAAATTGTTTATAAAGGCGAGGAATTTGTATCTATCAATTACTATTCCAGTTGTCAGTTTACATTGCTTACCCTCTATTATCACATCAAAACAACGTCATCAAA,ATGGTGAGCAAGGGCGAGGAGCTGTTCACCGGGGTGGTGCCCATCCTGGTC,test,RPL8A,11.1148082551523,-0.006328918039798737
RPL8A_1927,CCGACGCAAACAAATTGGAAAAACCAACGCAAAAAAAAAAAGACGCTAAATTGTTTATAAAGGCGAGGAATTTGTATCTATCAATTACTATTCCAGTTGTCAGTTTACATTGCTTACCCTCTATTATCACATCAAAACAAGGGCATCAAA,ATGGTGAGCAAGGGCGAGGAGCTGTTCACCGGGGTGGTGCCCATCCTGGTC,test,RPL8A,9.54122430033752,-0.06662938743829727
RPL8A_1928,CCGACGCAAACAAATTGGAAAAACCAACGCAAAAAAAAAAAGACGCTAAATTGTTTATAAAGGCGAGGAATTTGTATCTATCAATTACTATTCCAGTTGTCAGTTTACATTGCTTACCCTCTATTATCACATCAAAACAAGCACATCAAA,ATGGTGAGCAAGGGCGAGGAGCTGTTCACCGGGGTGGTGCCCATCCTGGTC,test,RPL8A,13.5790085436037,-0.02173544093966484
RPL8A_1929,CCGACGCAAACAAATTGGAAAAACCAACGCAAAAAAAAAAAGACGCTAAATTGTTTATAAAGGCGAGGAATTTGTATCTATCAATTACTATTCCAGTTGTCAGTTTACATTGCTTACCCTCTATTATCACATCAAAACAACCGAATCAAA,ATGGTGAGCAAGGGCGAGGAGCTGTTCACCGGGGTGGTGCCCATCCTGGTC,test,RPL8A,11.6710812704645,-0.39748334884643555
RPL8A_1930,CCGACGCAAACAAATTGGAAAAACCAACGCAAAAAAAAAAAGACGCTAAATTGTTTATAAAGGCGAGGAATTTGTATCTATCAATTACTATTCCAGTTGTCAGTTTACATTGCTTACCCTCTATTATCACATCAAAACAACACCTGCAAA,ATGGTGAGCAAGGGCGAGGAGCTGTTCACCGGGGTGGTGCCCATCCTGGTC,test,RPL8A,9.81780583702503,-0.07938168942928314
RPL8A_1931,CCGACGCAAACAAATTGGAAAAACCAACGCAAAAAAAAAAAGACGCTAAATTGTTTATAAAGGCGAGGAATTTGTATCTATCAATTACTATTCCAGTTGTCAGTTTACATTGCTTACCCTCTATTATCACATCAAAACAAGTAAGGCAAA,ATGGTGAGCAAGGGCGAGGAGCTGTTCACCGGGGTGGTGCCCATCCTGGTC,test,RPL8A,12.8753765711047,-0.025315340608358383
RPL8A_1932,CCGACGCAAACAAATTGGAAAAACCAACGCAAAAAAAAAAAGACGCTAAATTGTTTATAAAGGCGAGGAATTTGTATCTATCAATTACTATTCCAGTTGTCAGTTTACATTGCTTACCCTCTATTATCACATCAAAACAACCCTCGCAAA,ATGGTGAGCAAGGGCGAGGAGCTGTTCACCGGGGTGGTGCCCATCCTGGTC,test,RPL8A,12.0572540246661,-0.06303709000349045
RPL8A_1933,CCGACGCAAACAAATTGGAAAAACCAACGCAAAAAAAAAAAGACGCTAAATTGTTTATAAAGGCGAGGAATTTGTATCTATCAATTACTATTCCAGTTGTCAGTTTACATTGCTTACCCTCTATTATCACATCAAAACAACCATCGCAAA,ATGGTGAGCAAGGGCGAGGAGCTGTTCACCGGGGTGGTGCCCATCCTGGTC,test,RPL8A,10.7174288081945,-0.06834419071674347
RPL8A_1934,CCGACGCAAACAAATTGGAAAAACCAACGCAAAAAAAAAAAGACGCTAAATTGTTTATAAAGGCGAGGAATTTGTATCTATCAATTACTATTCCAGTTGTCAGTTTACATTGCTTACCCTCTATTATCACATCAAAACAACACGCGCAAA,ATGGTGAGCAAGGGCGAGGAGCTGTTCACCGGGGTGGTGCCCATCCTGGTC,test,RPL8A,11.5189485768742,-0.0784212127327919
RPL8A_1935,CCGACGCAAACAAATTGGAAAAACCAACGCAAAAAAAAAAAGACGCTAAATTGTTTATAAAGGCGAGGAATTTGTATCTATCAATTACTATTCCAGTTGTCAGTTTACATTGCTTACCCTCTATTATCACATCAAAACAACTAGCGCAAA,ATGGTGAGCAAGGGCGAGGAGCTGTTCACCGGGGTGGTGCCCATCCTGGTC,test,RPL8A,14.1485792082154,-0.0881352424621582
RPL8A_1936,CCGACGCAAACAAATTGGAAAAACCAACGCAAAAAAAAAAAGACGCTAAATTGTTTATAAAGGCGAGGAATTTGTATCTATCAATTACTATTCCAGTTGTCAGTTTACATTGCTTACCCTCTATTATCACATCAAAACAAGTACCGCAAA,ATGGTGAGCAAGGGCGAGGAGCTGTTCACCGGGGTGGTGCCCATCCTGGTC,test,RPL8A,13.1950470404975,-0.0248124822974205
RPL8A_1937,CCGACGCAAACAAATTGGAAAAACCAACGCAAAAAAAAAAAGACGCTAAATTGTTTATAAAGGCGAGGAATTTGTATCTATCAATTACTATTCCAGTTGTCAGTTTACATTGCTTACCCTCTATTATCACATCAAAACAAGGACCGCAAA,ATGGTGAGCAAGGGCGAGGAGCTGTTCACCGGGGTGGTGCCCATCCTGGTC,test,RPL8A,10.0951752719201,-0.08222473412752151
RPL8A_1938,CCGACGCAAACAAATTGGAAAAACCAACGCAAAAAAAAAAAGACGCTAAATTGTTTATAAAGGCGAGGAATTTGTATCTATCAATTACTATTCCAGTTGTCAGTTTACATTGCTTACCCTCTATTATCACATCAAAACAACATCAGCAAA,ATGGTGAGCAAGGGCGAGGAGCTGTTCACCGGGGTGGTGCCCATCCTGGTC,test,RPL8A,10.7991232625405,-0.02744874358177185
RPL8A_1939,CCGACGCAAACAAATTGGAAAAACCAACGCAAAAAAAAAAAGACGCTAAATTGTTTATAAAGGCGAGGAATTTGTATCTATCAATTACTATTCCAGTTGTCAGTTTACATTGCTTACCCTCTATTATCACATCAAAACAAACCCTCCAAA,ATGGTGAGCAAGGGCGAGGAGCTGTTCACCGGGGTGGTGCCCATCCTGGTC,test,RPL8A,11.2198690694121,-0.07239082455635071
RPL8A_1940,CCGACGCAAACAAATTGGAAAAACCAACGCAAAAAAAAAAAGACGCTAAATTGTTTATAAAGGCGAGGAATTTGTATCTATCAATTACTATTCCAGTTGTCAGTTTACATTGCTTACCCTCTATTATCACATCAAAACAAGTACTCCAAA,ATGGTGAGCAAGGGCGAGGAGCTGTTCACCGGGGTGGTGCCCATCCTGGTC,test,RPL8A,12.5435890186223,-0.058944135904312134
RPL8A_1941,CCGACGCAAACAAATTGGAAAAACCAACGCAAAAAAAAAAAGACGCTAAATTGTTTATAAAGGCGAGGAATTTGTATCTATCAATTACTATTCCAGTTGTCAGTTTACATTGCTTACCCTCTATTATCACATCAAAACAAGGTATCCAAA,ATGGTGAGCAAGGGCGAGGAGCTGTTCACCGGGGTGGTGCCCATCCTGGTC,test,RPL8A,12.3160386290434,-0.10629681497812271
RPL8A_1942,CCGACGCAAACAAATTGGAAAAACCAACGCAAAAAAAAAAAGACGCTAAATTGTTTATAAAGGCGAGGAATTTGTATCTATCAATTACTATTCCAGTTGTCAGTTTACATTGCTTACCCTCTATTATCACATCAAAACAAGCCCGCCAAA,ATGGTGAGCAAGGGCGAGGAGCTGTTCACCGGGGTGGTGCCCATCCTGGTC,test,RPL8A,10.0129938652985,-0.03185722976922989
RPL8A_1943,CCGACGCAAACAAATTGGAAAAACCAACGCAAAAAAAAAAAGACGCTAAATTGTTTATAAAGGCGAGGAATTTGTATCTATCAATTACTATTCCAGTTGTCAGTTTACATTGCTTACCCTCTATTATCACATCAAAACAACCACGCCAAA,ATGGTGAGCAAGGGCGAGGAGCTGTTCACCGGGGTGGTGCCCATCCTGGTC,test,RPL8A,9.6329255333745,-0.12104099243879318
RPL8A_1944,CCGACGCAAACAAATTGGAAAAACCAACGCAAAAAAAAAAAGACGCTAAATTGTTTATAAAGGCGAGGAATTTGTATCTATCAATTACTATTCCAGTTGTCAGTTTACATTGCTTACCCTCTATTATCACATCAAAACAAACACGCCAAA,ATGGTGAGCAAGGGCGAGGAGCTGTTCACCGGGGTGGTGCCCATCCTGGTC,test,RPL8A,10.3412106746445,-0.37121808528900146
RPL8A_1945,CCGACGCAAACAAATTGGAAAAACCAACGCAAAAAAAAAAAGACGCTAAATTGTTTATAAAGGCGAGGAATTTGTATCTATCAATTACTATTCCAGTTGTCAGTTTACATTGCTTACCCTCTATTATCACATCAAAACAATAAAGCCAAA,ATGGTGAGCAAGGGCGAGGAGCTGTTCACCGGGGTGGTGCCCATCCTGGTC,test,RPL8A,10.506600942493,-0.06156712770462036
RPL8A_1946,CCGACGCAAACAAATTGGAAAAACCAACGCAAAAAAAAAAAGACGCTAAATTGTTTATAAAGGCGAGGAATTTGTATCTATCAATTACTATTCCAGTTGTCAGTTTACATTGCTTACCCTCTATTATCACATCAAAACAAAGATCCCAAA,ATGGTGAGCAAGGGCGAGGAGCTGTTCACCGGGGTGGTGCCCATCCTGGTC,test,RPL8A,11.9661184448135,-0.020749900490045547
RPL8A_1947,CCGACGCAAACAAATTGGAAAAACCAACGCAAAAAAAAAAAGACGCTAAATTGTTTATAAAGGCGAGGAATTTGTATCTATCAATTACTATTCCAGTTGTCAGTTTACATTGCTTACCCTCTATTATCACATCAAAACAAACTGCCCAAA,ATGGTGAGCAAGGGCGAGGAGCTGTTCACCGGGGTGGTGCCCATCCTGGTC,test,RPL8A,13.0130979423207,-0.12863829731941223
RPL8A_1948,CCGACGCAAACAAATTGGAAAAACCAACGCAAAAAAAAAAAGACGCTAAATTGTTTATAAAGGCGAGGAATTTGTATCTATCAATTACTATTCCAGTTGTCAGTTTACATTGCTTACCCTCTATTATCACATCAAAACAACAGGCCCAAA,ATGGTGAGCAAGGGCGAGGAGCTGTTCACCGGGGTGGTGCCCATCCTGGTC,test,RPL8A,11.8350435808128,-0.15774601697921753
RPL8A_1949,CCGACGCAAACAAATTGGAAAAACCAACGCAAAAAAAAAAAGACGCTAAATTGTTTATAAAGGCGAGGAATTTGTATCTATCAATTACTATTCCAGTTGTCAGTTTACATTGCTTACCCTCTATTATCACATCAAAACAAAGCCCCCAAA,ATGGTGAGCAAGGGCGAGGAGCTGTTCACCGGGGTGGTGCCCATCCTGGTC,test,RPL8A,11.2328690074875,-0.14542588591575623
RPL8A_1950,CCGACGCAAACAAATTGGAAAAACCAACGCAAAAAAAAAAAGACGCTAAATTGTTTATAAAGGCGAGGAATTTGTATCTATCAATTACTATTCCAGTTGTCAGTTTACATTGCTTACCCTCTATTATCACATCAAAACAAGCGACCCAAA,ATGGTGAGCAAGGGCGAGGAGCTGTTCACCGGGGTGGTGCCCATCCTGGTC,test,RPL8A,11.1862976379457,-0.199874609708786
RPL8A_1951,CCGACGCAAACAAATTGGAAAAACCAACGCAAAAAAAAAAAGACGCTAAATTGTTTATAAAGGCGAGGAATTTGTATCTATCAATTACTATTCCAGTTGTCAGTTTACATTGCTTACCCTCTATTATCACATCAAAACAACAAGACCAAA,ATGGTGAGCAAGGGCGAGGAGCTGTTCACCGGGGTGGTGCCCATCCTGGTC,test,RPL8A,10.4204819329497,-0.1573757529258728
RPL8A_1952,CCGACGCAAACAAATTGGAAAAACCAACGCAAAAAAAAAAAGACGCTAAATTGTTTATAAAGGCGAGGAATTTGTATCTATCAATTACTATTCCAGTTGTCAGTTTACATTGCTTACCCTCTATTATCACATCAAAACAACATCACCAAA,ATGGTGAGCAAGGGCGAGGAGCTGTTCACCGGGGTGGTGCCCATCCTGGTC,test,RPL8A,7.83311728941433,-0.10319728404283524
RPL8A_1953,CCGACGCAAACAAATTGGAAAAACCAACGCAAAAAAAAAAAGACGCTAAATTGTTTATAAAGGCGAGGAATTTGTATCTATCAATTACTATTCCAGTTGTCAGTTTACATTGCTTACCCTCTATTATCACATCAAAACAACACAACCAAA,ATGGTGAGCAAGGGCGAGGAGCTGTTCACCGGGGTGGTGCCCATCCTGGTC,test,RPL8A,9.97671055465195,-0.2207120656967163
RPL8A_1954,CCGACGCAAACAAATTGGAAAAACCAACGCAAAAAAAAAAAGACGCTAAATTGTTTATAAAGGCGAGGAATTTGTATCTATCAATTACTATTCCAGTTGTCAGTTTACATTGCTTACCCTCTATTATCACATCAAAACAAGAGATACAAA,ATGGTGAGCAAGGGCGAGGAGCTGTTCACCGGGGTGGTGCCCATCCTGGTC,test,RPL8A,13.0412375823848,-0.30671584606170654
RPL8A_1955,CCGACGCAAACAAATTGGAAAAACCAACGCAAAAAAAAAAAGACGCTAAATTGTTTATAAAGGCGAGGAATTTGTATCTATCAATTACTATTCCAGTTGTCAGTTTACATTGCTTACCCTCTATTATCACATCAAAACAACCAAGACAAA,ATGGTGAGCAAGGGCGAGGAGCTGTTCACCGGGGTGGTGCCCATCCTGGTC,test,RPL8A,8.69803519446063,-0.36100348830223083
RPL8A_1956,CCGACGCAAACAAATTGGAAAAACCAACGCAAAAAAAAAAAGACGCTAAATTGTTTATAAAGGCGAGGAATTTGTATCTATCAATTACTATTCCAGTTGTCAGTTTACATTGCTTACCCTCTATTATCACATCAAAACAAAAAAGACAAA,ATGGTGAGCAAGGGCGAGGAGCTGTTCACCGGGGTGGTGCCCATCCTGGTC,test,RPL8A,11.7581247855964,-0.44386643171310425
RPL8A_1957,CCGACGCAAACAAATTGGAAAAACCAACGCAAAAAAAAAAAGACGCTAAATTGTTTATAAAGGCGAGGAATTTGTATCTATCAATTACTATTCCAGTTGTCAGTTTACATTGCTTACCCTCTATTATCACATCAAAACAATCCGCACAAA,ATGGTGAGCAAGGGCGAGGAGCTGTTCACCGGGGTGGTGCCCATCCTGGTC,test,RPL8A,12.9828343268491,-0.09844394773244858
RPL8A_1958,CCGACGCAAACAAATTGGAAAAACCAACGCAAAAAAAAAAAGACGCTAAATTGTTTATAAAGGCGAGGAATTTGTATCTATCAATTACTATTCCAGTTGTCAGTTTACATTGCTTACCCTCTATTATCACATCAAAACAAAATCCACAAA,ATGGTGAGCAAGGGCGAGGAGCTGTTCACCGGGGTGGTGCCCATCCTGGTC,test,RPL8A,12.5828802263343,-0.22241389751434326
RPL8A_1959,CCGACGCAAACAAATTGGAAAAACCAACGCAAAAAAAAAAAGACGCTAAATTGTTTATAAAGGCGAGGAATTTGTATCTATCAATTACTATTCCAGTTGTCAGTTTACATTGCTTACCCTCTATTATCACATCAAAACAATCCACACAAA,ATGGTGAGCAAGGGCGAGGAGCTGTTCACCGGGGTGGTGCCCATCCTGGTC,test,RPL8A,12.3490744083272,-0.1703621745109558
RPL8A_1960,CCGACGCAAACAAATTGGAAAAACCAACGCAAAAAAAAAAAGACGCTAAATTGTTTATAAAGGCGAGGAATTTGTATCTATCAATTACTATTCCAGTTGTCAGTTTACATTGCTTACCCTCTATTATCACATCAAAACAACCCACACAAA,ATGGTGAGCAAGGGCGAGGAGCTGTTCACCGGGGTGGTGCCCATCCTGGTC,test,RPL8A,10.2283569686624,-0.164777934551239
RPL8A_1961,CCGACGCAAACAAATTGGAAAAACCAACGCAAAAAAAAAAAGACGCTAAATTGTTTATAAAGGCGAGGAATTTGTATCTATCAATTACTATTCCAGTTGTCAGTTTACATTGCTTACCCTCTATTATCACATCAAAACAAGAAGAACAAA,ATGGTGAGCAAGGGCGAGGAGCTGTTCACCGGGGTGGTGCCCATCCTGGTC,test,RPL8A,13.7186077128673,-0.06828942149877548
RPL8A_1962,CCGACGCAAACAAATTGGAAAAACCAACGCAAAAAAAAAAAGACGCTAAATTGTTTATAAAGGCGAGGAATTTGTATCTATCAATTACTATTCCAGTTGTCAGTTTACATTGCTTACCCTCTATTATCACATCAAAACAACTCCAACAAA,ATGGTGAGCAAGGGCGAGGAGCTGTTCACCGGGGTGGTGCCCATCCTGGTC,test,RPL8A,11.3249597189188,-0.2013755440711975
RPL8A_1963,CCGACGCAAACAAATTGGAAAAACCAACGCAAAAAAAAAAAGACGCTAAATTGTTTATAAAGGCGAGGAATTTGTATCTATCAATTACTATTCCAGTTGTCAGTTTACATTGCTTACCCTCTATTATCACATCAAAACAACAACAACAAA,ATGGTGAGCAAGGGCGAGGAGCTGTTCACCGGGGTGGTGCCCATCCTGGTC,test,RPL8A,11.6385477623235,-0.1272726058959961
RPL8A_1964,CCGACGCAAACAAATTGGAAAAACCAACGCAAAAAAAAAAAGACGCTAAATTGTTTATAAAGGCGAGGAATTTGTATCTATCAATTACTATTCCAGTTGTCAGTTTACATTGCTTACCCTCTATTATCACATCAAAACAAGGTAAACAAA,ATGGTGAGCAAGGGCGAGGAGCTGTTCACCGGGGTGGTGCCCATCCTGGTC,test,RPL8A,12.8106192823525,-0.35761407017707825
RPL8A_1965,CCGACGCAAACAAATTGGAAAAACCAACGCAAAAAAAAAAAGACGCTAAATTGTTTATAAAGGCGAGGAATTTGTATCTATCAATTACTATTCCAGTTGTCAGTTTACATTGCTTACCCTCTATTATCACATCAAAACAAAGTAAACAAA,ATGGTGAGCAAGGGCGAGGAGCTGTTCACCGGGGTGGTGCCCATCCTGGTC,test,RPL8A,13.7025596346109,-0.3884601593017578
RPL8A_1966,CCGACGCAAACAAATTGGAAAAACCAACGCAAAAAAAAAAAGACGCTAAATTGTTTATAAAGGCGAGGAATTTGTATCTATCAATTACTATTCCAGTTGTCAGTTTACATTGCTTACCCTCTATTATCACATCAAAACAAACTAAACAAA,ATGGTGAGCAAGGGCGAGGAGCTGTTCACCGGGGTGGTGCCCATCCTGGTC,test,RPL8A,13.4876254415986,-0.12228169292211533
RPL8A_1967,CCGACGCAAACAAATTGGAAAAACCAACGCAAAAAAAAAAAGACGCTAAATTGTTTATAAAGGCGAGGAATTTGTATCTATCAATTACTATTCCAGTTGTCAGTTTACATTGCTTACCCTCTATTATCACATCAAAACAACGGAAACAAA,ATGGTGAGCAAGGGCGAGGAGCTGTTCACCGGGGTGGTGCCCATCCTGGTC,test,RPL8A,11.7697453637659,-0.21751466393470764
RPL8A_1968,CCGACGCAAACAAATTGGAAAAACCAACGCAAAAAAAAAAAGACGCTAAATTGTTTATAAAGGCGAGGAATTTGTATCTATCAATTACTATTCCAGTTGTCAGTTTACATTGCTTACCCTCTATTATCACATCAAAACAAACGAAACAAA,ATGGTGAGCAAGGGCGAGGAGCTGTTCACCGGGGTGGTGCCCATCCTGGTC,test,RPL8A,13.56784987612,-0.21907857060432434
RPL8A_1969,CCGACGCAAACAAATTGGAAAAACCAACGCAAAAAAAAAAAGACGCTAAATTGTTTATAAAGGCGAGGAATTTGTATCTATCAATTACTATTCCAGTTGTCAGTTTACATTGCTTACCCTCTATTATCACATCAAAACAAAACCGTAAAA,ATGGTGAGCAAGGGCGAGGAGCTGTTCACCGGGGTGGTGCCCATCCTGGTC,test,RPL8A,11.857878158843,-0.38841408491134644
RPL8A_1970,CCGACGCAAACAAATTGGAAAAACCAACGCAAAAAAAAAAAGACGCTAAATTGTTTATAAAGGCGAGGAATTTGTATCTATCAATTACTATTCCAGTTGTCAGTTTACATTGCTTACCCTCTATTATCACATCAAAACAAACGAGTAAAA,ATGGTGAGCAAGGGCGAGGAGCTGTTCACCGGGGTGGTGCCCATCCTGGTC,test,RPL8A,12.2304542070036,-0.05644576996564865
RPL8A_1971,CCGACGCAAACAAATTGGAAAAACCAACGCAAAAAAAAAAAGACGCTAAATTGTTTATAAAGGCGAGGAATTTGTATCTATCAATTACTATTCCAGTTGTCAGTTTACATTGCTTACCCTCTATTATCACATCAAAACAAGGGGCTAAAA,ATGGTGAGCAAGGGCGAGGAGCTGTTCACCGGGGTGGTGCCCATCCTGGTC,test,RPL8A,9.28149495827791,-0.12627378106117249
RPL8A_1972,CCGACGCAAACAAATTGGAAAAACCAACGCAAAAAAAAAAAGACGCTAAATTGTTTATAAAGGCGAGGAATTTGTATCTATCAATTACTATTCCAGTTGTCAGTTTACATTGCTTACCCTCTATTATCACATCAAAACAAGTTACTAAAA,ATGGTGAGCAAGGGCGAGGAGCTGTTCACCGGGGTGGTGCCCATCCTGGTC,test,RPL8A,13.9746507291971,-0.0006974339485168457
RPL8A_1973,CCGACGCAAACAAATTGGAAAAACCAACGCAAAAAAAAAAAGACGCTAAATTGTTTATAAAGGCGAGGAATTTGTATCTATCAATTACTATTCCAGTTGTCAGTTTACATTGCTTACCCTCTATTATCACATCAAAACAAACAACTAAAA,ATGGTGAGCAAGGGCGAGGAGCTGTTCACCGGGGTGGTGCCCATCCTGGTC,test,RPL8A,12.5654132538393,0.249850332736969
RPL8A_1974,CCGACGCAAACAAATTGGAAAAACCAACGCAAAAAAAAAAAGACGCTAAATTGTTTATAAAGGCGAGGAATTTGTATCTATCAATTACTATTCCAGTTGTCAGTTTACATTGCTTACCCTCTATTATCACATCAAAACAAAATGATAAAA,ATGGTGAGCAAGGGCGAGGAGCTGTTCACCGGGGTGGTGCCCATCCTGGTC,test,RPL8A,11.6058165030012,-0.5050060749053955
RPL8A_1975,CCGACGCAAACAAATTGGAAAAACCAACGCAAAAAAAAAAAGACGCTAAATTGTTTATAAAGGCGAGGAATTTGTATCTATCAATTACTATTCCAGTTGTCAGTTTACATTGCTTACCCTCTATTATCACATCAAAACAACGCCATAAAA,ATGGTGAGCAAGGGCGAGGAGCTGTTCACCGGGGTGGTGCCCATCCTGGTC,test,RPL8A,10.3096382702499,-0.12546715140342712
RPL8A_1976,CCGACGCAAACAAATTGGAAAAACCAACGCAAAAAAAAAAAGACGCTAAATTGTTTATAAAGGCGAGGAATTTGTATCTATCAATTACTATTCCAGTTGTCAGTTTACATTGCTTACCCTCTATTATCACATCAAAACAAAACCATAAAA,ATGGTGAGCAAGGGCGAGGAGCTGTTCACCGGGGTGGTGCCCATCCTGGTC,test,RPL8A,11.3365462543209,-0.21942374110221863
RPL8A_1977,CCGACGCAAACAAATTGGAAAAACCAACGCAAAAAAAAAAAGACGCTAAATTGTTTATAAAGGCGAGGAATTTGTATCTATCAATTACTATTCCAGTTGTCAGTTTACATTGCTTACCCTCTATTATCACATCAAAACAACAAAATAAAA,ATGGTGAGCAAGGGCGAGGAGCTGTTCACCGGGGTGGTGCCCATCCTGGTC,test,RPL8A,13.2083689822607,-0.15916064381599426
RPL8A_1978,CCGACGCAAACAAATTGGAAAAACCAACGCAAAAAAAAAAAGACGCTAAATTGTTTATAAAGGCGAGGAATTTGTATCTATCAATTACTATTCCAGTTGTCAGTTTACATTGCTTACCCTCTATTATCACATCAAAACAAGATAGGAAAA,ATGGTGAGCAAGGGCGAGGAGCTGTTCACCGGGGTGGTGCCCATCCTGGTC,test,RPL8A,11.9290385440888,0.07765012979507446
RPL8A_1979,CCGACGCAAACAAATTGGAAAAACCAACGCAAAAAAAAAAAGACGCTAAATTGTTTATAAAGGCGAGGAATTTGTATCTATCAATTACTATTCCAGTTGTCAGTTTACATTGCTTACCCTCTATTATCACATCAAAACAACAAACGAAAA,ATGGTGAGCAAGGGCGAGGAGCTGTTCACCGGGGTGGTGCCCATCCTGGTC,test,RPL8A,13.5327250726791,-0.06789245456457138
RPL8A_1980,CCGACGCAAACAAATTGGAAAAACCAACGCAAAAAAAAAAAGACGCTAAATTGTTTATAAAGGCGAGGAATTTGTATCTATCAATTACTATTCCAGTTGTCAGTTTACATTGCTTACCCTCTATTATCACATCAAAACAAGCCGAGAAAA,ATGGTGAGCAAGGGCGAGGAGCTGTTCACCGGGGTGGTGCCCATCCTGGTC,test,RPL8A,12.6593981768653,-0.23865297436714172
RPL8A_1981,CCGACGCAAACAAATTGGAAAAACCAACGCAAAAAAAAAAAGACGCTAAATTGTTTATAAAGGCGAGGAATTTGTATCTATCAATTACTATTCCAGTTGTCAGTTTACATTGCTTACCCTCTATTATCACATCAAAACAAGGGCAGAAAA,ATGGTGAGCAAGGGCGAGGAGCTGTTCACCGGGGTGGTGCCCATCCTGGTC,test,RPL8A,9.42322791830242,-0.1526413857936859
RPL8A_1982,CCGACGCAAACAAATTGGAAAAACCAACGCAAAAAAAAAAAGACGCTAAATTGTTTATAAAGGCGAGGAATTTGTATCTATCAATTACTATTCCAGTTGTCAGTTTACATTGCTTACCCTCTATTATCACATCAAAACAACGCCAGAAAA,ATGGTGAGCAAGGGCGAGGAGCTGTTCACCGGGGTGGTGCCCATCCTGGTC,test,RPL8A,9.01397885104232,-0.3605664372444153
RPL8A_1983,CCGACGCAAACAAATTGGAAAAACCAACGCAAAAAAAAAAAGACGCTAAATTGTTTATAAAGGCGAGGAATTTGTATCTATCAATTACTATTCCAGTTGTCAGTTTACATTGCTTACCCTCTATTATCACATCAAAACAAAACAAGAAAA,ATGGTGAGCAAGGGCGAGGAGCTGTTCACCGGGGTGGTGCCCATCCTGGTC,test,RPL8A,13.7003609562916,0.09251686185598373
RPL8A_1984,CCGACGCAAACAAATTGGAAAAACCAACGCAAAAAAAAAAAGACGCTAAATTGTTTATAAAGGCGAGGAATTTGTATCTATCAATTACTATTCCAGTTGTCAGTTTACATTGCTTACCCTCTATTATCACATCAAAACAAACAAAGAAAA,ATGGTGAGCAAGGGCGAGGAGCTGTTCACCGGGGTGGTGCCCATCCTGGTC,test,RPL8A,13.331079882643,-0.07145949453115463
RPL8A_1985,CCGACGCAAACAAATTGGAAAAACCAACGCAAAAAAAAAAAGACGCTAAATTGTTTATAAAGGCGAGGAATTTGTATCTATCAATTACTATTCCAGTTGTCAGTTTACATTGCTTACCCTCTATTATCACATCAAAACAACCGATCAAAA,ATGGTGAGCAAGGGCGAGGAGCTGTTCACCGGGGTGGTGCCCATCCTGGTC,test,RPL8A,11.9683332476553,-0.006856344640254974
RPL8A_1986,CCGACGCAAACAAATTGGAAAAACCAACGCAAAAAAAAAAAGACGCTAAATTGTTTATAAAGGCGAGGAATTTGTATCTATCAATTACTATTCCAGTTGTCAGTTTACATTGCTTACCCTCTATTATCACATCAAAACAACCCATCAAAA,ATGGTGAGCAAGGGCGAGGAGCTGTTCACCGGGGTGGTGCCCATCCTGGTC,test,RPL8A,10.3029730906248,0.014084877446293831
RPL8A_1987,CCGACGCAAACAAATTGGAAAAACCAACGCAAAAAAAAAAAGACGCTAAATTGTTTATAAAGGCGAGGAATTTGTATCTATCAATTACTATTCCAGTTGTCAGTTTACATTGCTTACCCTCTATTATCACATCAAAACAAACCGGCAAAA,ATGGTGAGCAAGGGCGAGGAGCTGTTCACCGGGGTGGTGCCCATCCTGGTC,test,RPL8A,11.9502074927577,-0.40493887662887573
RPL8A_1988,CCGACGCAAACAAATTGGAAAAACCAACGCAAAAAAAAAAAGACGCTAAATTGTTTATAAAGGCGAGGAATTTGTATCTATCAATTACTATTCCAGTTGTCAGTTTACATTGCTTACCCTCTATTATCACATCAAAACAATACGGCAAAA,ATGGTGAGCAAGGGCGAGGAGCTGTTCACCGGGGTGGTGCCCATCCTGGTC,test,RPL8A,11.8325617265983,-0.37629300355911255
RPL8A_1989,CCGACGCAAACAAATTGGAAAAACCAACGCAAAAAAAAAAAGACGCTAAATTGTTTATAAAGGCGAGGAATTTGTATCTATCAATTACTATTCCAGTTGTCAGTTTACATTGCTTACCCTCTATTATCACATCAAAACAAGCACGCAAAA,ATGGTGAGCAAGGGCGAGGAGCTGTTCACCGGGGTGGTGCCCATCCTGGTC,test,RPL8A,13.4728307722617,-0.12715879082679749
RPL8A_1990,CCGACGCAAACAAATTGGAAAAACCAACGCAAAAAAAAAAAGACGCTAAATTGTTTATAAAGGCGAGGAATTTGTATCTATCAATTACTATTCCAGTTGTCAGTTTACATTGCTTACCCTCTATTATCACATCAAAACAAACCAGCAAAA,ATGGTGAGCAAGGGCGAGGAGCTGTTCACCGGGGTGGTGCCCATCCTGGTC,test,RPL8A,12.6748913980394,0.02632942982017994
RPL8A_1991,CCGACGCAAACAAATTGGAAAAACCAACGCAAAAAAAAAAAGACGCTAAATTGTTTATAAAGGCGAGGAATTTGTATCTATCAATTACTATTCCAGTTGTCAGTTTACATTGCTTACCCTCTATTATCACATCAAAACAAAAGGCCAAAA,ATGGTGAGCAAGGGCGAGGAGCTGTTCACCGGGGTGGTGCCCATCCTGGTC,test,RPL8A,10.9736628364225,-0.35504159331321716
RPL8A_1992,CCGACGCAAACAAATTGGAAAAACCAACGCAAAAAAAAAAAGACGCTAAATTGTTTATAAAGGCGAGGAATTTGTATCTATCAATTACTATTCCAGTTGTCAGTTTACATTGCTTACCCTCTATTATCACATCAAAACAAGAGCCCAAAA,ATGGTGAGCAAGGGCGAGGAGCTGTTCACCGGGGTGGTGCCCATCCTGGTC,test,RPL8A,12.7414168073108,-0.19153371453285217
RPL8A_1993,CCGACGCAAACAAATTGGAAAAACCAACGCAAAAAAAAAAAGACGCTAAATTGTTTATAAAGGCGAGGAATTTGTATCTATCAATTACTATTCCAGTTGTCAGTTTACATTGCTTACCCTCTATTATCACATCAAAACAAGCCCCCAAAA,ATGGTGAGCAAGGGCGAGGAGCTGTTCACCGGGGTGGTGCCCATCCTGGTC,test,RPL8A,12.7551372267609,-0.08701301366090775
RPL8A_1994,CCGACGCAAACAAATTGGAAAAACCAACGCAAAAAAAAAAAGACGCTAAATTGTTTATAAAGGCGAGGAATTTGTATCTATCAATTACTATTCCAGTTGTCAGTTTACATTGCTTACCCTCTATTATCACATCAAAACAACACCCCAAAA,ATGGTGAGCAAGGGCGAGGAGCTGTTCACCGGGGTGGTGCCCATCCTGGTC,test,RPL8A,10.4652550922475,-0.22823601961135864
RPL8A_1995,CCGACGCAAACAAATTGGAAAAACCAACGCAAAAAAAAAAAGACGCTAAATTGTTTATAAAGGCGAGGAATTTGTATCTATCAATTACTATTCCAGTTGTCAGTTTACATTGCTTACCCTCTATTATCACATCAAAACAACCACCCAAAA,ATGGTGAGCAAGGGCGAGGAGCTGTTCACCGGGGTGGTGCCCATCCTGGTC,test,RPL8A,10.7241326849544,-0.21646568179130554
RPL8A_1996,CCGACGCAAACAAATTGGAAAAACCAACGCAAAAAAAAAAAGACGCTAAATTGTTTATAAAGGCGAGGAATTTGTATCTATCAATTACTATTCCAGTTGTCAGTTTACATTGCTTACCCTCTATTATCACATCAAAACAAAAACCCAAAA,ATGGTGAGCAAGGGCGAGGAGCTGTTCACCGGGGTGGTGCCCATCCTGGTC,test,RPL8A,12.7356288132011,-0.24784502387046814
RPL8A_1997,CCGACGCAAACAAATTGGAAAAACCAACGCAAAAAAAAAAAGACGCTAAATTGTTTATAAAGGCGAGGAATTTGTATCTATCAATTACTATTCCAGTTGTCAGTTTACATTGCTTACCCTCTATTATCACATCAAAACAATGAACCAAAA,ATGGTGAGCAAGGGCGAGGAGCTGTTCACCGGGGTGGTGCCCATCCTGGTC,test,RPL8A,3.53117539165621,-0.11395374685525894
RPL8A_1998,CCGACGCAAACAAATTGGAAAAACCAACGCAAAAAAAAAAAGACGCTAAATTGTTTATAAAGGCGAGGAATTTGTATCTATCAATTACTATTCCAGTTGTCAGTTTACATTGCTTACCCTCTATTATCACATCAAAACAAAGAACCAAAA,ATGGTGAGCAAGGGCGAGGAGCTGTTCACCGGGGTGGTGCCCATCCTGGTC,test,RPL8A,12.2035581114262,-0.11232937127351761
RPL8A_1999,CCGACGCAAACAAATTGGAAAAACCAACGCAAAAAAAAAAAGACGCTAAATTGTTTATAAAGGCGAGGAATTTGTATCTATCAATTACTATTCCAGTTGTCAGTTTACATTGCTTACCCTCTATTATCACATCAAAACAAGCTGACAAAA,ATGGTGAGCAAGGGCGAGGAGCTGTTCACCGGGGTGGTGCCCATCCTGGTC,test,RPL8A,11.8048569368646,-0.3845694065093994
RPL8A_2000,CCGACGCAAACAAATTGGAAAAACCAACGCAAAAAAAAAAAGACGCTAAATTGTTTATAAAGGCGAGGAATTTGTATCTATCAATTACTATTCCAGTTGTCAGTTTACATTGCTTACCCTCTATTATCACATCAAAACAACACCACAAAA,ATGGTGAGCAAGGGCGAGGAGCTGTTCACCGGGGTGGTGCCCATCCTGGTC,test,RPL8A,9.08098822720345,-0.1352047324180603
RPL8A_2001,CCGACGCAAACAAATTGGAAAAACCAACGCAAAAAAAAAAAGACGCTAAATTGTTTATAAAGGCGAGGAATTTGTATCTATCAATTACTATTCCAGTTGTCAGTTTACATTGCTTACCCTCTATTATCACATCAAAACAAAACCACAAAA,ATGGTGAGCAAGGGCGAGGAGCTGTTCACCGGGGTGGTGCCCATCCTGGTC,test,RPL8A,12.343696147471,-0.1582309901714325
RPL8A_2002,CCGACGCAAACAAATTGGAAAAACCAACGCAAAAAAAAAAAGACGCTAAATTGTTTATAAAGGCGAGGAATTTGTATCTATCAATTACTATTCCAGTTGTCAGTTTACATTGCTTACCCTCTATTATCACATCAAAACAAACACACAAAA,ATGGTGAGCAAGGGCGAGGAGCTGTTCACCGGGGTGGTGCCCATCCTGGTC,test,RPL8A,11.8017689551383,-0.48135578632354736
RPL8A_2003,CCGACGCAAACAAATTGGAAAAACCAACGCAAAAAAAAAAAGACGCTAAATTGTTTATAAAGGCGAGGAATTTGTATCTATCAATTACTATTCCAGTTGTCAGTTTACATTGCTTACCCTCTATTATCACATCAAAACAAGGGAACAAAA,ATGGTGAGCAAGGGCGAGGAGCTGTTCACCGGGGTGGTGCCCATCCTGGTC,test,RPL8A,12.7160228928867,-0.10297977179288864
RPL8A_2004,CCGACGCAAACAAATTGGAAAAACCAACGCAAAAAAAAAAAGACGCTAAATTGTTTATAAAGGCGAGGAATTTGTATCTATCAATTACTATTCCAGTTGTCAGTTTACATTGCTTACCCTCTATTATCACATCAAAACAAAACAACAAAA,ATGGTGAGCAAGGGCGAGGAGCTGTTCACCGGGGTGGTGCCCATCCTGGTC,test,RPL8A,13.3311634496703,-0.009169749915599823
RPL8A_2005,CCGACGCAAACAAATTGGAAAAACCAACGCAAAAAAAAAAAGACGCTAAATTGTTTATAAAGGCGAGGAATTTGTATCTATCAATTACTATTCCAGTTGTCAGTTTACATTGCTTACCCTCTATTATCACATCAAAACAACCAAACAAAA,ATGGTGAGCAAGGGCGAGGAGCTGTTCACCGGGGTGGTGCCCATCCTGGTC,test,RPL8A,11.8955898077266,-0.0154525525867939
RPL8A_2006,CCGACGCAAACAAATTGGAAAAACCAACGCAAAAAAAAAAAGACGCTAAATTGTTTATAAAGGCGAGGAATTTGTATCTATCAATTACTATTCCAGTTGTCAGTTTACATTGCTTACCCTCTATTATCACATCAAAACAACCCGTAAAAA,ATGGTGAGCAAGGGCGAGGAGCTGTTCACCGGGGTGGTGCCCATCCTGGTC,test,RPL8A,11.6994419172664,-0.23647785186767578
RPL8A_2007,CCGACGCAAACAAATTGGAAAAACCAACGCAAAAAAAAAAAGACGCTAAATTGTTTATAAAGGCGAGGAATTTGTATCTATCAATTACTATTCCAGTTGTCAGTTTACATTGCTTACCCTCTATTATCACATCAAAACAACTACTAAAAA,ATGGTGAGCAAGGGCGAGGAGCTGTTCACCGGGGTGGTGCCCATCCTGGTC,test,RPL8A,12.4241791016905,-0.11171739548444748
RPL8A_2008,CCGACGCAAACAAATTGGAAAAACCAACGCAAAAAAAAAAAGACGCTAAATTGTTTATAAAGGCGAGGAATTTGTATCTATCAATTACTATTCCAGTTGTCAGTTTACATTGCTTACCCTCTATTATCACATCAAAACAAACCTGAAAAA,ATGGTGAGCAAGGGCGAGGAGCTGTTCACCGGGGTGGTGCCCATCCTGGTC,test,RPL8A,12.2078208453984,-0.1461675763130188
RPL8A_2009,CCGACGCAAACAAATTGGAAAAACCAACGCAAAAAAAAAAAGACGCTAAATTGTTTATAAAGGCGAGGAATTTGTATCTATCAATTACTATTCCAGTTGTCAGTTTACATTGCTTACCCTCTATTATCACATCAAAACAAAACGGAAAAA,ATGGTGAGCAAGGGCGAGGAGCTGTTCACCGGGGTGGTGCCCATCCTGGTC,test,RPL8A,11.3301794359163,-0.35797935724258423
RPL8A_2010,CCGACGCAAACAAATTGGAAAAACCAACGCAAAAAAAAAAAGACGCTAAATTGTTTATAAAGGCGAGGAATTTGTATCTATCAATTACTATTCCAGTTGTCAGTTTACATTGCTTACCCTCTATTATCACATCAAAACAACAAGGAAAAA,ATGGTGAGCAAGGGCGAGGAGCTGTTCACCGGGGTGGTGCCCATCCTGGTC,test,RPL8A,13.2939614854874,0.042353130877017975
RPL8A_2011,CCGACGCAAACAAATTGGAAAAACCAACGCAAAAAAAAAAAGACGCTAAATTGTTTATAAAGGCGAGGAATTTGTATCTATCAATTACTATTCCAGTTGTCAGTTTACATTGCTTACCCTCTATTATCACATCAAAACAACAACGAAAAA,ATGGTGAGCAAGGGCGAGGAGCTGTTCACCGGGGTGGTGCCCATCCTGGTC,test,RPL8A,12.9571240927904,-0.09919101744890213
RPL8A_2012,CCGACGCAAACAAATTGGAAAAACCAACGCAAAAAAAAAAAGACGCTAAATTGTTTATAAAGGCGAGGAATTTGTATCTATCAATTACTATTCCAGTTGTCAGTTTACATTGCTTACCCTCTATTATCACATCAAAACAACGTAGAAAAA,ATGGTGAGCAAGGGCGAGGAGCTGTTCACCGGGGTGGTGCCCATCCTGGTC,test,RPL8A,13.3384696762602,0.04349292069673538
RPL8A_2013,CCGACGCAAACAAATTGGAAAAACCAACGCAAAAAAAAAAAGACGCTAAATTGTTTATAAAGGCGAGGAATTTGTATCTATCAATTACTATTCCAGTTGTCAGTTTACATTGCTTACCCTCTATTATCACATCAAAACAAAGAAGAAAAA,ATGGTGAGCAAGGGCGAGGAGCTGTTCACCGGGGTGGTGCCCATCCTGGTC,test,RPL8A,14.158809285746,-0.1317189335823059
RPL8A_2014,CCGACGCAAACAAATTGGAAAAACCAACGCAAAAAAAAAAAGACGCTAAATTGTTTATAAAGGCGAGGAATTTGTATCTATCAATTACTATTCCAGTTGTCAGTTTACATTGCTTACCCTCTATTATCACATCAAAACAAATCTCAAAAA,ATGGTGAGCAAGGGCGAGGAGCTGTTCACCGGGGTGGTGCCCATCCTGGTC,test,RPL8A,12.1399742948249,-0.07675763219594955
RPL8A_2015,CCGACGCAAACAAATTGGAAAAACCAACGCAAAAAAAAAAAGACGCTAAATTGTTTATAAAGGCGAGGAATTTGTATCTATCAATTACTATTCCAGTTGTCAGTTTACATTGCTTACCCTCTATTATCACATCAAAACAAAAATCAAAAA,ATGGTGAGCAAGGGCGAGGAGCTGTTCACCGGGGTGGTGCCCATCCTGGTC,test,RPL8A,13.0298510437458,-0.2679750323295593
RPL8A_2016,CCGACGCAAACAAATTGGAAAAACCAACGCAAAAAAAAAAAGACGCTAAATTGTTTATAAAGGCGAGGAATTTGTATCTATCAATTACTATTCCAGTTGTCAGTTTACATTGCTTACCCTCTATTATCACATCAAAACAAACGGCAAAAA,ATGGTGAGCAAGGGCGAGGAGCTGTTCACCGGGGTGGTGCCCATCCTGGTC,test,RPL8A,11.3798453197637,-0.19418039917945862
RPL8A_2017,CCGACGCAAACAAATTGGAAAAACCAACGCAAAAAAAAAAAGACGCTAAATTGTTTATAAAGGCGAGGAATTTGTATCTATCAATTACTATTCCAGTTGTCAGTTTACATTGCTTACCCTCTATTATCACATCAAAACAAACAGCAAAAA,ATGGTGAGCAAGGGCGAGGAGCTGTTCACCGGGGTGGTGCCCATCCTGGTC,test,RPL8A,13.691300541984,-0.15115970373153687
RPL8A_2018,CCGACGCAAACAAATTGGAAAAACCAACGCAAAAAAAAAAAGACGCTAAATTGTTTATAAAGGCGAGGAATTTGTATCTATCAATTACTATTCCAGTTGTCAGTTTACATTGCTTACCCTCTATTATCACATCAAAACAACAGCCAAAAA,ATGGTGAGCAAGGGCGAGGAGCTGTTCACCGGGGTGGTGCCCATCCTGGTC,test,RPL8A,3.43832769668827,-0.13200944662094116
RPL8A_2019,CCGACGCAAACAAATTGGAAAAACCAACGCAAAAAAAAAAAGACGCTAAATTGTTTATAAAGGCGAGGAATTTGTATCTATCAATTACTATTCCAGTTGTCAGTTTACATTGCTTACCCTCTATTATCACATCAAAACAAACCCCAAAAA,ATGGTGAGCAAGGGCGAGGAGCTGTTCACCGGGGTGGTGCCCATCCTGGTC,test,RPL8A,11.6049106235694,-0.24886441230773926
RPL8A_2020,CCGACGCAAACAAATTGGAAAAACCAACGCAAAAAAAAAAAGACGCTAAATTGTTTATAAAGGCGAGGAATTTGTATCTATCAATTACTATTCCAGTTGTCAGTTTACATTGCTTACCCTCTATTATCACATCAAAACAAAACCCAAAAA,ATGGTGAGCAAGGGCGAGGAGCTGTTCACCGGGGTGGTGCCCATCCTGGTC,test,RPL8A,11.7650080612277,-0.1326354742050171
RPL8A_2021,CCGACGCAAACAAATTGGAAAAACCAACGCAAAAAAAAAAAGACGCTAAATTGTTTATAAAGGCGAGGAATTTGTATCTATCAATTACTATTCCAGTTGTCAGTTTACATTGCTTACCCTCTATTATCACATCAAAACAACCACCAAAAA,ATGGTGAGCAAGGGCGAGGAGCTGTTCACCGGGGTGGTGCCCATCCTGGTC,test,RPL8A,9.3946306481866,-0.22456330060958862
RPL8A_2022,CCGACGCAAACAAATTGGAAAAACCAACGCAAAAAAAAAAAGACGCTAAATTGTTTATAAAGGCGAGGAATTTGTATCTATCAATTACTATTCCAGTTGTCAGTTTACATTGCTTACCCTCTATTATCACATCAAAACAACCGACAAAAA,ATGGTGAGCAAGGGCGAGGAGCTGTTCACCGGGGTGGTGCCCATCCTGGTC,test,RPL8A,6.53531292863621,-0.39595258235931396
RPL8A_2023,CCGACGCAAACAAATTGGAAAAACCAACGCAAAAAAAAAAAGACGCTAAATTGTTTATAAAGGCGAGGAATTTGTATCTATCAATTACTATTCCAGTTGTCAGTTTACATTGCTTACCCTCTATTATCACATCAAAACAACCCACAAAAA,ATGGTGAGCAAGGGCGAGGAGCTGTTCACCGGGGTGGTGCCCATCCTGGTC,test,RPL8A,11.9449788164735,-0.19338971376419067
RPL8A_2024,CCGACGCAAACAAATTGGAAAAACCAACGCAAAAAAAAAAAGACGCTAAATTGTTTATAAAGGCGAGGAATTTGTATCTATCAATTACTATTCCAGTTGTCAGTTTACATTGCTTACCCTCTATTATCACATCAAAACAAGACACAAAAA,ATGGTGAGCAAGGGCGAGGAGCTGTTCACCGGGGTGGTGCCCATCCTGGTC,test,RPL8A,9.9637084760858,-0.3227480947971344
RPL8A_2025,CCGACGCAAACAAATTGGAAAAACCAACGCAAAAAAAAAAAGACGCTAAATTGTTTATAAAGGCGAGGAATTTGTATCTATCAATTACTATTCCAGTTGTCAGTTTACATTGCTTACCCTCTATTATCACATCAAAACAAGCAACAAAAA,ATGGTGAGCAAGGGCGAGGAGCTGTTCACCGGGGTGGTGCCCATCCTGGTC,test,RPL8A,12.5268891233366,-0.23620715737342834
RPL8A_2026,CCGACGCAAACAAATTGGAAAAACCAACGCAAAAAAAAAAAGACGCTAAATTGTTTATAAAGGCGAGGAATTTGTATCTATCAATTACTATTCCAGTTGTCAGTTTACATTGCTTACCCTCTATTATCACATCAAAACAACCAACAAAAA,ATGGTGAGCAAGGGCGAGGAGCTGTTCACCGGGGTGGTGCCCATCCTGGTC,test,RPL8A,11.6580341635435,-0.139754980802536
RPL8A_2027,CCGACGCAAACAAATTGGAAAAACCAACGCAAAAAAAAAAAGACGCTAAATTGTTTATAAAGGCGAGGAATTTGTATCTATCAATTACTATTCCAGTTGTCAGTTTACATTGCTTACCCTCTATTATCACATCAAAACAACAAACAAAAA,ATGGTGAGCAAGGGCGAGGAGCTGTTCACCGGGGTGGTGCCCATCCTGGTC,test,RPL8A,12.8220579464035,-0.11114876717329025
RPL8A_2028,CCGACGCAAACAAATTGGAAAAACCAACGCAAAAAAAAAAAGACGCTAAATTGTTTATAAAGGCGAGGAATTTGTATCTATCAATTACTATTCCAGTTGTCAGTTTACATTGCTTACCCTCTATTATCACATCAAAACAAAAAACAAAAA,ATGGTGAGCAAGGGCGAGGAGCTGTTCACCGGGGTGGTGCCCATCCTGGTC,test,RPL8A,13.0136528514576,-0.14209678769111633
RPL8A_2029,CCGACGCAAACAAATTGGAAAAACCAACGCAAAAAAAAAAAGACGCTAAATTGTTTATAAAGGCGAGGAATTTGTATCTATCAATTACTATTCCAGTTGTCAGTTTACATTGCTTACCCTCTATTATCACATCAAAACAACGGGAAAAAA,ATGGTGAGCAAGGGCGAGGAGCTGTTCACCGGGGTGGTGCCCATCCTGGTC,test,RPL8A,10.0781511593301,-0.12853601574897766
RPL8A_2030,CCGACGCAAACAAATTGGAAAAACCAACGCAAAAAAAAAAAGACGCTAAATTGTTTATAAAGGCGAGGAATTTGTATCTATCAATTACTATTCCAGTTGTCAGTTTACATTGCTTACCCTCTATTATCACATCAAAACAACCCGAAAAAA,ATGGTGAGCAAGGGCGAGGAGCTGTTCACCGGGGTGGTGCCCATCCTGGTC,test,RPL8A,12.2013416796184,-0.26996803283691406
RPL8A_2031,CCGACGCAAACAAATTGGAAAAACCAACGCAAAAAAAAAAAGACGCTAAATTGTTTATAAAGGCGAGGAATTTGTATCTATCAATTACTATTCCAGTTGTCAGTTTACATTGCTTACCCTCTATTATCACATCAAAACAACATCAAAAAA,ATGGTGAGCAAGGGCGAGGAGCTGTTCACCGGGGTGGTGCCCATCCTGGTC,test,RPL8A,11.4994888088271,-0.1467076539993286
RPL8A_2032,CCGACGCAAACAAATTGGAAAAACCAACGCAAAAAAAAAAAGACGCTAAATTGTTTATAAAGGCGAGGAATTTGTATCTATCAATTACTATTCCAGTTGTCAGTTTACATTGCTTACCCTCTATTATCACATCAAAACAAGCGCAAAAAA,ATGGTGAGCAAGGGCGAGGAGCTGTTCACCGGGGTGGTGCCCATCCTGGTC,test,RPL8A,13.1473717166859,-0.10609463602304459
RPL8A_2033,CCGACGCAAACAAATTGGAAAAACCAACGCAAAAAAAAAAAGACGCTAAATTGTTTATAAAGGCGAGGAATTTGTATCTATCAATTACTATTCCAGTTGTCAGTTTACATTGCTTACCCTCTATTATCACATCAAAACAACGCCAAAAAA,ATGGTGAGCAAGGGCGAGGAGCTGTTCACCGGGGTGGTGCCCATCCTGGTC,test,RPL8A,8.17120279708185,-0.10696534067392349
RPL8A_2034,CCGACGCAAACAAATTGGAAAAACCAACGCAAAAAAAAAAAGACGCTAAATTGTTTATAAAGGCGAGGAATTTGTATCTATCAATTACTATTCCAGTTGTCAGTTTACATTGCTTACCCTCTATTATCACATCAAAACAAAGCCAAAAAA,ATGGTGAGCAAGGGCGAGGAGCTGTTCACCGGGGTGGTGCCCATCCTGGTC,test,RPL8A,11.0019882845639,-0.10565092414617538
RPL8A_2035,CCGACGCAAACAAATTGGAAAAACCAACGCAAAAAAAAAAAGACGCTAAATTGTTTATAAAGGCGAGGAATTTGTATCTATCAATTACTATTCCAGTTGTCAGTTTACATTGCTTACCCTCTATTATCACATCAAAACAAAACCAAAAAA,ATGGTGAGCAAGGGCGAGGAGCTGTTCACCGGGGTGGTGCCCATCCTGGTC,test,RPL8A,11.0626953034392,-0.21196138858795166
RPL8A_2036,CCGACGCAAACAAATTGGAAAAACCAACGCAAAAAAAAAAAGACGCTAAATTGTTTATAAAGGCGAGGAATTTGTATCTATCAATTACTATTCCAGTTGTCAGTTTACATTGCTTACCCTCTATTATCACATCAAAACAACCGAAAAAAA,ATGGTGAGCAAGGGCGAGGAGCTGTTCACCGGGGTGGTGCCCATCCTGGTC,test,RPL8A,10.9273310090814,-0.2728031873703003
RPL8A_2037,CCGACGCAAACAAATTGGAAAAACCAACGCAAAAAAAAAAAGACGCTAAATTGTTTATAAAGGCGAGGAATTTGTATCTATCAATTACTATTCCAGTTGTCAGTTTACATTGCTTACCCTCTATTATCACATCAAAACAAATCAAAAAAA,ATGGTGAGCAAGGGCGAGGAGCTGTTCACCGGGGTGGTGCCCATCCTGGTC,test,RPL8A,12.8472066658757,-0.10945297032594681
RPL8A_2038,CCGACGCAAACAAATTGGAAAAACCAACGCAAAAAAAAAAAGACGCTAAATTGTTTATAAAGGCGAGGAATTTGTATCTATCAATTACTATTCCAGTTGTCAGTTTACATTGCTTACCCTCTATTATCACATCAAAACAAACCAAAAAAA,ATGGTGAGCAAGGGCGAGGAGCTGTTCACCGGGGTGGTGCCCATCCTGGTC,test,RPL8A,11.6637183962951,-0.11732394248247147
RPL8A_2039,CCGACGCAAACAAATTGGAAAAACCAACGCAAAAAAAAAAAGACGCTAAATTGTTTATAAAGGCGAGGAATTTGTATCTATCAATTACTATTCCAGTTGTCAGTTTACATTGCTTACCCTCTATTATCACATCAAAACAAAACAAAAAAA,ATGGTGAGCAAGGGCGAGGAGCTGTTCACCGGGGTGGTGCCCATCCTGGTC,test,RPL8A,10.9630252707814,-0.13650909066200256
RPL8A_2040,CCGACGCAAACAAATTGGAAAAACCAACGCAAAAAAAAAAAGACGCTAAATTGTTTATAAAGGCGAGGAATTTGTATCTATCAATTACTATTCCAGTTGTCAGTTTACATTGCTTACCCTCTATTATCACATCAAAACAACAAAAAAAAA,ATGGTGAGCAAGGGCGAGGAGCTGTTCACCGGGGTGGTGCCCATCCTGGTC,test,RPL8A,12.8845249922376,-0.16779974102973938
